country,source,state,timezone,lat,lon,elevation,Temperature Units,Azimuth Units,Cloud Opacity Units,Dew Point Units,DHI Units,DNI Units,EBH Units,GHI Units,Snow Depth Units,Pressure Units,Wind Direction Units,Wind Speed Units,Zenith Units
Australia,Solcast https://solcast.com,Burnie,7,-24.166802,119.443359,0,deg C,degree,%,deg C,W/m2,W/m2,W/m2,W/m2,cm,mbar,degree,m/s,degree
Year,Month,Day,Hour,Minute,Temperature,Azimuth,Cloud Opacity,Dew Point,DHI,DNI,EBH,GHI,Snow Depth,Pressure,Wind Direction,Wind Speed,Zenith,,
2019,1,1,0,0,32.2,-155,0,2.2,0,0,0,0,0,939.5,33.5315586327689,7.29080447074918,128,,
2019,1,1,1,0,31.2,-141,0,2.8,0,0,0,0,0,939.6,264.781593986748,3.94618148683443,121,,
2019,1,1,2,0,30.4,-130,0,3.2,0,0,0,0,0,940,280.24832076693,5.33511692263829,111,,
2019,1,1,3,0,29.6,-121,0,3.6,0,0,0,0,0,940.4,281.111699031366,4.6615849332142,100,,
2019,1,1,4,0,30.4,-115,1.6,3.7,17,0,14,0,0,940.9,290.067015130093,3.85929001155021,88,,
2019,1,1,5,0,33,-109,1.7,3.4,66,0,154,0,0,941.5,298.534811177615,3.55709027272025,75,,
2019,1,1,6,0,35.6,-104,0,3.2,83,0,382,0,0,942.1,293.503450569775,3.76124332436585,62,,
2019,1,1,7,0,37.7,-100,0,3.7,98,0,595,0,0,942.2,285.779244659974,2.02552447604807,49,,
2019,1,1,8,0,39.4,-96,0,5,108,566.87,778,132.04,0,941.9,336.21962815698,1.3659741279037,35,,
2019,1,1,9,0,41.1,-92,0,6.3,113,815.52,912,373.59,0,941.5,345.316710710712,1.679861380128,22,,
2019,1,1,10,0,42.3,-81,0,6.7,110,925.26,991,615.47,0,941,349.932751991469,2.43589635988015,8,,
2019,1,1,11,0,43,71,0,6,111,983.37,995,827.84,0,940.3,280.493928290473,4.67579358400177,6,,
2019,1,1,12,0,43.7,91,0,5.4,110,1017.07,928,993.15,0,939.6,252.296647209228,9.28740448019753,20,,
2019,1,1,13,0,43.9,96,1,5,120,662.93,778,979.12,0,939.1,252.563759056082,11.8366438812993,33,,
2019,1,1,14,0,43.5,100,19.9,4.7,275,666.58,309,1005.22,0,938.9,260.750801611243,10.3057723233404,47,,
2019,1,1,15,0,43.2,104,53.4,4.5,231,536.96,0,885.72,0,938.7,273.740818886961,8.61594447181865,60,,
2019,1,1,16,0,42.6,108,60.1,4.5,105,123.35,0,256.87,0,938.8,252.611532304588,11.0560607023562,73,,
2019,1,1,17,0,41.8,114,30.7,4.9,21,47.37,1,333.04,0,939.2,290.172012512536,13.7533266412019,86,,
2019,1,1,18,0,41,120,16,5.2,0,171.16,0,453.46,0,939.6,308.772579360719,8.29594268000565,98,,
2019,1,1,19,0,39.9,128,0.9,5.7,0,222.12,0,258.35,0,939.9,306.604965594743,5.96029292166076,110,,
2019,1,1,20,0,38.3,139,0,6.4,0,45.59,0,44.83,0,940.1,319.86520920544,3.31539488696624,120,,
2019,1,1,21,0,36.8,152,0,7.1,0,0,0,0,0,940.3,347.323290358219,3.5792048416158,127,,
2019,1,1,22,0,35.5,169,0,6.9,0,0,0,0,0,940.3,350.693137807607,3.72001609498045,132,,
2019,1,1,23,0,34.6,-172,0,6,0,0,0,0,0,940.1,328.879092960872,3.70415440862098,132,,
2019,1,2,0,0,33.7,-155,0.1,5,0,0,0,0,0,939.9,303.855258130821,5.30698146149373,128,,
2019,1,2,1,0,32.8,-141,5.7,4.4,0,0,0,0,0,940,294.996540627157,6.66444929039345,121,,
2019,1,2,2,0,32,-130,7.2,4.1,0,0,0,0,0,940.3,301.443368790251,5.75092117243503,111,,
2019,1,2,3,0,31.2,-121,9,3.8,0,0,0,0,0,940.6,308.122587205341,5.46694998768092,100,,
2019,1,2,4,0,31.7,-115,3.8,4.3,19,0,9,0,0,940.9,327.611795052427,4.52868627783707,88,,
2019,1,2,5,0,33.4,-109,23.9,5.7,137,0,29,0,0,941.3,334.762546020044,5.27709830083502,75,,
2019,1,2,6,0,35.2,-104,25.8,7.1,258,0,92,0,0,941.7,330.308017754792,3.68273588722086,62,,
2019,1,2,7,0,37,-100,22.3,6.3,350,0,192,0,0,941.7,351.77567768721,4.36912965171435,49,,
2019,1,2,8,0,38.8,-96,11.1,3.5,286,0,512,40.17,0,941.3,344.277422477511,4.69921234386742,35,,
2019,1,2,9,0,40.7,-92,8,0.7,269,111.77,687,53.01,0,940.9,355.510732512978,5.08981122795301,22,,
2019,1,2,10,0,42.1,-80,18.7,-0.7,472,12.23,437,225.85,0,940.4,19.2879881957431,4.316478748529,8,,
2019,1,2,11,0,43.1,69,8.7,-0.7,303,92.52,723,253.93,0,939.7,10.2908115750081,2.66791691321933,6,,
2019,1,2,12,0,44.1,91,16.8,-0.6,431,88.82,448,411.09,0,939.1,300.960852089698,6.1355232639373,19,,
2019,1,2,13,0,44.4,96,5.6,-0.5,203,1025.98,670,1088.04,0,938.5,289.891045816772,9.48353718503505,33,,
2019,1,2,14,0,44,100,2.3,-0.2,122,655.83,598,998.26,0,938.2,315.028155511218,5.78633385125538,47,,
2019,1,2,15,0,43.7,104,19,0,222,643.07,189,960.86,0,937.8,343.460572465312,5.91239254736097,60,,
2019,1,2,16,0,42.8,108,21.4,1,145,553.32,61,846.65,0,937.9,59.3151590349099,2.8713236417922,73,,
2019,1,2,17,0,41.4,114,7.9,2.6,33,431.79,10,676.57,0,938.4,80.6124350413894,5.98735500567493,86,,
2019,1,2,18,0,40,120,0.2,4.3,0,386.79,0,490.22,0,939,89.6268477838487,8.92270813640548,98,,
2019,1,2,19,0,38.5,128,24,4.3,0,291.48,0,272.54,0,939.5,113.560508123066,5.90329922603927,110,,
2019,1,2,20,0,36.9,139,25.4,2.7,0,110.62,0,50.65,0,940,136.866487451274,6.51447727216998,120,,
2019,1,2,21,0,35.4,152,24,1,0,0,0,0,0,940.4,131.435066037085,8.03433605141537,127,,
2019,1,2,22,0,34,169,1.2,0,0,0,0,0,0,940.6,124.518184763426,8.05920046618407,132,,
2019,1,2,23,0,32.9,-172,0,-0.5,0,0,0,0,0,940.6,136.137317148192,7.26581619047578,132,,
2019,1,3,0,0,31.7,-155,0,-1,0,0,0,0,0,940.6,164.34527964244,6.32413677827561,128,,
2019,1,3,1,0,30.7,-141,0,-1.2,0,0,0,0,0,940.9,149.626996462043,5.39252614065893,121,,
2019,1,3,2,0,29.9,-130,0,-1.2,0,0,0,0,0,941.5,132.436229788535,5.92795285068969,111,,
2019,1,3,3,0,29.1,-121,0,-1.1,0,0,0,0,0,942.1,126.28065277943,6.75971407372966,100,,
2019,1,3,4,0,29.6,-115,5.6,-1.2,20,0,7,0,0,942.6,120.30935699582,7.0359125099847,88,,
2019,1,3,5,0,31.4,-109,27.2,-1.3,135,0,28,0,0,943,124.596532719884,6.16420818463727,75,,
2019,1,3,6,0,33.2,-104,12.5,-1.4,174,0,236,0,0,943.4,138.82028441248,6.34212957789602,62,,
2019,1,3,7,0,35.2,-100,22.6,-1.4,345,0,191,0,0,943.4,124.811210500203,6.69884118039206,49,,
2019,1,3,8,0,37.3,-96,24.3,-1.1,450,122.95,226,52,0,943,139.045628450574,5.98940812652945,36,,
2019,1,3,9,0,39.5,-92,14.1,-0.9,364,0,524,96.19,0,942.7,135.947210741692,4.17420647699927,22,,
2019,1,3,10,0,41.1,-80,5.6,-0.4,222,82.73,828,419.99,0,942.2,211.399955319058,7.37715908211235,8,,
2019,1,3,11,0,42.1,67,5.9,0.3,235,427.67,818,676.76,0,941.6,213.819394259347,9.11679241038006,6,,
2019,1,3,12,0,43.1,91,24.6,1,517,547.61,278,846.09,0,941,209.255166125442,10.2214933620031,19,,
2019,1,3,13,0,43.5,95,32.8,1.5,483,303.57,130,800.88,0,940.5,246.558721388599,6.25409785864571,33,,
2019,1,3,14,0,43.2,99,9.4,1.8,227,1029.85,435,1121.08,0,940.2,223.235288991031,8.16583804702164,47,,
2019,1,3,15,0,42.9,104,4.8,2.1,120,1024.99,363,1085.48,0,939.8,207.007981020332,5.49798357959228,60,,
2019,1,3,16,0,42.1,108,9.9,2.5,110,550.78,123,846.1,0,940,190.063412209021,8.36257355880908,73,,
2019,1,3,17,0,40.8,113,2.6,3.1,26,64.24,23,297.37,0,940.7,223.9207948786,14.9568241802071,86,,
2019,1,3,18,0,39.6,120,0,3.6,0,916.04,0,603.6,0,941.4,219.985008943019,15.1667811227077,98,,
2019,1,3,19,0,38.2,128,0,3.8,0,47.59,0,95.89,0,941.9,222.83550042329,14.0415386027901,110,,
2019,1,3,20,0,36.7,138,0,3.6,0,0,0,38.82,0,942.1,222.821978058805,12.5739260237299,120,,
2019,1,3,21,0,35.2,152,0,3.5,0,0,0,0,0,942.3,236.669713068944,13.5438930803596,127,,
2019,1,3,22,0,34,169,0,3.3,0,0,0,0,0,942.4,242.601495794977,12.0464569256889,132,,
2019,1,3,23,0,33,-172,0,3.2,0,0,0,0,0,942.2,248.178731226208,10.7718237098178,132,,
2019,1,4,0,0,32.1,-155,0,3.1,0,0,0,0,0,942,244.193826070729,7.92320933528142,128,,
2019,1,4,1,0,31.3,-141,0,3.1,0,0,0,0,0,942.2,228.534792846048,6.27096262872329,121,,
2019,1,4,2,0,30.6,-130,0,3.1,0,0,0,0,0,942.7,205.146550658136,6.35201997123963,112,,
2019,1,4,3,0,29.9,-121,0,3.2,0,0,0,0,0,943.2,188.297144969837,6.06346641781745,100,,
2019,1,4,4,0,30.2,-114,6.6,3.2,19,0,5,0,0,943.6,184.520483528465,6.3439303217313,88,,
2019,1,4,5,0,31.5,-109,31.5,3.1,136,0,8,0,0,944.1,170.853339309732,5.82405473043244,76,,
2019,1,4,6,0,32.7,-104,44.4,3.1,237,0,20,0,0,944.5,163.53998518796,5.73503487347723,62,,
2019,1,4,7,0,34.4,-100,23.6,3.3,353,0,173,0,0,944.6,148.505691788417,6.36314616596684,49,,
2019,1,4,8,0,36.6,-96,17.1,3.8,369,551.46,363,124.46,0,944.4,160.559965171824,6.76040864149498,36,,
2019,1,4,9,0,38.7,-91,3.6,4.3,190,803.38,798,363.08,0,944.1,150.371122582817,6.47112652236071,22,,
2019,1,4,10,0,40.2,-79,10.9,4.4,345,0,636,281.99,0,943.7,163.672907837192,6.85045778032349,8,,
2019,1,4,11,0,41.3,66,10.2,4.1,341,968.75,653,812.06,0,943,174.130810524095,6.60883962458065,6,,
2019,1,4,12,0,42.3,90,44.5,3.9,502,1002.1,81,976.3,0,942.3,172.60381556597,7.58651329089161,19,,
2019,1,4,13,0,42.6,95,47.6,3.9,401,490.25,69,862.03,0,941.8,189.78716435547,7.92750898153276,33,,
2019,1,4,14,0,42.1,99,41.6,4.3,360,473.28,70,896.78,0,941.6,187.496444272803,6.49668067796789,47,,
2019,1,4,15,0,41.7,103,44.3,4.6,260,28.71,24,425.66,0,941.4,182.664153551012,7.98121374639717,60,,
2019,1,4,16,0,40.6,108,44,5.7,141,42.85,0,517.77,0,941.8,175.989951190864,7.54185547209492,73,,
2019,1,4,17,0,39.1,113,18.6,7.3,31,101.39,2,76.38,0,942.8,163.745072724847,4.45132992008105,86,,
2019,1,4,18,0,37.5,120,0.2,9,0,3.68,0,317.99,0,943.8,175.933861132816,8.42764751731629,98,,
2019,1,4,19,0,36.1,128,22.2,9.9,0,0,0,99.69,0,944.6,151.267757906802,7.8495068033382,110,,
2019,1,4,20,0,34.9,138,25.7,10.1,0,0,0,31.16,0,945,172.348532021945,18.9217583130965,120,,
2019,1,4,21,0,33.6,152,23.3,10.2,0,0,0,0,0,945.5,176.578070776009,21.7258680588455,127,,
2019,1,4,22,0,32.6,169,15.6,10.2,0,0,0,0,0,945.6,180.302379631081,21.5390405015627,132,,
2019,1,4,23,0,31.8,-173,9.7,10.1,0,0,0,0,0,945.5,184.520888009216,17.8013647925477,132,,
2019,1,5,0,0,31,-155,5.8,10,0,0,0,0,0,945.3,186.362070010776,13.3321058513959,129,,
2019,1,5,1,0,30.3,-141,0.2,9.8,0,0,0,0,0,945.4,181.049072577744,11.0994477402961,121,,
2019,1,5,2,0,29.7,-130,0,9.6,0,0,0,0,0,945.7,186.672967318413,10.3199113588687,112,,
2019,1,5,3,0,29.1,-121,0,9.4,0,0,0,0,0,946.1,178.925689505996,9.37664823554409,101,,
2019,1,5,4,0,29.3,-114,0.6,9.2,16,0,7,0,0,946.6,168.983370048263,9.42366149300099,88,,
2019,1,5,5,0,30.3,-109,1.1,9.1,77,0,118,0,0,947.4,163.656814680104,9.50923516200261,76,,
2019,1,5,6,0,31.4,-104,0,9.1,113,0,320,0,0,948.2,161.699178975265,9.4794619110006,63,,
2019,1,5,7,0,32.7,-100,8.6,8.8,242,0,357,0,0,948.4,149.976081467724,10.7422336892321,49,,
2019,1,5,8,0,34.4,-96,15.2,8.3,382,2.47,345,38.03,0,948,149.314560049131,9.65230017233758,36,,
2019,1,5,9,0,36,-91,8.1,7.8,313,0,607,124.16,0,947.6,146.504208099518,10.5534549584985,22,,
2019,1,5,10,0,37.5,-79,8.2,7.4,316,67.07,677,156.63,0,947.1,147.313347352288,11.9419760454181,9,,
2019,1,5,11,0,38.8,64,10.4,7.1,354,111.71,623,84.22,0,946.3,145.666137661624,11.5660061606276,6,,
2019,1,5,12,0,40.2,90,8.5,6.9,307,33.39,631,29.59,0,945.6,154.702045406129,12.1668252425147,19,,
2019,1,5,13,0,40.7,95,9.8,6.7,288,0,524,63.55,0,945.1,153.451110380596,12.7509830293993,33,,
2019,1,5,14,0,40.5,99,9,6.5,229,9.12,422,184.11,0,944.8,160.743264447744,16.4639135232669,46,,
2019,1,5,15,0,40.3,103,18.9,6.4,236,48.05,157,128.61,0,944.5,161.817681545498,14.5218840159666,60,,
2019,1,5,16,0,39.4,108,14.8,6.4,135,68.94,78,79.95,0,944.7,157.086045734859,12.5105949484827,73,,
2019,1,5,17,0,38.1,113,21.4,6.4,35,102.69,4,77.46,0,945.5,155.928871537669,12.5652649570571,86,,
2019,1,5,18,0,36.7,120,5.6,6.5,0,59.2,0,155.61,0,946.3,174.269097676236,18.7769607483098,98,,
2019,1,5,19,0,35.4,128,22.7,6.2,0,96.28,0,251.86,0,946.9,175.429322751692,20.3413666245286,110,,
2019,1,5,20,0,34.2,138,25.8,5.7,0,0,0,35.56,0,947.2,179.817461612635,23.2888587372948,120,,
2019,1,5,21,0,32.9,152,27.1,5.3,0,0,0,0,0,947.5,183.619051626304,23.4564963869511,127,,
2019,1,5,22,0,31.9,169,2.2,4.7,0,0,0,0,0,947.5,188.613021276593,17.3986971373087,132,,
2019,1,5,23,0,31.1,-173,1,3.9,0,0,0,0,0,947.2,191.232886548298,14.0177959113571,133,,
2019,1,6,0,0,30.4,-155,0.3,3.2,0,0,0,0,0,947,186.500912589476,11.3537017875511,129,,
2019,1,6,1,0,29.7,-141,30.5,2.4,0,0,0,0,0,947,183.053881237528,10.3388782405089,121,,
2019,1,6,2,0,29,-130,30.6,1.5,0,0,0,0,0,947.1,165.236550892374,8.73765954137878,112,,
2019,1,6,3,0,28.4,-121,19.4,0.6,0,0,0,0,0,947.3,148.848817931026,8.41218853651914,101,,
2019,1,6,4,0,28.8,-114,31.3,0.7,15,0,0,0,0,947.6,139.412504152865,8.7238396847964,89,,
2019,1,6,5,0,30.1,-109,29.5,1.6,134,0,10,0,0,948.1,135.556252227081,9.10442886731507,76,,
2019,1,6,6,0,31.5,-104,17.9,2.5,227,0,133,0,0,948.5,132.797401838234,9.19918474648705,63,,
2019,1,6,7,0,33.2,-100,11.4,3.2,240,0,356,0,0,948.6,136.34720796788,8.22238918794169,49,,
2019,1,6,8,0,35.3,-96,3.1,3.6,190,0,645,40.87,0,948.2,135,8.1317279836453,36,,
2019,1,6,9,0,37.3,-91,0.7,4.1,165,43.21,831,218.69,0,947.8,129.911510009298,8.37744502912248,22,,
2019,1,6,10,0,38.8,-78,0.8,4.6,172,397.35,901,499.68,0,947.1,124.527727972943,9.04191032758405,9,,
2019,1,6,11,0,39.7,62,0,5,158,292.49,932,643.15,0,946.2,123.651745099241,9.69965267748219,6,,
2019,1,6,12,0,40.6,90,0,5.5,153,87.98,874,526.9,0,945.3,126.533879324684,10.9189009763183,19,,
2019,1,6,13,0,40.9,95,0.8,5.6,153,112.99,739,256.2,0,944.7,134.001557476074,11.2572664960117,33,,
2019,1,6,14,0,40.7,99,3.2,5.4,165,18.42,530,261.53,0,944.2,148.328037303012,12.8557899505202,46,,
2019,1,6,15,0,40.5,103,10.8,5.3,194,61.44,248,364.96,0,943.8,151.945265743211,13.2477851722433,60,,
2019,1,6,16,0,39.9,108,40.4,5.2,145,246.82,8,771.77,0,944.1,147.577334065004,12.87377441435,73,,
2019,1,6,17,0,39,113,5.2,5.2,32,980.76,13,822.49,0,944.9,147.71665368505,11.3801561574323,86,,
2019,1,6,18,0,38,119,0,5.3,0,393.16,0,498.01,0,945.7,169.646528377116,12.8692599339383,98,,
2019,1,6,19,0,36.8,127,0,4.7,0,247.69,0,269.71,0,946.3,187.600057225971,12.7564303072496,110,,
2019,1,6,20,0,35.4,138,0,3.5,0,119.84,0,52.98,0,946.5,185.433940000652,9.64899187625941,120,,
2019,1,6,21,0,34,152,0,2.4,0,0,0,0,0,946.7,184.549978120987,9.59713439505116,127,,
2019,1,6,22,0,32.8,169,0,1.1,0,0,0,0,0,946.7,187.005642845428,9.85906153617439,132,,
2019,1,6,23,0,31.9,-173,0,-0.3,0,0,0,0,0,946.4,185.168661976917,9.79384475613804,133,,
2019,1,7,0,0,31,-155,0,-1.8,0,0,0,0,0,946.1,179.085884913427,8.5913740880285,129,,
2019,1,7,1,0,30.2,-141,0,-2.6,0,0,0,0,0,946.2,187.316835430892,8.21934231910968,122,,
2019,1,7,2,0,29.4,-130,0,-2.9,0,0,0,0,0,946.5,166.937127186041,8.41700571670185,112,,
2019,1,7,3,0,28.7,-121,0,-3.2,0,0,0,0,0,946.8,156.152689677336,8.47340750443452,101,,
2019,1,7,4,0,29.1,-114,0,-4,13,0,12,0,0,947.3,151.910982962744,8.86878685577958,89,,
2019,1,7,5,0,30.6,-109,0,-5.3,59,0,149,0,0,947.9,146.514861018218,9.38120401582347,76,,
2019,1,7,6,0,32.1,-104,0,-6.6,85,0,365,0,0,948.5,134.789080714996,9.7587083911036,63,,
2019,1,7,7,0,33.8,-100,0,-6.1,103,0,578,0,0,948.6,124.941536528621,9.82120532406825,50,,
2019,1,7,8,0,35.5,-96,0,-3.9,115,549.65,763,119,0,948.2,130.392845353623,10.1449755352929,36,,
2019,1,7,9,0,37.2,-91,0.3,-1.7,130,812.01,889,360.11,0,947.8,133.388169740768,10.1161983500118,22,,
2019,1,7,10,0,38.4,-78,1.4,-0.3,158,922.85,930,602.44,0,947.1,136.783662161616,10.7361159934673,9,,
2019,1,7,11,0,39.3,61,11.1,0.4,334,448.03,656,681.05,0,946.3,146.724678616056,10.1669319240646,6,,
2019,1,7,12,0,40.1,89,13.6,1,365,1014.37,539,983.35,0,945.4,153.808080790713,9.63801703183385,19,,
2019,1,7,13,0,40.4,95,11.7,1.4,314,1031.69,498,1089.75,0,944.8,170.31606337784,11.3095449696506,33,,
2019,1,7,14,0,40.4,99,18.5,1.6,326,1037.36,271,1127.36,0,944.3,175.438859094674,12.2808504757104,46,,
2019,1,7,15,0,40.3,103,34,1.9,284,653.9,56,970.31,0,943.9,180.108372088372,12.366979655667,60,,
2019,1,7,16,0,39.8,108,71,2.2,86,567.57,0,856.25,0,944,190.743628311649,14.142268191771,73,,
2019,1,7,17,0,38.9,113,33,2.7,20,448.29,2,687.39,0,944.6,190.333873751353,13.8693427097044,86,,
2019,1,7,18,0,38,119,0,3.2,0,924.1,0,611.46,0,945.2,190.562715548114,13.4226229483056,98,,
2019,1,7,19,0,36.8,127,0,3.1,0,816.68,0,370.23,0,945.5,182.487271438667,12.4141082300575,109,,
2019,1,7,20,0,35.4,138,0,2.4,0,566.02,0,128.32,0,945.7,183.836957781212,11.3771101521584,120,,
2019,1,7,21,0,33.9,151,0,1.8,0,0,0,0,0,945.8,183.90443692098,10.4346739924922,128,,
2019,1,7,22,0,32.8,168,0,1.3,0,0,0,0,0,945.7,187.133590948163,6.94889545861769,132,,
2019,1,7,23,0,32,-173,0,0.9,0,0,0,0,0,945.4,183.538373780322,4.54814662862524,133,,
2019,1,8,0,0,31.2,-155,0,0.5,0,0,0,0,0,945.2,162.193964912718,4.36977995413042,129,,
2019,1,8,1,0,30.4,-141,0,0.4,0,0,0,0,0,945.1,165.963756532074,7.11898919177438,122,,
2019,1,8,2,0,29.8,-130,0,0.4,0,0,0,0,0,945.4,154.162167613215,8.66725988427756,112,,
2019,1,8,3,0,29.2,-121,0,0.4,0,0,0,0,0,945.6,141.797666075468,9.54402829794148,101,,
2019,1,8,4,0,29.8,-114,6.7,0.6,16,0,4,0,0,946,137.279362395366,10.2086612473231,89,,
2019,1,8,5,0,31.7,-109,33.6,0.9,131,0,10,0,0,946.7,133.541114219431,11.176478668468,76,,
2019,1,8,6,0,33.6,-104,28,1.2,245,0,82,0,0,947.4,128.07938769655,12.7684882035429,63,,
2019,1,8,7,0,35.3,-100,18.1,1.4,310,0,244,0,0,947.5,132.746785681376,12.1545251428883,50,,
2019,1,8,8,0,36.8,-95,19.6,1.5,400,90.58,306,47.06,0,947.1,132.107670581569,12.9736899822488,36,,
2019,1,8,9,0,38.4,-90,20.1,1.6,469,807.63,344,356.41,0,946.6,129.100764129332,14.2701720937074,22,,
2019,1,8,10,0,39.5,-77,26.2,1.8,582,917.27,229,597.27,0,946,129.158072871458,13.5412796021696,9,,
2019,1,8,11,0,40.2,59,19.2,1.9,452,977.46,443,811.87,0,945.1,123.643887579363,14.7147658316866,6,,
2019,1,8,12,0,40.8,89,0,2.1,125,1012.41,921,980.36,0,944.2,129.022673079557,17.0799637043207,19,,
2019,1,8,13,0,41.2,94,2.9,2.2,175,1031.34,714,1088.62,0,943.6,140.953789310927,15.0742508759877,33,,
2019,1,8,14,0,41.2,99,12.5,2.1,239,1036.81,405,1126.48,0,943.2,150.119700090867,16.7639142945373,46,,
2019,1,8,15,0,41.2,103,42.8,2,270,1031.22,21,1092.1,0,942.8,159.240030360373,18.966049249278,60,,
2019,1,8,16,0,40.8,107,76.6,2.1,67,1013.61,0,988.27,0,942.8,161.548460998545,20.3510378721092,73,,
2019,1,8,17,0,40.1,113,28,2.4,27,450.96,1,688.98,0,943.3,166.339578242394,21.4345469690607,86,,
2019,1,8,18,0,39.5,119,5,2.6,0,927.45,0,614.09,0,943.7,169.252270633321,21.1123142062037,98,,
2019,1,8,19,0,38.4,127,10.3,2.7,0,822.55,0,373.09,0,943.9,171.90087457139,18.7410160739464,109,,
2019,1,8,20,0,37,138,11.2,2.7,0,573.31,0,129.97,0,943.9,172.75437141631,18.7351315444158,120,,
2019,1,8,21,0,35.6,151,10.9,2.6,0,0,0,0,0,944,177.649819402404,17.8973606920176,128,,
2019,1,8,22,0,34.5,168,11.1,2.6,0,0,0,0,0,943.8,179.897754945866,17.2025084850125,132,,
2019,1,8,23,0,33.6,-173,11.8,2.5,0,0,0,0,0,943.4,177.43283833573,14.4596861900725,133,,
2019,1,9,0,0,32.8,-155,9.1,2.5,0,0,0,0,0,943,175.301209897916,12.7695253757066,129,,
2019,1,9,1,0,32,-141,0.4,2.1,0,0,0,0,0,942.9,165.367112769389,11.3645971385326,122,,
2019,1,9,2,0,31.3,-130,0,1.3,0,0,0,0,0,943.1,164.872655446743,10.1484449541028,112,,
2019,1,9,3,0,30.5,-121,0,0.5,0,0,0,0,0,943.3,158.567411512265,9.23629426206004,101,,
2019,1,9,4,0,31.3,-114,2.4,-1.1,15,0,8,0,0,943.6,147.548558769898,8.61932996296153,89,,
2019,1,9,5,0,33.5,-109,9,-3.5,82,0,108,0,0,944,132.105466037855,8.42418106485619,76,,
2019,1,9,6,0,35.6,-104,1.7,-6,89,0,353,0,0,944.4,124.232844036498,9.37396170161911,63,,
2019,1,9,7,0,37.3,-100,0,-6.1,90,0,591,0,0,944.5,133.110679204409,8.63082594663841,50,,
2019,1,9,8,0,38.5,-95,0,-3.9,99,78.59,781,55.64,0,944.1,127.734377017372,8.12512056990346,36,,
2019,1,9,9,0,39.7,-90,0,-1.8,106,824.42,921,360.51,0,943.8,122.241533890997,9.04271846887475,23,,
2019,1,9,10,0,40.5,-76,0,-0.4,110,937.6,998,606.9,0,943.3,114.690015818264,9.93130134359344,9,,
2019,1,9,11,0,41,57,2.2,0.3,164,997.41,929,825.1,0,942.6,127.071310521434,12.4350905038973,6,,
2019,1,9,12,0,41.6,88,1.3,0.9,141,1031.86,900,996.3,0,942,132.075748108359,14.2405369205289,19,,
2019,1,9,13,0,41.7,94,6,1.5,212,1050.43,659,1106.37,0,941.6,139.042541689458,13.9859389955362,33,,
2019,1,9,14,0,41.4,98,13,2,267,1056.19,376,1145.57,0,941.4,146.779704476517,16.5056191964049,46,,
2019,1,9,15,0,41.2,103,24.1,2.5,214,1051.1,173,1111.54,0,941.1,157.032725845252,19.1503993558078,60,,
2019,1,9,16,0,40.5,107,23.8,3.3,139,618.97,69,880.49,0,941.2,162.596139851193,19.6284822318517,73,,
2019,1,9,17,0,39.5,113,25.8,4.4,31,512.97,1,718.15,0,941.6,169.293519939488,20.0162081010848,86,,
2019,1,9,18,0,38.4,119,0,5.5,0,52.29,0,269.13,0,942,175.428346836613,18.0809171283532,98,,
2019,1,9,19,0,37.4,127,0,6.2,0,326.03,0,298.59,0,942.3,181.526890856372,14.6769943864354,110,,
2019,1,9,20,0,36.5,137,0,6.5,0,125.43,0,69.2,0,942.5,178.460766243131,13.2120055640326,120,,
2019,1,9,21,0,35.5,151,0,6.8,0,0,0,0,0,942.6,183.522899277891,11.7059672501338,128,,
2019,1,9,22,0,34.7,168,0,6.8,0,0,0,0,0,942.5,186.054713613988,12.5230754062399,132,,
2019,1,9,23,0,33.9,-173,0,6.5,0,0,0,0,0,942,187.138369727392,13.0503497690351,133,,
2019,1,10,0,0,33.1,-155,0.2,6.1,0,0,0,0,0,941.5,185.920640792532,12.688663631428,129,,
2019,1,10,1,0,32.3,-141,19.2,5.8,0,0,0,0,0,941.4,189.824775760171,10.6006413574364,122,,
2019,1,10,2,0,31.5,-130,19.9,5.6,0,0,0,0,0,941.5,189.434393666727,10.1052502265559,112,,
2019,1,10,3,0,30.7,-121,19.7,5.3,0,0,0,0,0,941.7,189.373168170401,8.61094749142075,101,,
2019,1,10,4,0,31.3,-114,3.1,5.3,11,0,12,0,0,942,188.150144116787,8.12888503973739,89,,
2019,1,10,5,0,33.2,-109,0,5.7,51,0,156,0,0,942.5,181.509418241345,6.67409886893019,76,,
2019,1,10,6,0,35.1,-104,0,6.1,74,0,377,0,0,943,170.935337407421,4.90889362964574,63,,
2019,1,10,7,0,36.8,-99,0,5.9,88,0,597,0,0,943,157.077626132353,4.04175063297319,50,,
2019,1,10,8,0,38.2,-95,0,5.1,97,558.52,789,115.05,0,942.6,142.700461686904,3.95785938347775,36,,
2019,1,10,9,0,39.6,-90,0,4.4,102,829.54,934,360.27,0,942.3,160.766770174798,6.29661719492313,23,,
2019,1,10,10,0,40.7,-76,0,3.6,102,940.79,1018,606.71,0,941.7,157.732910700308,5.8037810844114,9,,
2019,1,10,11,0,41.6,55,0,2.7,101,1000.46,1031,825.68,0,940.9,167.548149660424,7.8805442137714,6,,
2019,1,10,12,0,42.4,88,0,1.8,97,1034.65,974,997.49,0,940.2,172.809727734275,9.39404964400792,19,,
2019,1,10,13,0,42.5,94,1.9,1.2,127,1052.95,797,1108.01,0,939.8,169.100770194086,9.7500748725206,32,,
2019,1,10,14,0,42,98,2.4,0.9,119,1057.6,617,1146.63,0,939.7,166.543569293995,12.0012514795696,46,,
2019,1,10,15,0,41.4,102,1.1,0.5,81,1051.58,440,1112.06,0,939.6,174.111148509999,14.0856606631971,60,,
2019,1,10,16,0,40.4,107,0,0.8,52,1033.87,227,1007.05,0,939.9,183.100785849064,15.3854617165166,73,,
2019,1,10,17,0,39,112,0,1.8,20,1001.6,40,840.63,0,940.5,195.378789725279,16.1442189350522,86,,
2019,1,10,18,0,37.5,119,0,2.7,0,945.07,0,625.61,0,941.2,206.168141367797,15.5727582002796,98,,
2019,1,10,19,0,36.1,127,0,2.9,0,839.07,0,380.49,0,941.6,213.318050656441,12.9580802131516,110,,
2019,1,10,20,0,34.6,137,0,2.4,0,591.86,0,133.79,0,941.9,207.703311454452,12.2520832837054,120,,
2019,1,10,21,0,33.2,151,0,2,0,0,0,0,0,942.2,202.056820635425,12.1506077163791,128,,
2019,1,10,22,0,32,168,0,1.8,0,0,0,0,0,942.2,204.896709897857,13.7887170031042,133,,
2019,1,10,23,0,31.1,-173,0,2.1,0,0,0,0,0,941.9,214.289789454193,11.9611741123822,133,,
2019,1,11,0,0,30.3,-155,0,2.3,0,0,0,0,0,941.7,215.580278521915,11.776963284973,130,,
2019,1,11,1,0,29.5,-141,0,2.5,0,0,0,0,0,941.7,222.802409492978,8.99767872161944,122,,
2019,1,11,2,0,28.8,-129,0,2.6,0,0,0,0,0,942.1,224.553811962744,6.73710243820971,113,,
2019,1,11,3,0,28.2,-121,0,2.7,0,0,0,0,0,942.5,225.157241544897,6.02697062958911,101,,
2019,1,11,4,0,28.7,-114,0,3.2,9,0,15,0,0,943,226.206359075686,4.98393272820354,89,,
2019,1,11,5,0,30.3,-108,0,4.2,43,0,171,0,0,943.6,231.840128895224,4.89334486085905,77,,
2019,1,11,6,0,31.9,-104,0,5.1,61,0,403,0,0,944.1,213.110454230964,5.99242604460421,63,,
2019,1,11,7,0,33.6,-99,0,5,71,0,631,0,0,944.2,216.461855917816,4.16735757056063,50,,
2019,1,11,8,0,35.3,-95,0,3.8,79,555.46,827,112.78,0,943.9,209.629779467758,3.13677982760035,36,,
2019,1,11,9,0,37.1,-90,0,2.6,84,832.46,972,359.2,0,943.5,194.53445508054,3.48658142024534,23,,
2019,1,11,10,0,38.4,-75,0,1.6,89,946.8,1051,608.12,0,943,193.833476614263,3.75737513244161,9,,
2019,1,11,11,0,39.4,54,0,0.8,89,1006.23,1061,828.29,0,942.2,212.740799316255,6.08824306946328,6,,
2019,1,11,12,0,40.4,87,0,0,87,1040.12,1001,1001.05,0,941.5,220.369622822662,7.04962188740958,19,,
2019,1,11,13,0,40.9,93,0,-0.7,80,1058.15,877,1112.24,0,941,218.907020391139,8.63901216532489,32,,
2019,1,11,14,0,40.9,98,0,-1.4,74,1061.01,694,1149.68,0,940.6,215.660784717837,9.7689855183694,46,,
2019,1,11,15,0,41,102,0,-2,64,1053.07,472,1113.53,0,940.3,216.070289382267,8.61136213992545,60,,
2019,1,11,16,0,40.4,107,0,-2.1,49,617.33,236,879.9,0,940.3,228.281127037627,9.84378356236518,73,,
2019,1,11,17,0,39.3,112,0,-1.9,19,1001.61,42,841.13,0,940.8,227.735825876759,10.0712102525778,86,,
2019,1,11,18,0,38.2,119,0,-1.7,0,415.37,0,521.04,0,941.2,220.676319297242,10.4761799035659,98,,
2019,1,11,19,0,36.8,127,0,-1.5,0,325.46,0,298.69,0,941.6,219.302215639632,8.28845991768609,110,,
2019,1,11,20,0,35.2,137,0,-1.2,0,591.21,0,133.98,0,941.8,225.994142392908,7.8204423270979,120,,
2019,1,11,21,0,33.6,151,0,-1,0,0,0,0,0,942.1,228.415875949299,7.8857396165642,128,,
2019,1,11,22,0,32.5,168,0,-0.6,0,0,0,0,0,942.1,235.247621172019,7.35955664884201,133,,
2019,1,11,23,0,31.7,-173,0,0.1,0,0,0,0,0,941.8,235.736180130312,6.92426611920341,133,,
2019,1,12,0,0,30.9,-155,0,0.7,0,0,0,0,0,941.5,233.387835069257,6.41892532577481,130,,
2019,1,12,1,0,30.1,-141,0,1.4,0,0,0,0,0,941.5,211.653829826517,3.99703449651334,122,,
2019,1,12,2,0,29.3,-129,0,2.2,0,0,0,0,0,941.8,185.794551831239,3.94596689994754,113,,
2019,1,12,3,0,28.4,-121,0,2.9,0,0,0,0,0,942.2,168.335138380172,4.21199026895625,102,,
2019,1,12,4,0,29.1,-114,0,3.9,10,0,12,0,0,942.8,162.419434972365,4.72047855092039,89,,
2019,1,12,5,0,31.1,-108,0,5.1,51,0,152,0,0,943.6,160.372997164157,4.98906410076401,77,,
2019,1,12,6,0,33.2,-104,0,6.3,75,0,374,0,0,944.5,159.064103161197,4.89752659923109,63,,
2019,1,12,7,0,35.4,-99,0,5.8,91,0,593,0,0,944.9,155.993937652741,4.73364456944286,50,,
2019,1,12,8,0,37.8,-95,0,3.6,103,539.01,781,108.53,0,944.7,160.988552235457,4.91657333573418,37,,
2019,1,12,9,0,40.1,-89,0,1.4,112,818.66,919,352.02,0,944.5,164.42042034811,5.03248922139984,23,,
2019,1,12,10,0,41.7,-74,0,0.4,114,933.67,1000,598.63,0,944.1,170.68038063181,5.1142899958854,9,,
2019,1,12,11,0,42.7,52,0,0.5,113,993.69,1011,817.24,0,943.4,187.223493853629,6.11873755966598,6,,
2019,1,12,12,0,43.6,87,0,0.5,108,1027.95,952,989.01,0,942.7,197.673958361694,6.23969060207581,19,,
2019,1,12,13,0,43.9,93,3,0.8,148,1046.15,757,1099.75,0,942.2,205.905739142717,6.3923406012059,32,,
2019,1,12,14,0,43.4,98,15.2,1.3,296,1051.92,334,1140.17,0,942,200.356176983135,6.51233603486099,46,,
2019,1,12,15,0,43,102,5.3,1.7,135,677.77,351,992.18,0,941.8,195.033139467347,7.76993992398185,59,,
2019,1,12,16,0,42.4,107,3.8,2.3,75,605.44,187,875.24,0,941.9,193.002590861255,8.05409513143505,73,,
2019,1,12,17,0,41.6,112,7.9,3.1,34,115.76,15,569.27,0,942.1,198.90605278362,8.37777574262203,86,,
2019,1,12,18,0,40.9,118,0.1,3.8,0,89.86,0,433.31,0,942.4,208.63044856106,7.6057739271204,98,,
2019,1,12,19,0,39.7,126,3.2,4.1,0,20.59,0,140.88,0,942.6,198.293191864964,7.61549570122934,110,,
2019,1,12,20,0,38,137,0,4,0,131.95,0,65.4,0,942.8,205.215942458373,5.11658838475703,120,,
2019,1,12,21,0,36.3,150,0,3.9,0,0,0,0,0,943,193.852946501984,4.40555519089813,128,,
2019,1,12,22,0,35,168,0,3.7,0,0,0,0,0,943.1,192.887788739019,3.92302155998619,133,,
2019,1,12,23,0,34.2,-173,0,3.5,0,0,0,0,0,942.9,199.696102681205,3.69692390775078,134,,
2019,1,13,0,0,33.4,-155,0,3.2,0,0,0,0,0,942.8,222.274876827977,2.21790374864683,130,,
2019,1,13,1,0,32.7,-141,0,2.9,0,0,0,0,0,942.8,193.77507340026,1.88649773876547,123,,
2019,1,13,2,0,32,-129,0,2.4,0,0,0,0,0,943,199.801276245049,2.95195215537997,113,,
2019,1,13,3,0,31.4,-121,0,2,0,0,0,0,0,943.1,197.578325445345,2.72904111219472,102,,
2019,1,13,4,0,32.1,-114,0.5,2.1,11,0,7,0,0,943.4,177.11060502563,2.47976100236643,90,,
2019,1,13,5,0,34.1,-108,1.9,2.9,66,0,121,0,0,943.8,166.712444972031,3.26316297675947,77,,
2019,1,13,6,0,36.1,-103,0,3.7,92,0,339,0,0,944.2,160.463345061872,4.11172105084963,64,,
2019,1,13,7,0,38,-99,0,3.5,110,0,555,0,0,944.2,161.565051177078,5.53398590529466,50,,
2019,1,13,8,0,39.8,-94,0,2.3,122,528.62,744,105.23,0,943.8,157.479434397103,5.54808525529304,37,,
2019,1,13,9,0,41.7,-89,0,1.2,134,810.45,879,346.93,0,943.4,157.750976342788,5.94243216200236,23,,
2019,1,13,10,0,43,-73,0,0.7,151,925.2,943,591.84,0,942.8,168.590719121899,8.84659938242328,10,,
2019,1,13,11,0,43.8,50,2.9,1,220,985.75,854,809.66,0,941.9,177.862250628542,8.79888550421854,6,,
2019,1,13,12,0,44.5,86,10.4,1.3,362,1020.35,575,981.05,0,941.1,191.759142918927,9.16082458150641,19,,
2019,1,13,13,0,44.7,93,5.8,1.4,251,1038.78,613,1091.77,0,940.5,233.991082092221,13.0958488238386,32,,
2019,1,13,14,0,44.5,97,15,1.3,316,673.45,308,1010.63,0,940.1,235.427303171069,12.2534134268195,46,,
2019,1,13,15,0,44.2,102,23.6,1.3,297,662.72,87,977.89,0,939.7,234.973074871587,11.8966501084903,59,,
2019,1,13,16,0,43.6,107,46.1,1.8,143,576.9,1,862.62,0,939.6,237.742784511112,10.8686074846192,73,,
2019,1,13,17,0,42.6,112,27.2,3,26,135.17,1,152.56,0,939.9,239.691166243178,9.98586990105774,86,,
2019,1,13,18,0,41.6,118,0,4.1,0,396.78,0,503.88,0,940.2,243.341679420678,8.83787527134808,98,,
2019,1,13,19,0,40.5,126,0.1,5.1,0,299.2,0,284.73,0,940.5,242.32266570873,7.13224273100895,110,,
2019,1,13,20,0,39.1,137,0,5.8,0,0,0,42.86,0,940.7,246.223888938311,6.05681689644974,120,,
2019,1,13,21,0,37.8,150,0,6.5,0,0,0,0,0,941,250.038469067659,5.12827052419332,128,,
2019,1,13,22,0,36.7,167,0,7.5,0,0,0,0,0,941,229.238886215032,5.14681028717598,133,,
2019,1,13,23,0,35.8,-173,0,8.8,0,0,0,0,0,940.8,220.873191072043,4.30964275936339,134,,
2019,1,14,0,0,34.9,-155,0.1,10.1,0,0,0,0,0,940.7,209.1721295386,5.32909483541888,130,,
2019,1,14,1,0,34.2,-141,7.5,11.1,0,0,0,0,0,940.7,216.64176564258,8.66571208846146,123,,
2019,1,14,2,0,33.7,-129,11.1,11.9,0,0,0,0,0,940.9,204.734072304281,8.47686764044092,113,,
2019,1,14,3,0,33.2,-121,8.2,12.6,0,0,0,0,0,941.1,188.705450863431,7.58741082667642,102,,
2019,1,14,4,0,33.6,-114,4.2,13,13,0,2,0,0,941.5,182.911225186557,6.38323804087746,90,,
2019,1,14,5,0,34.7,-108,19.9,13.1,115,0,24,0,0,941.9,195.290544746774,5.49533383814421,77,,
2019,1,14,6,0,35.9,-103,15.9,13.2,214,0,130,0,0,942.3,210.531472737926,8.35803536628406,64,,
2019,1,14,7,0,37.3,-99,0.4,12.7,161,0,468,0,0,942.4,213.003620205561,7.24294526041946,50,,
2019,1,14,8,0,39.1,-94,0.8,11.5,184,519.58,642,102.17,0,942.2,188.924239219223,4.65799668029861,37,,
2019,1,14,9,0,40.8,-88,0,10.3,172,806.18,809,343.28,0,941.9,192.304922730279,4.45392737443943,23,,
2019,1,14,10,0,41.8,-73,0,9.6,148,922.96,923,588.57,0,941.5,182.371427189262,6.60726703063853,10,,
2019,1,14,11,0,42.1,48,5.5,9.2,238,983.39,787,806.23,0,940.8,182.012678269033,8.45038773278362,6,,
2019,1,14,12,0,42.4,86,22.3,8.9,511,1017.75,284,977.48,0,940.1,186.359414875863,8.78063902988143,19,,
2019,1,14,13,0,42.3,92,22,8.7,433,653.19,269,966.84,0,939.7,183.856538917167,7.08622067130771,32,,
2019,1,14,14,0,41.8,97,33.5,8.7,394,250.06,89,815.13,0,939.5,190.453949219983,5.79130403110568,46,,
2019,1,14,15,0,41.3,102,27.7,8.7,268,72.75,87,661.42,0,939.4,183.264740704042,10.0825166879434,59,,
2019,1,14,16,0,40.6,106,61.1,9,104,94.43,3,612.76,0,939.4,188.325352157299,7.0679122660031,73,,
2019,1,14,17,0,39.7,112,23.8,9.5,28,259.03,2,590.57,0,939.8,196.242033154361,14.0216154800151,86,,
2019,1,14,18,0,38.7,118,1,10.1,0,239.71,0,480.96,0,940.1,205.589531922651,12.7693475535854,98,,
2019,1,14,19,0,37.8,126,0,10.4,0,59.03,0,234.53,0,940.4,223.23175231335,8.1663741944383,110,,
2019,1,14,20,0,36.9,136,0,10.6,0,0,0,43.15,0,940.7,216.960572918208,8.8683615997033,120,,
2019,1,14,21,0,36,150,0.4,10.7,0,0,0,0,0,941,216.622215041007,13.7648994100723,128,,
2019,1,14,22,0,35.1,167,24.6,11.4,0,0,0,0,0,941.1,213.572871529568,18.5849301307305,133,,
2019,1,14,23,0,34.3,-174,23.7,12.6,0,0,0,0,0,940.9,215.792891574692,20.2503605247918,134,,
2019,1,15,0,0,33.5,-155,23.5,13.8,0,0,0,0,0,940.8,219.013667201151,18.3553930176832,130,,
2019,1,15,1,0,32.8,-141,0.8,14.4,0,0,0,0,0,940.8,225.641128313821,12.5878574581796,123,,
2019,1,15,2,0,32.2,-129,0,14.4,0,0,0,0,0,940.9,218.24924464218,8.43599684030043,113,,
2019,1,15,3,0,31.6,-120,0,14.4,0,0,0,0,0,941.1,199.928037281242,6.30323266551384,102,,
2019,1,15,4,0,32.2,-114,0.3,14,11,0,5,0,0,941.3,183.131482000942,5.93466585882028,90,,
2019,1,15,5,0,33.8,-108,8.1,13.2,94,0,63,0,0,941.6,168.541574514241,5.91877061002293,77,,
2019,1,15,6,0,35.4,-103,3.4,12.3,134,0,262,0,0,941.9,158.375655373688,6.1055101216875,64,,
2019,1,15,7,0,37,-99,0.6,11.6,136,0,504,0,0,941.9,146.888658039628,6.86476510887299,51,,
2019,1,15,8,0,38.6,-94,0,10.9,141,33.05,703,31.37,0,941.5,144.3446719021,7.07658992735908,37,,
2019,1,15,9,0,40.2,-88,0,10.2,144,274.6,849,251.38,0,941.2,142.305759533311,6.95071938722892,23,,
2019,1,15,10,0,41.3,-72,0.1,9.5,138,318.72,940,449.6,0,940.8,145.175510843043,7.00446286306095,10,,
2019,1,15,11,0,41.8,46,24.8,8.8,456,435.68,366,664.81,0,940.3,149.981632572391,6.49639323009314,6,,
2019,1,15,12,0,42.3,85,43.8,8.1,523,1013.71,54,972.66,0,939.7,148.765238403457,4.67809002082616,19,,
2019,1,15,13,0,42.3,92,14.5,7.9,333,1032.36,436,1083.86,0,939.4,186.003224406375,3.99449301468765,32,,
2019,1,15,14,0,41.6,97,6.8,8.3,203,1035.77,471,1122.69,0,939.3,155.211279443575,4.95671119221299,46,,
2019,1,15,15,0,41,101,10.3,8.6,187,645.75,259,962.6,0,939.2,161.724449522322,6.68900611192644,59,,
2019,1,15,16,0,40.1,106,18.9,9.3,120,550.33,101,849.59,0,939.3,188.199999340918,9.44820474136404,73,,
2019,1,15,17,0,38.8,112,18.8,10.3,35,975.32,4,822.61,0,939.6,192.207466478262,10.5110640365154,86,,
2019,1,15,18,0,37.5,118,0,11.4,0,916.75,0,611.11,0,939.8,203.73225635918,10.6762130837283,98,,
2019,1,15,19,0,36.8,126,0,11.5,0,0,0,0,0,940.1,212.550100014832,12.0300068371781,110,,
2019,1,15,20,0,36.8,136,0,10.7,0,564.1,0,129.77,0,940.3,219.984660063793,12.3217826227002,120,,
2019,1,15,21,0,36.8,150,0,9.8,0,0,0,0,0,940.6,220.048662381737,13.313098341836,128,,
2019,1,15,22,0,36.5,167,0,9.4,0,0,0,0,0,940.7,221.308221525999,14.4978599307356,133,,
2019,1,15,23,0,35.9,-174,0,9.4,0,0,0,0,0,940.5,219.748930838156,7.24050455226898,134,,
2019,1,16,0,0,35.4,-155,0.3,9.4,0,0,0,0,0,940.4,229.867466846016,5.99429850114898,130,,
2019,1,16,1,0,34.9,-141,30.3,9.4,0,0,0,0,0,940.4,226.799734905873,7.31581179501449,123,,
2019,1,16,2,0,34.4,-129,29.4,9.4,0,0,0,0,0,940.6,222.177753296772,7.45873856231438,113,,
2019,1,16,3,0,33.8,-120,25.6,9.4,0,0,0,0,0,940.9,196.859984394803,6.11442878726381,102,,
2019,1,16,4,0,34.2,-114,15.1,9.4,13,0,1,0,0,941.2,174.173657970444,6.15680517801238,90,,
2019,1,16,5,0,35.4,-108,43.4,9.5,87,0,11,0,0,941.6,168.037569490627,6.38873965608642,77,,
2019,1,16,6,0,36.6,-103,59.5,9.6,169,0,0,0,0,941.9,163.728989386044,6.51077492673678,64,,
2019,1,16,7,0,37.6,-98,47,9.4,334,0,14,0,0,942.1,163.665467185869,7.11123390702027,51,,
2019,1,16,8,0,38.5,-94,20.1,8.9,402,0,272,26.75,0,941.9,166.337377354586,7.4088406309884,37,,
2019,1,16,9,0,39.3,-88,26.5,8.3,532,0.88,197,226.92,0,941.7,169.757879579402,7.31577140043531,23,,
2019,1,16,10,0,40,-71,26.4,8.1,563,313.42,228,431.65,0,941.4,174.135571207298,7.1114137454876,10,,
2019,1,16,11,0,40.5,45,18.5,8.2,471,38.25,415,403.86,0,940.8,185.61660560704,7.38303263527609,6,,
2019,1,16,12,0,41,84,6.9,8.4,262,78.06,697,348.87,0,940.3,198.262941173566,7.81546050707839,19,,
2019,1,16,13,0,41.1,92,34.6,8.5,517,65.66,76,323.2,0,939.9,205.086403589283,8.19036336857369,32,,
2019,1,16,14,0,40.6,97,58.8,8.5,284,0,25,423.25,0,939.7,215.1430726509,13.5043771887072,46,,
2019,1,16,15,0,40.2,101,74.8,8.6,130,192.46,0,826.49,0,939.5,212.355113784379,12.6054143606602,59,,
2019,1,16,16,0,39.5,106,84.9,8.9,38,533.38,0,842.31,0,939.7,210.601770408642,11.8860429340242,73,,
2019,1,16,17,0,38.5,111,48.2,9.5,22,970.99,0,819.52,0,940.2,229.724023712451,10.9614678122913,86,,
2019,1,16,18,0,37.5,118,30.7,10,0,913.38,0,609.32,0,940.6,264.865788020528,10.3536729776004,98,,
2019,1,16,19,0,36.7,126,7.5,9.9,0,806.65,0,369.76,0,941,283.087732737084,8.87902897302095,110,,
2019,1,16,20,0,36.2,136,7.1,9.1,0,562.34,0,129.4,0,941.2,331.090126971227,9.24492072633928,120,,
2019,1,16,21,0,35.7,150,16.8,8.4,0,0,0,0,0,941.4,320.509772824112,7.72781309875735,128,,
2019,1,16,22,0,35.2,167,0.7,8,0,0,0,0,0,941.4,348.318875646386,8.97385714776486,133,,
2019,1,16,23,0,34.6,-174,0,7.9,0,0,0,0,0,941.1,358.767748407992,8.73593536896701,134,,
2019,1,17,0,0,34,-155,0.2,7.9,0,0,0,0,0,940.8,358.885052234378,7.25063687304933,131,,
2019,1,17,1,0,33.4,-141,22.2,7.9,0,0,0,0,0,940.7,346.711339357477,3.31537983505478,123,,
2019,1,17,2,0,32.7,-129,23.2,7.9,0,0,0,0,0,941,311.606438361292,3.0824570064283,114,,
2019,1,17,3,0,32,-120,16.6,7.9,0,0,0,0,0,941.3,241.892736079077,4.67651473745529,102,,
2019,1,17,4,0,32,-113,10.8,8.2,12,0,1,0,0,941.8,226.133479715616,5.30433879193601,90,,
2019,1,17,5,0,32.8,-108,22.6,8.9,113,0,22,0,0,942.7,223.827875011523,5.26847924050902,77,,
2019,1,17,6,0,33.6,-103,11.2,9.6,154,0,222,0,0,943.6,219.889705027076,5.76817063298533,64,,
2019,1,17,7,0,34.7,-98,11.8,9.4,225,0,344,0,0,943.8,210.963756532074,7.28868986855663,51,,
2019,1,17,8,0,36,-93,50.9,8.3,409,1.74,6,18.33,0,943.5,200.132772881892,5.37950532577437,37,,
2019,1,17,9,0,37.4,-87,76.3,7.1,236,0,0,89.37,0,943.2,206.720833097279,4.50893067092251,24,,
2019,1,17,10,0,38.4,-70,89.6,6.7,113,0,0,260.31,0,942.8,217.230939262347,9.41970446645039,10,,
2019,1,17,11,0,39.1,43,86.7,7,145,137.56,0,567.55,0,942.1,214.113461551352,12.1679524883044,6,,
2019,1,17,12,0,39.8,84,75.3,7.3,254,502.12,0,811.99,0,941.5,210.480023234003,12.6141822257028,18,,
2019,1,17,13,0,39.9,91,38.9,7.5,363,549.59,177,877.02,0,941.1,215.284431300497,10.9009562757739,32,,
2019,1,17,14,0,39.5,96,20.6,7.7,287,1022.83,292,1108.85,0,940.9,225.698217067059,10.2013414631394,46,,
2019,1,17,15,0,39.1,101,65.2,7.8,179,621.77,0,945.08,0,940.7,232.897290362515,9.24700652906464,59,,
2019,1,17,16,0,38.3,106,74.4,8.5,63,471.47,0,796.01,0,940.8,235.783870830257,8.28081086790417,73,,
2019,1,17,17,0,37.1,111,53.4,9.6,21,408.48,0,670.32,0,941.3,233.453115290207,9.9580535357283,86,,
2019,1,17,18,0,35.8,117,29,10.7,0,380.47,0,489.13,0,941.8,236.961172536698,12.9678659422537,98,,
2019,1,17,19,0,35.1,125,44.9,10.6,0,812.04,0,371.78,0,942.1,242.429130791913,11.3602563987416,110,,
2019,1,17,20,0,35,136,39.1,9.5,0,566.46,0,129.96,0,942.3,266.57605267163,9.9508735973257,120,,
2019,1,17,21,0,34.9,150,48.9,8.3,0,0,0,0,0,942.5,300.902878882423,10.4485689204166,128,,
2019,1,17,22,0,34.5,167,10.5,7.5,0,0,0,0,0,942.4,315.173116723823,8.89418312475876,134,,
2019,1,17,23,0,33.9,-174,10.6,7.2,0,0,0,0,0,942.1,309.94357575826,7.65340919489566,134,,
2019,1,18,0,0,33.2,-155,9.6,6.8,0,0,0,0,0,941.7,308.699837535296,7.10311262501692,131,,
2019,1,18,1,0,32.6,-140,0.2,5.9,0,0,0,0,0,941.7,319.359920774641,5.62635851215258,124,,
2019,1,18,2,0,32,-129,0,4.6,0,0,0,0,0,942,296.668742778929,4.78663199061237,114,,
2019,1,18,3,0,31.3,-120,0.1,3.2,0,0,0,0,0,942.2,268.447916337197,3.75137631888635,103,,
2019,1,18,4,0,31.4,-113,11.9,2.7,10,0,4,0,0,942.7,244.690320701991,1.99201730927515,90,,
2019,1,18,5,0,32.2,-108,0.3,3,50,0,132,0,0,943.2,227.059158710159,2.45992191089119,77,,
2019,1,18,6,0,33,-103,0,3.3,72,0,355,0,0,943.8,212.362058088619,2.66372253616991,64,,
2019,1,18,7,0,34.2,-98,0,3.8,84,0,580,0,0,943.9,192.003500944579,1.20208802771925,51,,
2019,1,18,8,0,35.8,-93,0,4.5,91,488.67,777,90.93,0,943.8,156.182571454845,1.42189748267389,37,,
2019,1,18,9,0,37.5,-87,0,5.3,95,0,925,130.42,0,943.6,113.671504384239,1.93630782788488,24,,
2019,1,18,10,0,38.7,-69,0,5.4,97,332.74,1011,441.54,0,943.1,98.407744404922,2.75216594742787,10,,
2019,1,18,11,0,39.5,41,0,5.1,98,36.79,1025,386.86,0,942.4,145.487328924245,2.33713850457726,6,,
2019,1,18,12,0,40.3,83,0,4.8,95,112.48,969,289.75,0,941.6,239.863686421763,6.67572685048001,18,,
2019,1,18,13,0,40.7,91,0,4.2,89,80.28,849,307.03,0,941.1,247.471024255401,5.95440517375411,32,,
2019,1,18,14,0,40.7,96,0,3.5,83,25.16,671,346.73,0,940.7,277.041946695655,5.22324742248024,46,,
2019,1,18,15,0,40.7,101,0,2.7,73,41.48,452,583.72,0,940.3,258.891358928648,6.34550021171438,59,,
2019,1,18,16,0,40.1,106,0,2.2,56,73.6,222,467.96,0,940.4,262.742883452883,6.37121260194189,73,,
2019,1,18,17,0,38.8,111,0,1.9,22,86.66,37,264.35,0,941.1,243.655828827594,8.98831015096288,86,,
2019,1,18,18,0,37.5,117,0,1.7,0,61.39,0,159.17,0,941.7,259.932047687394,10.0335263497444,98,,
2019,1,18,19,0,36.3,125,0,1.6,0,44.07,0,92.12,0,942.1,284.433478500481,5.2803316912026,110,,
2019,1,18,20,0,35.3,136,0,1.7,0,0,0,41.64,0,942.4,294.532872567981,6.27359864701749,120,,
2019,1,18,21,0,34.4,149,0,1.8,0,0,0,0,0,942.7,2.01247965459305,6.1093979919734,129,,
2019,1,18,22,0,33.6,167,0,2,0,0,0,0,0,942.7,46.2891695533603,3.65276089841114,134,,
2019,1,18,23,0,32.9,-174,0,2.4,0,0,0,0,0,942.5,174.953350236255,4.52888445182072,135,,
2019,1,19,0,0,32.3,-155,0,2.8,0,0,0,0,0,942.2,171.193287032353,3.41858896550003,131,,
2019,1,19,1,0,31.8,-140,0,3.7,0,0,0,0,0,942.2,171.908867207734,3.19148914594253,124,,
2019,1,19,2,0,31.5,-129,0,5,0,0,0,0,0,942.6,175.766524650055,2.38149787594532,114,,
2019,1,19,3,0,31.2,-120,0,6.4,0,0,0,0,0,943,188.728409096675,2.9600856937644,103,,
2019,1,19,4,0,31.7,-113,0,7.9,8,0,7,0,0,943.6,182.346256305898,3.05336397293821,90,,
2019,1,19,5,0,33,-107,0.7,9.6,51,0,127,0,0,944.6,167.651251543821,3.50694093708566,78,,
2019,1,19,6,0,34.4,-102,0,11.3,77,0,343,0,0,945.5,169.184330296165,3.99680359572924,64,,
2019,1,19,7,0,35.6,-98,0,11.8,93,0,560,0,0,945.8,172.224447169402,4.99512261961254,51,,
2019,1,19,8,0,36.7,-93,0,11.1,105,0,751,29.91,0,945.7,168.013068356673,5.05951857096454,37,,
2019,1,19,9,0,37.8,-86,0,10.4,112,0,893,110.01,0,945.5,166.942930258447,4.87606821859673,24,,
2019,1,19,10,0,38.8,-69,0,9.6,116,179.05,976,444.22,0,945,175.7209245273,4.71233161620101,10,,
2019,1,19,11,0,39.7,40,0,8.7,117,983.72,990,797.89,0,944.3,193.278593694608,4.88048085702247,6,,
2019,1,19,12,0,40.5,82,5.8,7.8,231,565.84,757,838.84,0,943.5,190.887454030878,4.07331936114968,18,,
2019,1,19,13,0,40.8,91,6.9,7.2,241,1038.72,614,1086.32,0,943,197.635822784523,3.80377182846706,32,,
2019,1,19,14,0,40.7,96,3.1,6.9,147,1045.21,567,1129.97,0,942.7,129.018708729509,8.16480362266232,46,,
2019,1,19,15,0,40.5,101,10.3,6.7,190,1040.69,265,1100.24,0,942.3,150.26551761122,9.98670011307646,59,,
2019,1,19,16,0,40,105,3,7.1,82,587.61,177,868.37,0,942.4,149.719398622017,10.7300212262038,73,,
2019,1,19,17,0,39.2,111,7.1,8.2,36,992.94,11,836.23,0,942.9,162.398019325052,10.1924909246308,86,,
2019,1,19,18,0,38.4,117,0,9.4,0,405.32,0,514.42,0,943.4,232.994286572699,6.81449558443291,98,,
2019,1,19,19,0,37.5,125,0,9.3,0,57.4,0,241.11,0,943.8,265.180789442092,6.50839567624501,110,,
2019,1,19,20,0,36.5,135,0,8.1,0,133.61,0,62,0,944.1,285.708097443136,4.86138107909473,120,,
2019,1,19,21,0,35.5,149,0,6.9,0,0,0,0,0,944.4,309.463129394016,0.916071636792482,129,,
2019,1,19,22,0,34.7,166,0,6.3,0,0,0,0,0,944.5,349.426200317207,0.786751039789352,134,,
2019,1,19,23,0,33.9,-174,0,6.2,0,0,0,0,0,944.3,316.073774425072,0.303465447403558,135,,
2019,1,20,0,0,33.2,-155,0.1,6.2,0,0,0,0,0,944.1,281.439594246667,0.56942277468007,131,,
2019,1,20,1,0,32.5,-140,5.9,6.2,0,0,0,0,0,944.2,222.773402328504,2.42139415309186,124,,
2019,1,20,2,0,31.8,-129,6.1,6.3,0,0,0,0,0,944.5,200.908495364641,3.77606038896482,114,,
2019,1,20,3,0,31.1,-120,2.2,6.4,0,0,0,0,0,944.8,211.294581076701,5.67766330135268,103,,
2019,1,20,4,0,31.3,-113,0.7,7.4,8,0,4,0,0,945.4,217.773434087455,7.18057112579806,91,,
2019,1,20,5,0,32.4,-107,2.9,9.3,62,0,106,0,0,946.2,222.063848312648,7.9819700246199,78,,
2019,1,20,6,0,33.5,-102,1.6,11.1,96,0,309,0,0,947,219.927291198415,8.21637341761766,65,,
2019,1,20,7,0,34.8,-98,7.6,11.7,203,0,388,0,0,947.2,222.446041319955,8.36928220973203,51,,
2019,1,20,8,0,36.4,-93,3.1,10.9,171,1.34,647,32.76,0,946.8,225.699827975644,8.59085083796871,38,,
2019,1,20,9,0,37.9,-86,1.3,10.2,156,806.92,824,330.66,0,946.4,229.51225326055,8.7416167539536,24,,
2019,1,20,10,0,39.1,-68,0.5,9.7,144,302.63,929,464.9,0,945.8,227.389710772467,8.01438544678066,11,,
2019,1,20,11,0,39.8,38,5.9,9.4,258,281.2,771,633.31,0,944.9,233.586251362179,7.45571882714612,6,,
2019,1,20,12,0,40.4,82,8.2,9.1,292,689.99,660,850.48,0,944,255.610933796793,12.4810684065076,18,,
2019,1,20,13,0,40.8,90,14.5,8.9,360,1048.1,417,1094.41,0,943.3,259.497689531823,13.3084729815625,32,,
2019,1,20,14,0,40.7,96,19.2,8.6,346,683.45,243,1018.75,0,942.9,269.3172460636,13.4655008216837,46,,
2019,1,20,15,0,40.7,100,11.6,8.3,204,673.18,237,987.4,0,942.4,276.026900330947,11.7520892627912,59,,
2019,1,20,16,0,40.4,105,1.6,8.2,79,214,178,761.18,0,942.4,278.306223381246,9.92021531927134,73,,
2019,1,20,17,0,40,110,2.4,8.2,29,408,21,650.81,0,942.8,282.632666224983,8.37451123323215,86,,
2019,1,20,18,0,39.6,117,0.1,8.2,0,208.24,0,486.34,0,943.2,291.92963291314,7.24695345087253,98,,
2019,1,20,19,0,38.7,125,11.6,8.1,0,112.89,0,269.59,0,943.5,294.513709103764,6.45702299972046,110,,
2019,1,20,20,0,37.4,135,12,7.9,0,131.97,0,62.61,0,943.6,303.06516883861,6.41369427842493,120,,
2019,1,20,21,0,36.1,149,12.1,7.7,0,0,0,0,0,943.8,299.936128707531,6.61290920894638,129,,
2019,1,20,22,0,35.1,166,0.4,7.6,0,0,0,0,0,943.7,314.71973425759,6.3942746744459,134,,
2019,1,20,23,0,34.4,-174,0,7.5,0,0,0,0,0,943.4,342.487178573953,7.31070521515289,135,,
2019,1,21,0,0,33.6,-155,0,7.3,0,0,0,0,0,943,358.646938014092,6.4857234835841,131,,
2019,1,21,1,0,33,-140,0,7.3,0,0,0,0,0,942.8,21.4958119936956,3.67757942335162,124,,
2019,1,21,2,0,32.5,-129,0,7.2,0,0,0,0,0,942.8,0,3.22258726011915,114,,
2019,1,21,3,0,32,-120,0,7.1,0,0,0,0,0,942.7,339.558413382537,2.50535245901126,103,,
2019,1,21,4,0,32.8,-113,0.2,7,8,0,5,0,0,942.9,288.06130914476,1.52430543199892,91,,
2019,1,21,5,0,34.7,-107,6.8,6.9,75,0,83,0,0,943.4,256.41186085918,2.776922774977,78,,
2019,1,21,6,0,36.7,-102,2.2,6.7,97,0,306,0,0,943.8,236.959938605648,2.38581048871085,65,,
2019,1,21,7,0,38.1,-97,0,6.7,96,0,550,0,0,943.9,276.062351924761,2.58867276662091,51,,
2019,1,21,8,0,39,-92,0,6.9,106,1.16,744,31.1,0,943.5,257.981057974547,2.04482499408765,38,,
2019,1,21,9,0,39.9,-85,0,7.1,111,805.28,891,327.95,0,943.2,287.677767220248,1.31195113958083,24,,
2019,1,21,10,0,40.7,-67,2.8,7.1,173,485.2,886,479.85,0,942.6,297.976734065393,0.849244247933084,11,,
2019,1,21,11,0,41.4,37,6.4,6.8,255,390.03,780,620.05,0,941.7,332.07775575704,0.959260646729906,7,,
2019,1,21,12,0,42,81,6,6.5,236,580.04,749,842.19,0,940.8,355.52612182585,1.60246998527118,18,,
2019,1,21,13,0,42.3,90,18,6.3,396,663.06,360,970.66,0,940.2,19.5055610847221,1.71967233094554,32,,
2019,1,21,14,0,42.1,95,11,6.2,250,199.49,401,874.99,0,939.8,44.5982809922975,2.76465699258157,46,,
2019,1,21,15,0,42,100,1.4,6,100,672.5,404,986.51,0,939.4,59.0801234111395,7.03908866242511,59,,
2019,1,21,16,0,41.6,105,2.3,6.4,71,314.47,191,746.46,0,939.2,21.4593799960008,3.54666942141807,73,,
2019,1,21,17,0,41,110,3.7,7.2,29,483.03,23,691.51,0,939.3,34.35101345724,5.48380985113925,86,,
2019,1,21,18,0,40.4,117,0,8.1,0,332.16,0,486.63,0,939.5,21.3132317975446,8.18046257447033,98,,
2019,1,21,19,0,39.5,125,0,8,0,83.34,0,257.59,0,939.5,9.580637133143,8.38226198435772,110,,
2019,1,21,20,0,38.2,135,0,7,0,132.42,0,59.02,0,939.6,25.8731004835478,12.8717290252505,121,,
2019,1,21,21,0,36.9,149,0,6,0,0,0,0,0,939.6,58.6174599112777,11.6720552896098,129,,
2019,1,21,22,0,35.8,166,0,5.7,0,0,0,0,0,939.4,77.0797575195903,10.1315068610345,134,,
2019,1,21,23,0,34.8,-174,0,6,0,0,0,0,0,939,78.7386080410532,7.95804594207226,135,,
2019,1,22,0,0,33.8,-155,0,6.2,0,0,0,0,0,938.6,77.5281610190488,6.34489975272723,132,,
2019,1,22,1,0,33.1,-140,0,6.6,0,0,0,0,0,938.3,111.856865112075,3.99869874121848,124,,
2019,1,22,2,0,32.7,-128,0,7.2,0,0,0,0,0,938.3,107.818395932563,3.84488998726623,115,,
2019,1,22,3,0,32.2,-120,0,7.7,0,0,0,0,0,938.2,80.3107953440953,3.55064931152835,103,,
2019,1,22,4,0,33,-113,3,8.3,7,0,4,0,0,938.3,77.3882049475726,3.20226477692506,91,,
2019,1,22,5,0,35.1,-107,14,8.9,95,0,46,0,0,938.6,77.8886790685378,2.73671867926874,78,,
2019,1,22,6,0,37.2,-102,33.4,9.5,248,0,23,0,0,938.8,91.1641873241675,2.50051616101063,65,,
2019,1,22,7,0,38.9,-97,20.2,9.2,300,0,217,0,0,938.8,110.160481549548,3.11676547179042,51,,
2019,1,22,8,0,40.3,-92,5,8,196,449.88,605,79.32,0,938.5,82.0754078950732,4.16477199414225,38,,
2019,1,22,9,0,41.6,-85,2.3,6.8,169,123.19,800,217.35,0,938.3,75.8436865715803,5.41442465948611,24,,
2019,1,22,10,0,42.5,-66,0.1,6.3,123,342.12,954,426.52,0,937.9,75.4169834227865,4.4681421098136,11,,
2019,1,22,11,0,42.7,35,4.9,6.5,224,137.91,815,513.25,0,937.3,81.2838673819531,2.80986312550949,7,,
2019,1,22,12,0,43,80,24,6.7,487,69.15,299,540.57,0,936.6,111.777080156543,1.75854203242298,18,,
2019,1,22,13,0,42.9,89,43.4,6.9,493,249.75,24,758.06,0,936.3,0.0815805813331281,2.82419861618943,32,,
2019,1,22,14,0,42.4,95,69.5,7.1,229,146.78,1,722.84,0,936.2,7.7097684341349,4.34003669480074,46,,
2019,1,22,15,0,42,100,77.7,7.4,109,232.93,0,758.41,0,936.1,4.51391853529333,7.34698430086889,59,,
2019,1,22,16,0,41.3,105,60.7,7.6,92,419.27,0,764.93,0,936.3,2.85214113048255,8.55738331127948,73,,
2019,1,22,17,0,40.5,110,43.8,7.7,32,135.38,1,584.89,0,936.8,19.5516374739473,11.3453214965416,86,,
2019,1,22,18,0,39.7,116,55.1,7.9,0,347.36,0,465.38,0,937.3,35.4416961159715,11.2093275161941,98,,
2019,1,22,19,0,38.8,124,37.6,8,0,69.48,0,267.23,0,937.7,32.5226906426389,10.6080001116326,110,,
2019,1,22,20,0,38,135,41.2,7.9,0,2.21,0,42.64,0,937.9,52.7311931436889,6.12083275801663,121,,
2019,1,22,21,0,37.1,148,46.4,7.8,0,0,0,0,0,938.2,104.615193252558,5.26389354323372,129,,
2019,1,22,22,0,36.2,166,6.8,7.8,0,0,0,0,0,938.4,163.250100780424,7.12999339742245,134,,
2019,1,22,23,0,35.3,-174,7.2,8.1,0,0,0,0,0,938.5,179.911433331331,10.405710512839,135,,
2019,1,23,0,0,34.3,-155,7.2,8.4,0,0,0,0,0,938.6,184.124510233855,11.2356013420203,132,,
2019,1,23,1,0,33.5,-140,13.3,8.7,0,0,0,0,0,938.8,182.406847829303,8.08534973567214,125,,
2019,1,23,2,0,32.8,-128,9.3,8.8,0,0,0,0,0,939.1,181.934212076466,5.90175408798235,115,,
2019,1,23,3,0,32.1,-119,5.2,9,0,0,0,0,0,939.3,183.555595499701,4.03115110316603,103,,
2019,1,23,4,0,32.1,-112,10.3,9.4,8,0,0,0,0,939.6,180,2.82419575337305,91,,
2019,1,23,5,0,32.6,-107,60.8,9.9,58,0,0,0,0,940,174.514412554077,2.08373870038272,78,,
2019,1,23,6,0,33.1,-102,66.6,10.4,136,0,0,0,0,940.3,123.69006752598,0.901387818865997,65,,
2019,1,23,7,0,34.1,-97,63,10.3,225,0,18,0,0,940.4,355.236358309274,1.50519932234904,52,,
2019,1,23,8,0,35.7,-92,35.1,9.8,447,452.42,92,77.94,0,940.1,319.155863801491,0.991418955850896,38,,
2019,1,23,9,0,37.3,-84,37.2,9.2,465,777.09,142,314.27,0,939.9,123.611320103882,0.811472861288288,24,,
2019,1,23,10,0,38.3,-65,48,9.2,521,902.45,32,559.27,0,939.5,101.995554573755,1.91685700892044,11,,
2019,1,23,11,0,38.9,34,63,9.6,398,967.86,0,779.58,0,938.8,92.0755097708018,3.45146003092701,7,,
2019,1,23,12,0,39.5,79,31.8,10.1,485,1005.76,206,955.11,0,938.2,80.7469074071556,6.680494702398,18,,
2019,1,23,13,0,39.6,89,12.7,10.4,328,1026.79,456,1070.96,0,937.8,88.7335028745766,10.25250464078,32,,
2019,1,23,14,0,39.2,95,35.2,10.7,352,1036.89,122,1119.08,0,937.7,97.942982430582,9.78096993912497,46,,
2019,1,23,15,0,38.7,99,87.1,10.9,65,1036.58,0,1094.7,0,937.5,108.865486462519,7.26026191694582,59,,
2019,1,23,16,0,37.7,104,85.8,11.5,36,1024.44,0,998.76,0,937.7,96.4199677816464,1.53631103666851,73,,
2019,1,23,17,0,36,110,39.3,12.5,17,999.46,0,840.54,0,938.1,68.511292548703,0.310310281805457,86,,
2019,1,23,18,0,34.4,116,8,13.4,0,950.87,0,630.45,0,938.4,126.450303550696,5.22046168653415,98,,
2019,1,23,19,0,33.4,124,38.8,12.8,0,855.64,0,387.02,0,938.9,133.597175241513,6.66135973440318,110,,
2019,1,23,20,0,33.1,134,44.5,10.6,0,612.81,0,135.74,0,939.3,143.60797557082,6.82750303187957,121,,
2019,1,23,21,0,32.9,148,48.2,8.4,0,0,0,0,0,939.7,152.944293189421,9.77269473735948,129,,
2019,1,23,22,0,32.2,166,45.9,6.6,0,0,0,0,0,939.9,160.059326539921,10.7544185803252,135,,
2019,1,23,23,0,31.3,-174,45.9,5.4,0,0,0,0,0,939.8,165.539194874228,9.66587862087115,136,,
2019,1,24,0,0,30.3,-155,42.1,4.1,0,0,0,0,0,939.7,165.118330426555,8.30261114582127,132,,
2019,1,24,1,0,29.4,-140,45.1,3.2,0,0,0,0,0,939.8,182.933707750833,5.12038286425052,125,,
2019,1,24,2,0,28.8,-128,43.2,2.7,0,0,0,0,0,940,189.462322208026,3.80172658143639,115,,
2019,1,24,3,0,28.1,-119,45.5,2.2,0,0,0,0,0,940.2,214.182078266208,2.26652838708301,104,,
2019,1,24,4,0,28.1,-112,15.4,2.7,8,0,1,0,0,940.6,333.811070797478,1.86751667004369,91,,
2019,1,24,5,0,28.6,-107,26.9,4.1,107,0,9,0,0,941.1,342.589557867129,4.00781032672761,78,,
2019,1,24,6,0,29.2,-101,22.7,5.5,223,0,82,0,0,941.6,357.200921208399,4.07906239042318,65,,
2019,1,24,7,0,30.6,-97,53.6,6.3,285,0,2,0,0,941.7,339.986683974386,6.2774683139872,52,,
2019,1,24,8,0,32.7,-91,22.9,6.4,335,484.06,311,79.95,0,941.4,3.35912479550359,5.53289766969353,38,,
2019,1,24,9,0,34.9,-84,1,6.6,143,810.49,824,323.3,0,941.1,20.9023950373339,4.76262627760292,24,,
2019,1,24,10,0,36.5,-64,1.1,7.2,147,932.17,906,573.35,0,940.6,18.1307057009187,4.41858234902851,11,,
2019,1,24,11,0,37.5,32,0.3,8.5,129,994.25,947,796.94,0,939.8,9.67359173567604,5.06804112697901,7,,
2019,1,24,12,0,38.4,79,0,9.7,117,1028.88,907,973.79,0,939,18.3979411390873,3.57721099451033,18,,
2019,1,24,13,0,38.7,88,0.8,10.6,122,1046.88,772,1089.26,0,938.6,42.9940261745842,3.55140712089908,32,,
2019,1,24,14,0,38.4,94,0.8,11.1,106,1051.56,610,1133.05,0,938.4,99.6703454695062,5.62673588081699,46,,
2019,1,24,15,0,38,99,16.3,11.7,202,1045.27,223,1102.71,0,938.3,122.379264566021,9.41654936433437,59,,
2019,1,24,16,0,37.4,104,36.9,12.5,158,1027.13,10,1000.81,0,938.4,157.770714139658,9.86988386629857,73,,
2019,1,24,17,0,36.4,110,19.9,13.7,33,999.63,4,840.34,0,938.8,171.228539526596,11.5765472302286,86,,
2019,1,24,18,0,35.4,116,9.8,14.8,0,948.37,0,628.58,0,939.1,185.139122301729,11.2087984031425,98,,
2019,1,24,19,0,34.6,124,38.1,15.2,0,848.27,0,383.62,0,939.5,185.08469210737,10.2273790402251,110,,
2019,1,24,20,0,34,134,44.6,14.9,0,602.67,0,133.42,0,939.9,194.236152355886,9.57888324123664,121,,
2019,1,24,21,0,33.5,148,45.1,14.6,0,0,0,0,0,940.2,199.805774388801,10.1796412245003,129,,
2019,1,24,22,0,32.9,166,32.6,13.7,0,0,0,0,0,940.3,205.071514255666,11.5139375463669,135,,
2019,1,24,23,0,32.2,-174,37,12.3,0,0,0,0,0,939.9,223.543219040666,10.7452405130598,136,,
2019,1,25,0,0,31.6,-155,32.6,10.9,0,0,0,0,0,939.6,227.993571001373,11.6495579250345,132,,
2019,1,25,1,0,31.1,-140,46.8,9.5,0,0,0,0,0,939.5,250.46594861615,9.88162523999763,125,,
2019,1,25,2,0,30.7,-128,48.8,8.3,0,0,0,0,0,939.5,262.540286628176,9.02558474908408,115,,
2019,1,25,3,0,30.3,-119,50,7.1,0,0,0,0,0,939.5,276.07768846798,6.86276967286703,104,,
2019,1,25,4,0,30.6,-112,36.2,7.2,6,0,0,0,0,939.8,285.709102980222,5.45370265437616,91,,
2019,1,25,5,0,31.4,-106,7.9,8.5,69,0,78,0,0,940.3,305.211929958627,5.50778835948639,79,,
2019,1,25,6,0,32.2,-101,31.3,9.8,239,0,32,0,0,940.8,297.891327294282,7.32328618695624,65,,
2019,1,25,7,0,33.7,-96,42.6,10.7,350,0,9,0,0,940.8,288.270628085407,7.73767179376449,52,,
2019,1,25,8,0,35.7,-91,33.2,11.3,466,490.72,90,78.99,0,940.5,299.399753921711,6.11122413434785,38,,
2019,1,25,9,0,37.8,-83,14,11.8,365,825.45,474,326.2,0,940.1,321.013323991612,5.56315278538074,24,,
2019,1,25,10,0,39,-63,22.5,12.4,488,949.46,332,580.78,0,939.7,317.368729872518,6.01554771124493,11,,
2019,1,25,11,0,39.4,31,2.9,13,186,1011.45,856,807.74,0,939.1,307.972115348418,7.92324906563789,7,,
2019,1,25,12,0,39.8,78,13.8,13.6,385,1046.25,490,987.54,0,938.4,305.031021140225,7.96170106885978,18,,
2019,1,25,13,0,39.4,88,55.5,14.3,381,1064.51,18,1105.24,0,938.2,287.33739704677,5.93752429586779,32,,
2019,1,25,14,0,38.3,94,50.4,15.1,353,1070.36,0,1151.13,0,938.3,282.70627699402,6.78307189152881,46,,
2019,1,25,15,0,37.2,99,57.9,15.9,204,1065.46,0,1121.95,0,938.4,298.855607261895,8.47391525330909,59,,
2019,1,25,16,0,36.1,104,75.3,16.3,65,1048.99,0,1020.03,0,938.7,303.783909708476,8.47844817478159,73,,
2019,1,25,17,0,35.2,109,60,16.1,16,1019.32,0,855.02,0,939.2,317.651154044176,12.8957539226436,86,,
2019,1,25,18,0,34.3,116,56.3,16,0,965.95,0,638.53,0,939.7,328.950130894414,14.7223777675027,98,,
2019,1,25,19,0,33.8,124,33.3,16,0,863.52,0,388.96,0,940.1,300.230681042379,9.01469051420818,110,,
2019,1,25,20,0,33.6,134,28.6,16.2,0,615.38,0,134.93,0,940.2,291.958841998073,8.39799210573418,121,,
2019,1,25,21,0,33.4,148,35,16.3,0,0,0,0,0,940.4,295.203492257533,7.9522168227145,130,,
2019,1,25,22,0,33,165,38.4,16.6,0,0,0,0,0,940.6,295.109689268739,7.51057581882872,135,,
2019,1,25,23,0,32.4,-174,38.5,16.8,0,0,0,0,0,940.7,293.114740245406,6.85515356100362,136,,
2019,1,26,0,0,31.9,-155,38.4,17.1,0,0,0,0,0,940.8,286.543390759307,6.6670725905612,133,,
2019,1,26,1,0,31.3,-140,37.1,17.5,0,0,0,0,0,941,246.750519742868,7.40187505831264,125,,
2019,1,26,2,0,30.6,-128,41.3,17.9,0,0,0,0,0,941.1,248.789342627714,7.32008369169094,115,,
2019,1,26,3,0,30,-119,30.5,18.3,0,0,0,0,0,941.3,254.035869254576,6.44786363261799,104,,
2019,1,26,4,0,30.1,-112,30.5,18.7,6,0,0,0,0,941.5,260.992216376305,5.26411769642079,92,,
2019,1,26,5,0,30.9,-106,27,19,101,0,1,0,0,941.7,268.588835639643,5.07573517271627,79,,
2019,1,26,6,0,31.7,-101,17,19.3,214,0,97,0,0,942,284.997821656511,4.34728305670867,65,,
2019,1,26,7,0,33.2,-96,25.6,18.4,361,0,93,0,0,941.9,278.215580177286,2.97977597281393,52,,
2019,1,26,8,0,35.3,-91,17.6,16.4,367,485.32,312,76.64,0,941.6,286.601438200266,3.93752567778086,38,,
2019,1,26,9,0,37.5,-83,16.9,14.4,420,826.66,390,324.43,0,941.2,299.539408339871,3.90612171206306,25,,
2019,1,26,10,0,39.1,-62,13.7,13.1,398,952.7,523,580.47,0,940.6,299.386204537913,4.3306013974024,12,,
2019,1,26,11,0,40.2,30,5.3,12.2,238,1014.33,787,808.05,0,939.8,304.549988727323,4.18778895660785,7,,
2019,1,26,12,0,41.4,77,0,11.4,120,1048.49,907,988.07,0,939,308.612710606751,4.444160520147,18,,
2019,1,26,13,0,41.6,87,0.3,11.1,115,1066.21,786,1105.81,0,938.5,294.491383387616,2.4122170661662,32,,
2019,1,26,14,0,40.9,94,2.5,11.2,137,1073.86,567,1153.85,0,938.1,132.354209018362,1.97636725325908,46,,
2019,1,26,15,0,40.2,99,10.9,11.3,178,1070.81,270,1126.58,0,937.8,172.489843533464,6.15771652329569,59,,
2019,1,26,16,0,39,104,39,11.9,133,1056.3,27,1026.09,0,937.9,213.825178754491,8.55337455613309,73,,
2019,1,26,17,0,37.3,109,24.5,13.2,30,1024.42,14,858.44,0,938.5,233.383216927151,8.76945584547284,86,,
2019,1,26,18,0,35.7,115,42.9,14.4,0,968.68,0,639.59,0,939.2,286.411353427671,15.4823919767871,98,,
2019,1,26,19,0,34.7,123,11.5,14.6,0,863.82,0,388.39,0,939.8,285.958669702021,10.6122085675262,110,,
2019,1,26,20,0,34.4,134,21.7,13.8,0,613.97,0,133.98,0,940.4,301.937874329831,7.85716173510727,121,,
2019,1,26,21,0,34.1,148,19.9,13,0,0,0,0,0,941,306.058280749131,6.52309452694042,130,,
2019,1,26,22,0,33.4,165,1.9,12.8,0,0,0,0,0,941.5,295.234999330002,5.35901526295981,135,,
2019,1,26,23,0,32.5,-174,1,13.4,0,0,0,0,0,941.7,296.28402539491,5.43266209182517,136,,
2019,1,27,0,0,31.5,-155,1.2,13.9,0,0,0,0,0,941.9,301.882888461726,5.70889061730673,133,,
2019,1,27,1,0,30.6,-140,0,14.3,0,0,0,0,0,942.2,241.032430784841,4.37103904806796,125,,
2019,1,27,2,0,30,-128,0,14.5,0,0,0,0,0,942.4,244.147853820754,3.94121033870331,116,,
2019,1,27,3,0,29.3,-119,0.1,14.7,0,0,0,0,0,942.6,254.431345141251,4.1766341247851,104,,
2019,1,27,4,0,29.2,-112,14.1,14.8,6,0,1,0,0,943,258.910031643863,4.40648080411181,92,,
2019,1,27,5,0,29.9,-106,22.4,14.7,101,0,13,0,0,943.4,286.943460045595,3.60570948771749,79,,
2019,1,27,6,0,30.5,-101,21.7,14.7,215,0,84,0,0,943.9,328.193810729661,4.64701053762527,65,,
2019,1,27,7,0,31.3,-96,21.3,15,316,0,166,0,0,944.1,298.277627248354,3.80121512135024,52,,
2019,1,27,8,0,32.4,-90,1.8,15.8,144,485.9,652,74.95,0,944,321.043714154739,2.70259587567174,38,,
2019,1,27,9,0,33.5,-82,1.6,16.5,161,833.19,782,324.4,0,943.9,319.145124913469,1.71980135133181,25,,
2019,1,27,10,0,33.8,-61,16.3,17.3,416,959.9,457,582.24,0,943.7,288.204894111536,1.52555694336076,12,,
2019,1,27,11,0,33.3,29,32.1,18.2,628,1021.33,92,811.28,0,943.4,258.903038644529,3.10483449877145,7,,
2019,1,27,12,0,32.8,76,26.8,19.1,552,1055.26,185,992.46,0,943,243.274812968107,4.38633763707425,18,,
2019,1,27,13,0,32,87,21.1,19.9,433,1072.82,263,1111.01,0,942.8,239.315547484509,3.57468455624845,32,,
2019,1,27,14,0,30.8,93,7.3,20.6,218,1080.2,435,1159.3,0,942.7,231.224181534456,4.2288007532935,46,,
2019,1,27,15,0,29.7,98,0.7,21.2,103,1076.97,381,1131.9,0,942.5,219.778576446575,5.46398320948363,59,,
2019,1,27,16,0,28.8,103,4.8,21.7,84,1062.36,159,1030.92,0,942.6,209.456618491834,5.22643438259777,73,,
2019,1,27,17,0,28.3,109,13.1,22.1,36,1033.19,3,864.51,0,942.8,211.944999734845,5.66235257313377,86,,
2019,1,27,18,0,27.7,115,8.4,22.4,0,980.5,0,645.81,0,943,223.671207136931,5.6058974557912,99,,
2019,1,27,19,0,27.3,123,0.6,22.3,0,878.72,0,393.28,0,943.2,207.745218958197,4.8330900826795,111,,
2019,1,27,20,0,26.9,134,0,21.8,0,626.97,0,135.3,0,943.4,209.956919937568,5.1082624770142,121,,
2019,1,27,21,0,26.6,147,0,21.3,0,0,0,0,0,943.6,226.008714598886,4.85926872465114,130,,
2019,1,27,22,0,26.3,165,0,21,0,0,0,0,0,943.7,269.239391664888,7.9572034615112,136,,
2019,1,27,23,0,26,-174,0,20.8,0,0,0,0,0,943.7,285.112443972042,7.14551167100189,137,,
2019,1,28,0,0,25.7,-155,0.5,20.7,0,0,0,0,0,943.7,278.39826148766,5.26774673860441,133,,
2019,1,28,1,0,25.4,-139,39.5,20.5,0,0,0,0,0,943.8,249.221360914227,2.11411474040636,126,,
2019,1,28,2,0,25.1,-128,39.1,20.4,0,0,0,0,0,944,223.681074469823,2.27931718491535,116,,
2019,1,28,3,0,24.8,-119,37.7,20.3,0,0,0,0,0,944.1,260.537677791974,1.52069063257455,104,,
2019,1,28,4,0,24.9,-112,28,20.3,6,0,0,0,0,944.4,3.39689723877746,1.25220006780809,92,,
2019,1,28,5,0,25.5,-106,28.3,20.4,103,0,1,0,0,944.9,24.069377112172,2.32735849800185,79,,
2019,1,28,6,0,26,-100,21.8,20.5,214,0,85,0,0,945.3,17.2547810418026,2.27834051436542,66,,
2019,1,28,7,0,27.1,-95,20,20.1,303,0,191,0,0,945.4,31.9938813014165,2.1233277972724,52,,
2019,1,28,8,0,28.8,-90,29.8,19.2,467,478.46,102,72.43,0,945.1,32.2756443145776,2.80902563178053,38,,
2019,1,28,9,0,30.5,-82,35.9,18.2,576,828.67,44,320.78,0,944.9,50.4889495693367,1.84808911475757,25,,
2019,1,28,10,0,31.9,-61,31.4,17.4,612,954.07,113,577.12,0,944.4,88.12366501986,1.55163619538586,12,,
2019,1,28,11,0,32.9,28,35.7,16.8,657,1016.3,32,805.95,0,943.6,119.864259507485,2.30625303311813,8,,
2019,1,28,12,0,33.9,75,21.5,16.2,494,1050.76,303,987.19,0,942.9,138.623446822224,4.19572038265688,19,,
2019,1,28,13,0,34.3,87,12.3,15.8,331,1068.72,451,1106.01,0,942.4,221.04341350195,3.84293872221459,32,,
2019,1,28,14,0,34.2,93,3.7,15.6,164,1074.73,524,1153.06,0,942.2,211.733173291102,3.99572560269608,46,,
2019,1,28,15,0,34,98,9.6,15.4,179,1070.05,267,1124.56,0,941.9,217.782684761681,4.61622918725537,59,,
2019,1,28,16,0,33.5,103,30.2,15.6,133,1053.84,53,1022.8,0,942,191.972344277483,6.04523750675016,73,,
2019,1,28,17,0,32.7,109,33.3,16.2,30,1024,0,856.98,0,942.3,219.019026702365,8.95892993262438,86,,
2019,1,28,18,0,31.9,115,25.3,16.8,0,970.42,0,639.25,0,942.6,229.906069214061,12.2087208266694,99,,
2019,1,28,19,0,31.1,123,0.5,17.2,0,867.43,0,388.16,0,942.9,230.98702102521,15.1221992582467,111,,
2019,1,28,20,0,30.2,133,0,17.2,0,616.47,0,132.74,0,943.1,241.524747000242,13.3625367217268,121,,
2019,1,28,21,0,29.3,147,0,17.2,0,0,0,0,0,943.4,246.63593124811,12.7951350026172,130,,
2019,1,28,22,0,28.6,165,0,17.6,0,0,0,0,0,943.4,256.163457971156,12.004789546138,136,,
2019,1,28,23,0,27.9,-175,0,18.3,0,0,0,0,0,943.2,259.633125880025,10.8095002661397,137,,
2019,1,29,0,0,27.3,-155,0,19,0,0,0,0,0,943,267.702163406811,9.83612611990049,133,,
2019,1,29,1,0,26.7,-139,0,19.4,0,0,0,0,0,942.9,262.476635897279,6.23348611519764,126,,
2019,1,29,2,0,26.3,-127,0,19.6,0,0,0,0,0,943.1,253.489779092796,4.56314268723672,116,,
2019,1,29,3,0,25.9,-118,0,19.7,0,0,0,0,0,943.2,290.226454974257,2.61015489797825,104,,
2019,1,29,4,0,26.6,-111,0,19.9,5,0,3,0,0,943.4,308.000041559026,1.58627366778108,92,,
2019,1,29,5,0,28.4,-105,0.3,20.2,48,0,101,0,0,943.8,3.46152025409361,1.22885044067258,79,,
2019,1,29,6,0,30.2,-100,0,20.4,75,0,312,0,0,944.2,12.7861851406571,1.12961996813491,66,,
2019,1,29,7,0,31.8,-95,0,19.6,90,0,532,0,0,944.1,66.2196281569799,1.3659741279037,52,,
2019,1,29,8,0,33.2,-89,1.5,17.9,129,428.73,683,65.55,0,943.7,78.9641087366225,2.87740629238776,39,,
2019,1,29,9,0,34.6,-81,7.7,16.2,257,782.14,646,303.52,0,943.3,94.5556060316659,2.50792323410464,25,,
2019,1,29,10,0,35.9,-60,23.3,14.7,513,910.02,305,551.51,0,942.7,96.3692754095563,2.46440718110898,12,,
2019,1,29,11,0,36.8,27,21.1,13.5,483,973.59,374,773.51,0,941.9,124.229644327089,3.32611808961447,8,,
2019,1,29,12,0,37.8,74,54.8,12.4,464,1008.98,0,949.68,0,941.1,146.947308104058,4.0824483308003,19,,
2019,1,29,13,0,38.2,86,23.9,11.6,401,1027.55,286,1065.41,0,940.6,161.976024696932,2.916513192631,32,,
2019,1,29,14,0,38,92,34.3,11.2,397,645.64,74,987.06,0,940.4,133.902692264716,1.87588304728167,46,,
2019,1,29,15,0,37.9,98,18.9,10.9,245,641.29,159,955.55,0,940.2,131.836570316733,3.55464736449775,59,,
2019,1,29,16,0,37.2,103,10.3,11.4,112,553.82,118,847.71,0,940.2,178.981426729985,5.94209222580384,73,,
2019,1,29,17,0,36.2,108,13.7,12.6,31,348.45,11,598.43,0,940.6,202.489116330161,4.89134636026347,86,,
2019,1,29,18,0,35.1,115,11.6,13.9,0,126.68,0,74.79,0,940.9,222.82850801847,5.17701925574189,99,,
2019,1,29,19,0,34.2,123,0.4,14.6,0,73.02,0,100.1,0,941.3,223.895449886542,7.30683307914436,111,,
2019,1,29,20,0,33.6,133,0,14.8,0,0,0,35.94,0,941.7,226.797164387652,7.40034727409817,122,,
2019,1,29,21,0,32.9,147,0,15,0,0,0,0,0,942,231.160991435811,7.84805315011576,130,,
2019,1,29,22,0,32.1,165,0,15.6,0,0,0,0,0,942.1,233.252516332582,7.5605408166883,136,,
2019,1,29,23,0,31.2,-175,0,16.8,0,0,0,0,0,942,240.029786236342,6.70925916214477,137,,
2019,1,30,0,0,30.3,-155,0,17.9,0,0,0,0,0,941.8,243.466760734085,5.88520629734603,134,,
2019,1,30,1,0,29.6,-139,0,18.6,0,0,0,0,0,941.8,232.323056175493,4.83176610873443,126,,
2019,1,30,2,0,29.1,-127,0,18.8,0,0,0,0,0,941.9,223.66778014613,3.80172658143639,116,,
2019,1,30,3,0,28.7,-118,0,19.1,0,0,0,0,0,942.1,216.460935392808,2.73442625822202,105,,
2019,1,30,4,0,29.1,-111,0,18.8,4,0,3,0,0,942.4,226.039183558045,1.98079346467506,92,,
2019,1,30,5,0,30.3,-105,0,18,44,0,107,0,0,942.8,251.565051177078,1.18585412256314,79,,
2019,1,30,6,0,31.5,-100,0,17.1,69,0,324,0,0,943.2,244.539505359675,0.635958865928096,66,,
2019,1,30,7,0,33.1,-95,0,15.5,82,0,552,0,0,943.2,55.3599095372746,2.54951772800439,52,,
2019,1,30,8,0,35,-89,0,13.1,90,0,753,18.97,0,942.9,46.3189255301771,2.27931718491535,39,,
2019,1,30,9,0,37,-81,0,10.8,95,0,906,89.52,0,942.5,29.1421190830679,2.71921300990769,25,,
2019,1,30,10,0,38.5,-59,0.1,8.7,99,254.73,994,400.55,0,942,31.0946863708691,4.11459751492301,12,,
2019,1,30,11,0,39.5,26,5.6,6.9,225,372.64,826,594,0,941.2,55.1872553662289,4.20109904247907,8,,
2019,1,30,12,0,40.6,74,5.2,5.1,213,992.63,791,934.38,0,940.5,138.111154116675,8.0381261935512,19,,
2019,1,30,13,0,41.2,86,8.1,3.7,246,1014.49,612,1051.93,0,939.9,154.44411927635,7.82352563485128,32,,
2019,1,30,14,0,41.2,92,5.6,2.7,169,578.97,539,911.82,0,939.5,177.295239075452,7.6214268959044,46,,
2019,1,30,15,0,41.3,97,7.6,1.6,152,607.1,328,910.44,0,939.1,188.612971616267,7.77074539194716,59,,
2019,1,30,16,0,40.6,103,8.3,1.4,97,73.13,153,545.47,0,939.2,198.717881668411,8.21519853288485,73,,
2019,1,30,17,0,39.3,108,7.2,1.9,30,402.44,15,664.19,0,939.7,212.448820023838,11.0579717716195,86,,
2019,1,30,18,0,37.9,114,0,2.5,0,364.55,0,479.2,0,940.1,229.658374798199,14.590664496548,99,,
2019,1,30,19,0,36.6,122,0,2.1,0,806.17,0,362.95,0,940.5,245.70694147062,12.1632798683561,111,,
2019,1,30,20,0,35.6,133,0,0.9,0,549.57,0,120.03,0,940.7,259.760161668536,10.1978846524364,122,,
2019,1,30,21,0,34.5,147,0,-0.3,0,0,0,0,0,940.9,269.350774957855,10.0320779962257,131,,
2019,1,30,22,0,33.7,165,0,-0.8,0,0,0,0,0,940.9,270.69272204803,9.00870088115009,136,,
2019,1,30,23,0,33.1,-175,0,-0.6,0,0,0,0,0,940.8,274.277823878262,7.48210400288518,137,,
2019,1,31,0,0,32.6,-155,0,-0.3,0,0,0,0,0,940.6,294.508962898482,5.80885392387434,134,,
2019,1,31,1,0,32,-139,0,0.2,0,0,0,0,0,940.7,276.410612427,5.32275828614587,126,,
2019,1,31,2,0,31.4,-127,0,1,0,0,0,0,0,941.1,272.30402887876,5.05489076848849,116,,
2019,1,31,3,0,30.8,-118,0,1.8,0,0,0,0,0,941.4,282.855114628915,5.51318359894921,105,,
2019,1,31,4,0,31.4,-111,0,2.9,4,0,3,0,0,941.9,294.610813235397,5.22461712660745,92,,
2019,1,31,5,0,33.1,-105,0,4.3,42,0,112,0,0,942.6,294.237324625673,4.38667253560938,79,,
2019,1,31,6,0,34.8,-100,0,5.6,65,0,335,0,0,943.3,297.979757862231,4.10479560956772,66,,
2019,1,31,7,0,36.4,-95,0,6.2,77,0,564,0,0,943.6,295.045716699623,2.89744601256393,52,,
2019,1,31,8,0,37.9,-89,0,6.2,86,0,764,14.03,0,943.3,301.812224959144,2.94193708487387,39,,
2019,1,31,9,0,39.5,-80,0,6.2,92,0,913,109.2,0,943,312.798982261772,3.23683285970315,25,,
2019,1,31,10,0,40.7,-58,0,5.6,98,0,996,215.35,0,942.5,302.996499055421,1.70000919196689,12,,
2019,1,31,11,0,41.6,25,0,4.4,101,73.48,1011,260.19,0,941.6,163.382422886733,0.860118709031913,8,,
2019,1,31,12,0,42.6,73,0,3.3,101,105.36,953,232.77,0,940.8,156.825694862425,2.71942521569675,19,,
2019,1,31,13,0,42.8,85,0.4,2.7,107,0,816,446.68,0,940.3,174.6241719184,3.4174440998959,32,,
2019,1,31,14,0,42.5,92,2.6,2.5,134,0,588,446.98,0,940,201.883752758835,3.63708082877856,46,,
2019,1,31,15,0,42.1,97,2.2,2.4,106,21.43,393,611.31,0,939.7,283.632397773982,6.04944695070125,59,,
2019,1,31,16,0,41.2,102,0.3,2.8,64,0.01,198,482.12,0,939.8,276.025823022508,8.15066472687934,73,,
2019,1,31,17,0,40,108,0.3,3.5,22,25.97,27,422.79,0,940.3,263.287696484942,7.38284337965209,86,,
2019,1,31,18,0,38.7,114,0,4.3,0,0,0,209.76,0,940.8,269.242698939556,12.9971140455309,99,,
2019,1,31,19,0,37.5,122,0,4.3,0,0,0,131.43,0,941.2,321.39401591035,9.1713829400571,111,,
2019,1,31,20,0,36.5,132,0,3.5,0,0,0,33.11,0,941.6,350.640294525255,10.8346616265095,122,,
2019,1,31,21,0,35.5,146,0,2.6,0,0,0,0,0,941.9,355.230624957559,9.72812280557937,131,,
2019,1,31,22,0,34.5,164,0,2.3,0,0,0,0,0,942.2,358.719687278045,9.27497114972368,137,,
2019,1,31,23,0,33.5,-175,0,2.6,0,0,0,0,0,942.3,358.54537369094,8.32212050167348,138,,
2019,2,1,0,0,32.6,-155,0,2.8,0,0,0,0,0,942.4,358.858122873818,8.0516673047477,134,,
2019,2,1,1,0,31.7,-139,0,2.9,0,0,0,0,0,942.6,4.98123683805164,4.40295695529068,127,,
2019,2,1,2,0,30.9,-127,0,2.9,0,0,0,0,0,942.8,15.8836233581962,3.16772822328506,117,,
2019,2,1,3,0,30.1,-118,0,2.8,0,0,0,0,0,943.1,351.239490980612,1.66784931765312,105,,
2019,2,1,4,0,30.4,-111,0,3.3,4,0,2,0,0,943.5,272.876545288478,1.47847139037864,93,,
2019,2,1,5,0,31.9,-105,0,4.1,48,0,98,0,0,944,253.072486935853,3.00520382004283,80,,
2019,2,1,6,0,33.4,-99,0,5,76,0,314,0,0,944.5,256.352982185668,2.64898259274837,66,,
2019,2,1,7,0,35,-94,0,4.8,90,0,542,0,0,944.6,252.042553654888,0.73500075561166,53,,
2019,2,1,8,0,36.8,-88,0,3.5,99,0,744,12.06,0,944.2,261.11271604317,1.46680596563052,39,,
2019,2,1,9,0,38.6,-80,0,2.2,103,0.01,898,163.88,0,943.9,258.273835426227,1.48008497269018,25,,
2019,2,1,10,0,39.9,-57,0,1.6,105,0,989,161.03,0,943.3,127.31706888793,0.908580027619354,13,,
2019,2,1,11,0,40.7,24,0,1.7,105,83.4,1008,188.74,0,942.6,156.922910814541,5.34114827305552,8,,
2019,2,1,12,0,41.5,72,0,1.9,102,16.96,955,250.77,0,941.8,172.561277934067,4.55367324489674,19,,
2019,2,1,13,0,41.8,84,0,1.9,91,0.16,841,475.19,0,941.2,161.492607783743,3.83888581474099,32,,
2019,2,1,14,0,41.8,91,0,1.7,84,0,662,408.49,0,940.8,172.691676154594,3.31567720042488,46,,
2019,2,1,15,0,41.8,97,0,1.6,75,0,441,324,0,940.3,188.632225537549,4.16412828026953,59,,
2019,2,1,16,0,41.2,102,0.4,2,60,0,206,300.12,0,940.4,201.038733868785,4.95102421845322,73,,
2019,2,1,17,0,40,108,3.3,2.8,26,18.1,22,235.65,0,940.9,223.292388021577,4.63133139167887,86,,
2019,2,1,18,0,38.7,114,0,3.7,0,0,0,244.46,0,941.5,229.635796755568,4.81897281185459,99,,
2019,2,1,19,0,37.4,122,0,3.6,0,189.22,0,95.73,0,941.9,225.481582167034,2.30618847075094,111,,
2019,2,1,20,0,35.9,132,0,2.7,0,255.98,0,69.24,0,942.1,215.988507347319,3.05087086430941,122,,
2019,2,1,21,0,34.5,146,0,1.8,0,0,0,0,0,942.4,226.036400546905,3.8150199162101,131,,
2019,2,1,22,0,33.5,164,0,1.1,0,0,0,0,0,942.3,220.972857762548,3.73523013520479,137,,
2019,2,1,23,0,32.7,-175,0,0.5,0,0,0,0,0,942,213.450671049488,4.12429932088943,138,,
2019,2,2,0,0,32,-155,0,0,0,0,0,0,0,941.7,218.240860467363,3.75494893330268,134,,
2019,2,2,1,0,31.3,-139,0,-0.6,0,0,0,0,0,941.6,244.724777652288,2.70848654644715,127,,
2019,2,2,2,0,30.6,-127,0,-1.1,0,0,0,0,0,941.7,258.70441372508,2.57323572565147,117,,
2019,2,2,3,0,30,-118,0,-1.6,0,0,0,0,0,941.9,271.97901098461,2.82588126550072,105,,
2019,2,2,4,0,30.6,-110,0,-1,3,0,2,0,0,942.2,221.437116655227,2.26655381764498,93,,
2019,2,2,5,0,32.5,-105,0,0.5,42,0,107,0,0,942.9,207.348127776256,2.55945786629342,80,,
2019,2,2,6,0,34.4,-99,0,2.1,64,0,332,0,0,943.5,220.914383220025,2.4811791551599,66,,
2019,2,2,7,0,36.1,-94,0,2.1,74,0,566,0,0,943.7,213.041491229397,2.29254224627316,53,,
2019,2,2,8,0,37.5,-88,0,0.5,80,0,772,16.5,0,943.4,162.631030391575,2.59071846822663,39,,
2019,2,2,9,0,38.9,-79,0.5,-1.1,93,0.01,913,166.33,0,943.1,160.219089103752,5.30925917963539,25,,
2019,2,2,10,0,40.1,-56,0,-1.6,82,0,1023,234.47,0,942.5,164.825676952525,4.8647908182108,13,,
2019,2,2,11,0,41.1,23,0,-0.9,81,0,1044,261.6,0,941.6,173.576063512668,5.55019726380818,9,,
2019,2,2,12,0,42.1,71,0,-0.2,79,108.73,990,146.25,0,940.7,184.064650929098,5.40394155308262,19,,
2019,2,2,13,0,42.6,84,0,0,75,95.94,867,660.6,0,940,189.28912328885,7.33411309778611,32,,
2019,2,2,14,0,42.6,91,0,-0.1,71,0,684,249.58,0,939.4,195.557827465787,7.74844596176535,46,,
2019,2,2,15,0,42.6,96,0.9,-0.3,73,547.1,446,900.71,0,938.8,210.743732078968,7.67173350404711,60,,
2019,2,2,16,0,41.9,102,2.8,-0.2,63,323.7,202,726.13,0,938.8,243.39926663153,8.66296674262562,73,,
2019,2,2,17,0,40.6,107,3.7,0.2,21,367.03,29,634.87,0,939.3,248.43013330835,8.68221133098382,86,,
2019,2,2,18,0,39.3,114,0.2,0.5,0,0.99,0,266.23,0,939.8,258.456384497218,9.33315522391313,99,,
2019,2,2,19,0,37.9,122,0,0.5,0,15.67,0,245.91,0,940.2,258.479663555198,9.07724147270792,111,,
2019,2,2,20,0,36.4,132,0,0.1,0,0,0,34.89,0,940.4,241.660731351376,7.40709403324104,122,,
2019,2,2,21,0,34.9,146,0,-0.3,0,0,0,0,0,940.7,254.14014740091,5.07551605166914,131,,
2019,2,2,22,0,33.7,164,0,-0.5,0,0,0,0,0,940.7,263.648812484287,5.47475446565812,137,,
2019,2,2,23,0,32.9,-175,0,-0.5,0,0,0,0,0,940.6,223.156021262727,4.27276737260563,138,,
2019,2,3,0,0,32.1,-155,0,-0.6,0,0,0,0,0,940.4,230.576230889336,5.4923717228789,135,,
2019,2,3,1,0,31.4,-138,0,-0.4,0,0,0,0,0,940.5,235.425545070849,6.86969443504986,127,,
2019,2,3,2,0,30.7,-126,0,0.1,0,0,0,0,0,940.7,228.621484704117,6.99665098457827,117,,
2019,2,3,3,0,30.1,-117,0,0.6,0,0,0,0,0,940.9,231.02905692085,7.07427330909916,105,,
2019,2,3,4,0,30.8,-110,0,1.4,3,0,2,0,0,941.3,226.422579962363,6.45433871164253,93,,
2019,2,3,5,0,32.7,-104,0,2.7,40,0,107,0,0,941.8,232.613855200516,4.94084395451164,80,,
2019,2,3,6,0,34.6,-99,0,4,62,0,332,0,0,942.3,220.742564957452,3.79462970905691,66,,
2019,2,3,7,0,36.5,-94,0,3.5,74,0,564,0,0,942.5,229.725272645633,5.80088296981254,53,,
2019,2,3,8,0,38.5,-87,0.5,1.3,92,368.78,752,52.53,0,942.2,220.18280155071,6.08436377798234,39,,
2019,2,3,9,0,40.4,-78,0.8,-0.9,103,749.73,896,283.48,0,941.9,221.319381936868,6.02283038379148,26,,
2019,2,3,10,0,41.7,-55,0,-1.9,88,45.1,1011,382.46,0,941.4,223.338970465056,5.4298948388023,13,,
2019,2,3,11,0,42.5,22,0,-1.6,89,958.55,1029,754.54,0,940.6,226.798596234312,4.05131966389837,9,,
2019,2,3,12,0,43.2,70,0,-1.2,87,1001.84,973,936.58,0,939.7,227.471775063015,3.39784263129651,19,,
2019,2,3,13,0,43.5,83,0,-1,84,69.2,850,653.6,0,939.1,258.71003870911,4.11098576154891,32,,
2019,2,3,14,0,43.3,91,0,-0.8,79,104.88,668,779.53,0,938.6,260.650379411153,4.184612171589,46,,
2019,2,3,15,0,43.1,96,1.7,-0.6,88,1024.88,420,1075.62,0,938.2,309.097934904904,3.70974838813494,60,,
2019,2,3,16,0,42.4,101,10.3,0.5,92,527.25,151,832.43,0,938.3,349.102826976767,3.47233226546562,73,,
2019,2,3,17,0,41.3,107,8.5,2.2,28,398.24,13,658.91,0,938.9,313.680629344017,3.73785183540576,86,,
2019,2,3,18,0,40.2,113,0.1,4,0,57.98,0,430.17,0,939.5,296.642830677662,4.57168421632541,99,,
2019,2,3,19,0,39,121,11.7,5.1,0,803.67,0,357.47,0,940,311.179374188333,2.74614195178808,111,,
2019,2,3,20,0,37.7,132,12.2,5.6,0,2.61,0,39.22,0,940.3,5.18960916517301,2.80021915280326,122,,
2019,2,3,21,0,36.5,146,11.9,6,0,0,0,0,0,940.5,89.5004517828378,6.7495206447802,131,,
2019,2,3,22,0,35.4,164,0.4,7.1,0,0,0,0,0,940.6,128.32812911537,12.029915760471,137,,
2019,2,3,23,0,34.3,-175,0,8.6,0,0,0,0,0,940.5,131.285374190399,8.6963480555696,139,,
2019,2,4,0,0,33.2,-154,0,10.1,0,0,0,0,0,940.4,140.408792514247,7.94301970262154,135,,
2019,2,4,1,0,32.2,-138,0,11.1,0,0,0,0,0,940.5,168.340986837127,7.03550828562173,127,,
2019,2,4,2,0,31.4,-126,0,11.6,0,0,0,0,0,940.7,181.370856336313,4.247194365057,117,,
2019,2,4,3,0,30.6,-117,0,12,0,0,0,0,0,940.9,187.650046649442,3.02288352152806,106,,
2019,2,4,4,0,30.5,-110,0.1,12.6,3,0,1,0,0,941.4,210.125959038347,2.19486482164503,93,,
2019,2,4,5,0,31.1,-104,6,13.2,64,0,59,0,0,942.2,234.392393667941,1.84496518031227,80,,
2019,2,4,6,0,31.7,-99,0.1,13.7,85,0,283,0,0,942.9,162.422545011271,1.07351435136433,67,,
2019,2,4,7,0,33.1,-93,6.1,13.4,180,0,387,0,0,943.1,143.048123916097,1.12419690408422,53,,
2019,2,4,8,0,35.2,-87,13,12.3,306,391.37,403,53.22,0,942.7,97.1250163489018,1.00778221853732,39,,
2019,2,4,9,0,37.3,-78,3.5,11.1,191,778.46,747,290.35,0,942.3,93.3229765458245,0.876473657034444,26,,
2019,2,4,10,0,38.8,-54,0,9.9,120,915.18,946,542.69,0,941.7,53.8888759310681,1.94856237331637,13,,
2019,2,4,11,0,39.7,21,0,8.8,120,980.98,965,768.65,0,940.8,48.9408366634028,2.81285079825573,9,,
2019,2,4,12,0,40.6,69,0,7.7,118,1017.58,911,948.57,0,939.9,155.088794079015,0.537990002373547,19,,
2019,2,4,13,0,40.9,83,0,6.9,112,569.03,793,889.86,0,939.3,127.594782630567,3.02187767836569,32,,
2019,2,4,14,0,40.6,90,2.4,6.6,136,624.67,569,954.12,0,938.9,140.929739556688,5.85643648993795,46,,
2019,2,4,15,0,40.3,96,43.9,6.3,243,1040.05,48,1089.3,0,938.6,147.858724706888,5.01450781287722,60,,
2019,2,4,16,0,39.6,101,77.3,6.7,54,1024.13,0,990.37,0,938.6,142.660014596087,4.20547691485929,73,,
2019,2,4,17,0,38.5,107,43.4,7.8,18,991.78,0,826.16,0,939,108.645753475944,2.63848510359302,86,,
2019,2,4,18,0,37.4,113,19,9,0,398.68,0,500.28,0,939.4,129.431048368,4.75379715041964,99,,
2019,2,4,19,0,36.1,121,46.8,10.3,0,297.16,0,275.98,0,939.7,127.483347708272,5.25724518926617,112,,
2019,2,4,20,0,34.6,131,59.5,11.9,0,562.39,0,116.52,0,940.1,126.785398689473,5.79905488140496,123,,
2019,2,4,21,0,33.1,145,57.4,13.5,0,0,0,0,0,940.4,155.453388591007,4.37170766072894,132,,
2019,2,4,22,0,32,164,51.1,14.8,0,0,0,0,0,940.5,179.742821169381,5.21131195062706,138,,
2019,2,4,23,0,31.2,-175,57.6,15.9,0,0,0,0,0,940.4,180.03785570683,6.08626078120522,139,,
2019,2,5,0,0,30.3,-154,56.4,16.9,0,0,0,0,0,940.3,181.929484853194,5.46033411063555,135,,
2019,2,5,1,0,29.7,-138,30.2,17.3,0,0,0,0,0,940.3,214.327240144974,1.385720887231,128,,
2019,2,5,2,0,29.2,-126,30.2,16.9,0,0,0,0,0,940.3,166.617383482249,1.08013404942592,117,,
2019,2,5,3,0,28.7,-117,28.2,16.5,0,0,0,0,0,940.3,130.869492046891,0.728382436597719,106,,
2019,2,5,4,0,29,-110,1.5,16.3,3,0,1,0,0,940.6,94.4664218836464,1.30476663581808,93,,
2019,2,5,5,0,30.2,-104,20.7,16.1,68,0,40,0,0,941.4,89.4475262884967,2.42591702363069,80,,
2019,2,5,6,0,31.3,-98,8.5,15.9,123,0,218,0,0,942.1,96.4780639601697,3.77409714454272,67,,
2019,2,5,7,0,32.7,-93,0,15.1,91,0,515,0,0,942.4,114.204844030345,4.87804703255645,53,,
2019,2,5,8,0,34.3,-87,0,13.9,101,0,712,2.02,0,942.2,117.436371666006,5.85809646531358,39,,
2019,2,5,9,0,35.9,-77,0,12.6,107,0,861,83.62,0,942,118.876946758699,6.36571581418611,26,,
2019,2,5,10,0,37.1,-53,0,11.6,110,0,950,296.2,0,941.5,118.893474580394,6.87979088710438,13,,
2019,2,5,11,0,37.9,21,0,10.8,111,65.18,969,505.01,0,940.6,121.633540866625,8.48298942483535,9,,
2019,2,5,12,0,38.7,68,0,10,109,12.71,916,449.56,0,939.8,128.702067028944,8.35895167422572,19,,
2019,2,5,13,0,39,82,0,9.5,104,999.39,799,1030.53,0,939.1,145.540549999274,7.91167873160685,32,,
2019,2,5,14,0,38.9,90,1.2,9.3,112,0,600,299.95,0,938.6,147.266731136212,7.07229830197146,46,,
2019,2,5,15,0,38.7,95,2.6,9,110,35.65,372,293.15,0,938.1,149.979209437042,8.14327400748959,60,,
2019,2,5,16,0,38.2,101,4.1,9.5,80,45.49,161,623.88,0,938,177.022149611669,9.85687584175885,73,,
2019,2,5,17,0,37.4,106,1.7,10.8,23,161.07,20,589.44,0,938.3,199.900325517517,10.0741533044241,87,,
2019,2,5,18,0,36.5,113,0,12.1,0,33.83,0,378.86,0,938.7,213.42751886882,10.6852856876497,99,,
2019,2,5,19,0,35.6,121,4.8,12.4,0,0,0,137.93,0,939,216.010757301273,9.17508004042381,112,,
2019,2,5,20,0,34.5,131,5,11.9,0,526.08,0,109.76,0,939.2,230.652283427688,11.8291843862903,123,,
2019,2,5,21,0,33.4,145,5.2,11.4,0,0,0,0,0,939.5,237.431142184371,11.6612733167738,132,,
2019,2,5,22,0,32.7,164,22.1,11.5,0,0,0,0,0,939.5,237.581667120785,10.9663401218687,138,,
2019,2,5,23,0,32.4,-175,33.1,12.2,0,0,0,0,0,939.3,240.210441928121,10.8740758143427,139,,
2019,2,6,0,0,32.2,-154,19.6,12.8,0,0,0,0,0,939.1,244.867664982098,10.1264393164225,136,,
2019,2,6,1,0,31.7,-138,17.6,13.1,0,0,0,0,0,939,250.433608565975,8.07173993703159,128,,
2019,2,6,2,0,30.9,-126,19.7,13,0,0,0,0,0,939.1,240.049179797184,4.61651605565915,118,,
2019,2,6,3,0,30.2,-117,19.7,12.9,0,0,0,0,0,939.2,203.529968870802,3.00378151793118,106,,
2019,2,6,4,0,30.4,-109,32.4,13.1,2,0,0,0,0,939.5,176.939495702127,4.6824828192717,93,,
2019,2,6,5,0,31.7,-103,5.3,13.5,56,0,65,0,0,940.1,172.724995042111,5.92267887024107,80,,
2019,2,6,6,0,33,-98,2.9,13.9,109,0,243,0,0,940.7,169.919402012458,5.71319744101322,67,,
2019,2,6,7,0,34.5,-93,3.3,13.6,148,0,435,0,0,941,160.929768543325,6.34840830628519,53,,
2019,2,6,8,0,36,-86,0.3,12.6,126,0,684,2.77,0,940.8,158.404689551032,6.45295474957015,40,,
2019,2,6,9,0,37.6,-77,0,11.5,129,745.58,841,276.48,0,940.7,157.440629301626,6.57748878726628,26,,
2019,2,6,10,0,38.7,-52,0,10.6,134,0,929,253.33,0,940.2,152.444907882764,7.07605348717431,14,,
2019,2,6,11,0,39.4,20,2.8,9.8,195,42.79,858,284.29,0,939.5,149.730806813842,8.62508158549364,10,,
2019,2,6,12,0,40.1,68,6.1,9,254,1002.28,710,932.61,0,938.7,156.504132254117,9.59207300569494,19,,
2019,2,6,13,0,40.3,82,9.7,8.4,282,1026.69,535,1055.07,0,938.2,157.935460862573,9.19262625231761,32,,
2019,2,6,14,0,40,89,52.1,8.2,333,110.77,23,781.85,0,937.9,159.010557660706,6.84881338473571,46,,
2019,2,6,15,0,39.6,95,69.1,7.9,149,176.7,0,817.51,0,937.6,172.817790207858,4.40554658339793,60,,
2019,2,6,16,0,38.3,101,41.2,8.9,121,80.39,12,625.76,0,937.8,202.436340080762,3.08079029315189,73,,
2019,2,6,17,0,36.1,106,23.6,11,30,393.68,1,653.56,0,938.5,225.410702668106,2.70418422249893,87,,
2019,2,6,18,0,33.8,113,3.3,13.1,0,904.85,0,591.33,0,939.1,241.340078723001,5.88014351226004,100,,
2019,2,6,19,0,32.5,120,0,13.9,0,0,0,108.41,0,939.7,248.698042061633,7.90286973487619,112,,
2019,2,6,20,0,32.1,131,0,13.4,0,0,0,13.93,0,940.3,242.687149573773,6.9634577092152,123,,
2019,2,6,21,0,31.7,145,0,13,0,0,0,0,0,940.8,255.030603719017,10.3747332578978,132,,
2019,2,6,22,0,31.2,164,4.7,12.5,0,0,0,0,0,941.1,266.962955417042,10.6238363707877,138,,
2019,2,6,23,0,30.7,-175,4.9,12,0,0,0,0,0,941.1,281.944790027094,10.6804544053512,139,,
2019,2,7,0,0,30.2,-154,6.7,11.6,0,0,0,0,0,941.1,288.242695366493,10.0935720356959,136,,
2019,2,7,1,0,29.6,-138,0.4,11.3,0,0,0,0,0,941.2,301.715638951834,8.57385099307681,128,,
2019,2,7,2,0,28.9,-125,0,11.2,0,0,0,0,0,941.5,312.704443203302,5.52327742926205,118,,
2019,2,7,3,0,28.2,-116,0.2,11.1,0,0,0,0,0,941.8,250.1793702758,3.98614419195243,106,,
2019,2,7,4,0,28.3,-109,12.4,11.4,2,0,0,0,0,942.3,236.413963268278,3.57311898174615,93,,
2019,2,7,5,0,29.3,-103,39.8,12,64,0,1,0,0,942.9,225,2.86719459326749,80,,
2019,2,7,6,0,30.2,-98,65.5,12.7,125,0,0,0,0,943.6,211.617383482249,3.0550804437582,67,,
2019,2,7,7,0,31.6,-92,59.5,12.3,246,0,0,0,0,943.9,211.865977693604,5.44575522769799,53,,
2019,2,7,8,0,33.6,-86,50,11,388,359.61,24,46.72,0,943.8,215.915869338084,6.9454802596223,40,,
2019,2,7,9,0,35.5,-76,11,9.6,314,761.41,551,279.31,0,943.8,224.860047318863,7.93559122779445,26,,
2019,2,7,10,0,37,-52,6.7,8.7,260,0,734,232.01,0,943.3,227.171302770759,8.38352851462277,14,,
2019,2,7,11,0,38.1,19,3,8.2,189,972.01,864,757.23,0,942.5,223.482622998225,7.40783510038723,10,,
2019,2,7,12,0,39.1,67,0.1,7.8,122,1010.84,907,938.39,0,941.7,226.87632823267,6.91453878677192,19,,
2019,2,7,13,0,39.6,81,7.6,7.3,257,1032.05,579,1058.86,0,941.1,228.523164286896,5.43789065497658,33,,
2019,2,7,14,0,39.3,89,3.3,6.9,156,109.59,541,776.6,0,940.8,233.240662650648,4.43209929272193,46,,
2019,2,7,15,0,39.1,95,6.8,6.4,158,421.92,302,902.78,0,940.5,232.173582601789,3.51628056440726,60,,
2019,2,7,16,0,38.3,100,23.3,7.3,146,1026.44,43,988.99,0,940.7,214.715080451463,3.3886556460944,73,,
2019,2,7,17,0,37,106,20.2,9.4,24,174.46,1,610.83,0,941.4,203.544293351775,3.57941473174549,87,,
2019,2,7,18,0,35.7,112,0.3,11.5,0,939.39,0,609.7,0,942,211.723709809741,8.93682787197052,100,,
2019,2,7,19,0,34.8,120,32.8,11.5,0,831.58,0,362,0,942.6,243.536164064892,10.8254938317382,112,,
2019,2,7,20,0,34.3,131,31.8,9.5,0,561.38,0,112.36,0,943.1,244.993575673176,9.17633975077828,123,,
2019,2,7,21,0,33.8,145,34.9,7.5,0,0,0,0,0,943.6,251.12041309705,7.52161514295968,132,,
2019,2,7,22,0,33.3,163,12.7,6.7,0,0,0,0,0,943.9,261.801944379447,6.71296963660605,138,,
2019,2,7,23,0,32.7,-175,0,7.1,0,0,0,0,0,943.8,258.193017511689,7.61842535822236,140,,
2019,2,8,0,0,32.1,-154,0.3,7.4,0,0,0,0,0,943.8,266.490329885102,6.19143764044174,136,,
2019,2,8,1,0,31.6,-137,28.5,7.9,0,0,0,0,0,943.8,274.037222443299,5.21212953728646,128,,
2019,2,8,2,0,31.2,-125,24.2,8.3,0,0,0,0,0,944,278.483023738374,2.43305250500973,118,,
2019,2,8,3,0,30.9,-116,13.6,8.8,0,0,0,0,0,944.2,222.047695316666,3.80859733069555,106,,
2019,2,8,4,0,31,-109,8.6,9.8,2,0,0,0,0,944.7,226.194426459051,7.55057419673052,94,,
2019,2,8,5,0,31.6,-103,28.9,11.5,78,0,1,0,0,945.3,226.296600550516,6.22470217502849,81,,
2019,2,8,6,0,32.2,-97,49.2,13.2,177,0,0,0,0,946,218.90895705769,6.1695499361324,67,,
2019,2,8,7,0,33.2,-92,60.6,13.3,231,0,0,0,0,946.3,210.111543586221,6.12774062694524,53,,
2019,2,8,8,0,34.5,-85,49.9,11.7,389,368.47,22,46.12,0,946.1,214.801911816981,5.69435205732616,40,,
2019,2,8,9,0,35.8,-75,34.2,10.1,555,772.11,76,280.64,0,946,196.073208401212,6.50425982988608,26,,
2019,2,8,10,0,36.9,-51,40.2,9.1,627,910.84,6,532.85,0,945.5,206.863862027646,6.36241926047227,14,,
2019,2,8,11,0,37.7,19,40.9,8.6,623,976.5,13,758.7,0,944.7,202.435780277353,6.81678083163035,10,,
2019,2,8,12,0,38.4,66,45.4,8.1,558,1012.42,1,938.25,0,943.9,177.410825132131,7.60535139162043,20,,
2019,2,8,13,0,38.6,81,57.4,7.9,384,1030.83,0,1056.37,0,943.4,180.900439378401,4.97722312058694,33,,
2019,2,8,14,0,38.1,89,57.4,8.1,304,276.69,0,882.7,0,943.2,243.221674206098,6.10378852505384,46,,
2019,2,8,15,0,37.5,94,59.4,8.2,200,51.08,0,478.42,0,942.9,245.118864615963,7.54819076983617,60,,
2019,2,8,16,0,36.7,100,42.6,8.9,140,562.21,4,845.18,0,943,243.267480234499,8.38855834755919,74,,
2019,2,8,17,0,35.5,106,22.6,10.1,25,440.51,1,676,0,943.5,259.775154272609,7.35065281018462,87,,
2019,2,8,18,0,34.3,112,13.6,11.3,0,390.81,0,487.77,0,943.9,267.19984982736,6.71854544147335,100,,
2019,2,8,19,0,33.4,120,15.1,11.4,0,284.53,0,264.88,0,944.4,273.272596526852,6.49853388742824,112,,
2019,2,8,20,0,32.8,130,25.7,10.5,0,544.81,0,108.46,0,944.8,282.910456197339,5.0171811940026,123,,
2019,2,8,21,0,32.2,144,29.8,9.6,0,0,0,0,0,945.2,285.618515333192,4.25051363253975,133,,
2019,2,8,22,0,31.6,163,1.1,9,0,0,0,0,0,945.4,268.560846780247,3.27442438929463,139,,
2019,2,8,23,0,31,-175,0,8.9,0,0,0,0,0,945.3,273.742347426869,1.73029809482897,140,,
2019,2,9,0,0,30.5,-154,0,8.7,0,0,0,0,0,945.2,359.870904463602,1.78472384429485,136,,
2019,2,9,1,0,29.8,-137,0,7.9,0,0,0,0,0,945.2,23.988912810783,2.0946694030005,129,,
2019,2,9,2,0,29,-125,0,6.4,0,0,0,0,0,945.5,63.5007017309624,1.56704696627606,118,,
2019,2,9,3,0,28.2,-116,0,4.9,0,0,0,0,0,945.7,142.448531403566,1.64075948512959,106,,
2019,2,9,4,0,28.3,-109,0,4.1,2,0,1,0,0,946.1,193.016416254101,1.43939722783018,94,,
2019,2,9,5,0,29.1,-103,2.3,4,45,0,79,0,0,946.8,170.117299608202,1.75261521269368,81,,
2019,2,9,6,0,29.9,-97,0,4,66,0,301,0,0,947.4,123.040061394352,2.38581048871085,67,,
2019,2,9,7,0,31.2,-92,0,4,80,0,528,0,0,947.6,131.264296946001,2.16183781762172,54,,
2019,2,9,8,0,32.9,-85,0,4.1,89,360.44,728,44.24,0,947.4,146.159385474252,2.46909357011498,40,,
2019,2,9,9,0,34.6,-75,0,4.2,93,767.97,881,277.49,0,947.1,145.547612646937,3.09339656439488,26,,
2019,2,9,10,0,35.9,-50,0,4.4,94,906.74,975,528.86,0,946.6,160.111622042441,4.04187307088897,14,,
2019,2,9,11,0,36.9,18,0,4.7,93,974.65,996,755.7,0,945.7,173.865739372866,5.15451358695486,10,,
2019,2,9,12,0,37.8,65,0,5.1,91,1012.55,944,936.84,0,944.8,185.315915964698,5.64929762619513,20,,
2019,2,9,13,0,38.3,80,0,5.3,86,1032.81,825,1056.88,0,944.2,188.176849745222,4.75152200899191,33,,
2019,2,9,14,0,38.1,88,0,5.2,79,1040.11,649,1105.76,0,943.8,191.146962173471,6.728545636781,46,,
2019,2,9,15,0,38,94,0,5.1,67,1036.15,434,1079.7,0,943.4,193.948933737756,8.08603672327501,60,,
2019,2,9,16,0,37.4,100,0,5.5,50,1020.16,204,980.79,0,943.5,193.346878912755,9.52668290807267,74,,
2019,2,9,17,0,36.3,105,0,6.2,16,988.37,28,816.97,0,944.3,207.286572322295,9.42361570127498,87,,
2019,2,9,18,0,35.2,112,0,6.9,0,931.7,0,602.08,0,945,217.037300833849,9.33198369424321,100,,
2019,2,9,19,0,34,120,0,6.7,0,822.32,0,355.21,0,945.5,222.766201219813,8.64640131533401,112,,
2019,2,9,20,0,32.9,130,0,5.6,0,545.92,0,107.15,0,945.8,237.049460883937,11.5767809373209,124,,
2019,2,9,21,0,31.8,144,0,4.5,0,0,0,0,0,946.1,238.293276222768,9.41678882857076,133,,
2019,2,9,22,0,30.9,163,0,3.4,0,0,0,0,0,946.2,228.821204116049,8.82252432772426,139,,
2019,2,9,23,0,30.1,-175,0,2.4,0,0,0,0,0,946.2,225.628259350109,6.55250540873211,140,,
2019,2,10,0,0,29.3,-154,0,1.4,0,0,0,0,0,946.1,208.703875545202,6.88937127055833,137,,
2019,2,10,1,0,28.5,-137,0,0.4,0,0,0,0,0,946.1,188.419760754952,6.69718296452151,129,,
2019,2,10,2,0,27.8,-125,0,-0.6,0,0,0,0,0,946.3,197.698249136301,6.82292371519064,118,,
2019,2,10,3,0,27.1,-116,0,-1.6,0,0,0,0,0,946.4,192.802620267343,6.20506704484317,107,,
2019,2,10,4,0,27.5,-108,0,-2.4,2,0,1,0,0,946.8,193.132504216352,5.82822856786517,94,,
2019,2,10,5,0,28.8,-102,0.7,-2.9,36,0,93,0,0,947.4,184.628634723391,6.19601146647224,81,,
2019,2,10,6,0,30.2,-97,0,-3.4,59,0,315,0,0,948,174.295924608102,7.0348329547712,67,,
2019,2,10,7,0,31.7,-91,0,-3.2,72,0,547,0,0,948.1,200.36321171693,6.53329426422424,54,,
2019,2,10,8,0,33.5,-84,0,-2.1,81,345.51,751,41.92,0,947.8,194.137110733365,6.44519916448962,40,,
2019,2,10,9,0,35.3,-74,0,-1.1,85,757.17,906,272.39,0,947.5,190.373752278519,6.65966265906417,27,,
2019,2,10,10,0,36.6,-49,0,-0.1,88,896.58,998,521.82,0,946.8,209.849081742508,7.92653940854,15,,
2019,2,10,11,0,37.4,18,0,0.7,89,963.86,1016,746.48,0,945.8,205.31653921197,6.42155730633663,11,,
2019,2,10,12,0,38.3,64,0,1.5,88,1001,962,925.56,0,944.8,197.792861154184,6.62155099050249,20,,
2019,2,10,13,0,38.7,80,0,2.1,84,1020.4,839,1043.79,0,944.1,210.545299781339,9.63833961293035,33,,
2019,2,10,14,0,38.7,88,0,2.3,78,1027.11,658,1091.66,0,943.7,204.095239517987,10.2185813917116,46,,
2019,2,10,15,0,38.8,94,0,2.5,68,1022.43,437,1065.17,0,943.3,209.986243542353,10.4495203335043,60,,
2019,2,10,16,0,38.2,99,5,2.8,68,79.52,177,367.01,0,943.4,209.492028864384,9.13255376099957,74,,
2019,2,10,17,0,37,105,14.5,3.2,29,74.03,5,282.77,0,943.9,202.300487239131,7.56587860593805,87,,
2019,2,10,18,0,35.9,111,0,3.6,0,33.31,0,314.5,0,944.5,199.713722852674,6.1371101107265,100,,
2019,2,10,19,0,34.8,119,0,3.7,0,0,0,126.39,0,944.8,204.31524591978,5.5211988524016,112,,
2019,2,10,20,0,33.7,130,0,3.6,0,0,0,19.75,0,945,220.516465852171,4.31114122889251,124,,
2019,2,10,21,0,32.6,144,0,3.5,0,0,0,0,0,945.1,252.867155008663,3.58067811792379,133,,
2019,2,10,22,0,31.9,163,0,3.4,0,0,0,0,0,944.9,248.705280461809,2.35603340447104,139,,
2019,2,10,23,0,31.4,-175,0,3.1,0,0,0,0,0,944.6,165.808777813583,1.73685031277242,141,,
2019,2,11,0,0,31,-153,0,2.9,0,0,0,0,0,944.2,136.20019903566,1.98659039464201,137,,
2019,2,11,1,0,30.5,-137,0,2.7,0,0,0,0,0,944,240.290172846253,1.18291042942405,129,,
2019,2,11,2,0,30,-124,0,2.5,0,0,0,0,0,944,171.131994266696,2.91385313385714,119,,
2019,2,11,3,0,29.5,-115,0,2.2,0,0,0,0,0,944,153.4620418491,3.80311433706436,107,,
2019,2,11,4,0,30,-108,0.1,3.1,2,0,1,0,0,944.2,158.11157425095,5.22852455830332,94,,
2019,2,11,5,0,31.6,-102,10,5.1,55,0,60,0,0,944.6,174.934406200781,7.07845078560645,81,,
2019,2,11,6,0,33.2,-96,1.1,7.2,70,0,295,0,0,945.1,171.668982850566,7.25233453107609,67,,
2019,2,11,7,0,35,-91,0,7.4,77,0,535,0,0,945.2,173.65980825409,9.05538513813742,54,,
2019,2,11,8,0,36.9,-84,0,5.8,86,314.57,737,38.59,0,944.9,176.478007616058,8.9661301546594,40,,
2019,2,11,9,0,38.8,-73,0,4.3,91,730.77,890,262.83,0,944.6,183.048079608798,8.88757355628784,27,,
2019,2,11,10,0,40.1,-48,1.1,3.5,120,0,942,226.11,0,944.1,185.128750092934,8.08316654325476,15,,
2019,2,11,11,0,40.7,17,4.3,3.5,195,305.12,851,574.82,0,943.3,169.294670447388,8.34851859548065,11,,
2019,2,11,12,0,41.2,63,12.7,3.4,344,35.74,563,601.66,0,942.5,172.09300394063,10.1945097954095,20,,
2019,2,11,13,0,41.2,79,34.9,3.5,516,999.9,80,1023.09,0,941.9,182.566231259478,8.37535691008149,33,,
2019,2,11,14,0,40.7,87,57.7,3.6,311,53.64,0,714.98,0,941.7,209.299215862545,8.16554865905432,47,,
2019,2,11,15,0,40.1,93,71.6,3.8,142,161.42,0,788.4,0,941.4,245.224859431168,5.36918289872863,60,,
2019,2,11,16,0,39.5,99,62.3,4.2,93,332.14,0,720.65,0,941.5,245.561304424144,3.62564596652107,74,,
2019,2,11,17,0,38.8,105,28.9,5,21,235.14,0,588.56,0,942.1,184.733220624543,3.02970243574644,87,,
2019,2,11,18,0,38.1,111,19.9,5.7,0,889.8,0,574.82,0,942.7,151.290168620245,5.4157978869388,100,,
2019,2,11,19,0,37.3,119,27.2,5.8,0,775.45,0,334.68,0,943.1,171.403129790287,16.0716572669376,113,,
2019,2,11,20,0,36.4,129,27.6,5.2,0,0,0,25.77,0,943.4,172.502211901781,11.3160553282969,124,,
2019,2,11,21,0,35.6,144,20.4,4.7,0,0,0,0,0,943.7,176.690453968849,13.8714578025766,133,,
2019,2,11,22,0,34.9,163,1.1,4.3,0,0,0,0,0,943.7,183.942919123519,6.64951743339122,140,,
2019,2,11,23,0,34.3,-175,0,4.2,0,0,0,0,0,943.6,224.035269480938,3.31581358851941,141,,
2019,2,12,0,0,33.8,-153,0,4,0,0,0,0,0,943.4,275.344988172317,2.9701528522676,137,,
2019,2,12,1,0,33.2,-136,0,3.7,0,0,0,0,0,943.5,309.138992964195,2.51827505408706,129,,
2019,2,12,2,0,32.6,-124,0,3.4,0,0,0,0,0,943.7,343.064731244117,4.38534748489406,119,,
2019,2,12,3,0,32,-115,0,3,0,0,0,0,0,943.9,349.961082379714,5.17684697742056,107,,
2019,2,12,4,0,32,-108,0,3.2,1,0,1,0,0,944.4,16.7501245934327,1.30118718387443,94,,
2019,2,12,5,0,32.6,-102,0.5,4.1,39,0,82,0,0,945,150.956260101245,2.05982910326795,81,,
2019,2,12,6,0,33.2,-96,6,4.9,112,0,227,0,0,945.6,155.663095849405,2.60663029917261,68,,
2019,2,12,7,0,34.3,-90,1.3,4.7,92,0,508,0,0,945.8,133.046948891353,1.53942020407984,54,,
2019,2,12,8,0,35.8,-83,0.5,3.6,98,0,715,11.47,0,945.7,162.645975363739,2.09538182678003,40,,
2019,2,12,9,0,37.3,-73,1.6,2.5,129,0,834,140.76,0,945.6,195.051362158649,2.40676357376401,27,,
2019,2,12,10,0,38.4,-47,0,2.1,101,873.83,970,506.7,0,945.3,215.54657546675,3.01015943736218,15,,
2019,2,12,11,0,39.2,17,0.6,2.4,116,29.25,968,411.66,0,944.6,245.134797662788,6.77215174543748,11,,
2019,2,12,12,0,39.9,63,2.7,2.7,162,70.65,845,298.02,0,944,258.187899500448,8.93108049853451,20,,
2019,2,12,13,0,40.1,78,8.4,2.9,247,106.87,587,235.26,0,943.5,270.80180742385,8.64521678671669,33,,
2019,2,12,14,0,39.8,87,25.6,3,334,0,210,376.54,0,943.1,283.233541070013,8.59933356242832,47,,
2019,2,12,15,0,39.5,93,53.3,3.1,233,116.67,0,764.71,0,942.8,298.605241830526,8.33790620946614,60,,
2019,2,12,16,0,38.9,99,63.3,3.4,95,60.82,0,655.06,0,942.9,327.082365573443,10.4369529796699,74,,
2019,2,12,17,0,38,104,25.3,3.8,18,64.31,1,453.3,0,943.5,345.134020410469,13.7489369032255,87,,
2019,2,12,18,0,37.2,111,1.5,4.1,0,3.71,0,379.28,0,944,356.710865190934,16.3463657558185,100,,
2019,2,12,19,0,36.2,119,29.6,3.9,0,0,0,178.56,0,944.4,3.0106803079496,14.6485037678853,113,,
2019,2,12,20,0,35.3,129,30.1,2.9,0,0,0,5.96,0,944.5,6.86817769527045,15.5446606536193,124,,
2019,2,12,21,0,34.3,143,26.8,2,0,0,0,0,0,944.6,9.95176170582283,15.8195292717728,134,,
2019,2,12,22,0,33.5,163,29.4,1.4,0,0,0,0,0,944.6,13.8286699619788,17.7641618984419,140,,
2019,2,12,23,0,32.8,-175,35.6,1.1,0,0,0,0,0,944.5,11.8058733665694,17.0675419272612,141,,
2019,2,13,0,0,32.1,-153,37.6,0.8,0,0,0,0,0,944.4,9.13865272851365,15.3701635949929,138,,
2019,2,13,1,0,31.4,-136,25.1,0.8,0,0,0,0,0,944.5,7.27792271043631,11.6877302162872,130,,
2019,2,13,2,0,30.5,-124,25.9,1.1,0,0,0,0,0,944.9,359.697042349937,8.84771094553694,119,,
2019,2,13,3,0,29.6,-115,22.5,1.5,0,0,0,0,0,945.3,349.299696150327,6.33270146431862,107,,
2019,2,13,4,0,30,-108,1.1,2,1,0,1,0,0,945.8,337.710877541545,4.9435707530262,94,,
2019,2,13,5,0,31.7,-101,0,2.8,37,0,83,0,0,946.5,331.927513064147,4.25,81,,
2019,2,13,6,0,33.3,-96,0,3.5,67,0,295,0,0,947.3,326.30993247402,4.05624518489699,68,,
2019,2,13,7,0,34.9,-90,2.4,4,116,0,473,0,0,947.5,307.089526212747,3.07034425604533,54,,
2019,2,13,8,0,36.4,-83,4,4.1,162,303.95,621,35.6,0,947.2,318.749099751759,5.15409447266191,40,,
2019,2,13,9,0,37.9,-72,5.2,4.3,207,730.44,717,259.16,0,946.9,333.980773635849,5.86814636491846,27,,
2019,2,13,10,0,38.9,-47,3.2,4.1,175,873.44,860,504.71,0,946.3,334.701567511156,5.61246330617679,15,,
2019,2,13,11,0,39.5,16,6.5,3.7,248,943.38,770,727.28,0,945.6,332.137703828616,6.78676708637314,11,,
2019,2,13,12,0,40,62,13.7,3.4,361,982.76,528,905.61,0,944.8,335.000915864123,7.03398180400139,20,,
2019,2,13,13,0,40.1,78,16.4,3.2,347,1004.08,411,1024.16,0,944.2,337.928304490017,5.39540567685426,33,,
2019,2,13,14,0,39.8,86,32.2,3.2,337,186.99,153,730.09,0,943.9,331.971421825573,6.42539643923289,47,,
2019,2,13,15,0,39.6,93,39,3.2,230,235.93,75,819.3,0,943.5,349.020712375968,9.70095688447889,60,,
2019,2,13,16,0,39.1,98,44.3,3.8,125,356.51,7,719.84,0,943.4,42.7268325714346,5.63621888654904,74,,
2019,2,13,17,0,38.4,104,25.4,4.8,25,34.78,2,338.01,0,943.7,58.9864772671469,9.88580546802248,87,,
2019,2,13,18,0,37.8,111,32.3,5.8,0,0,0,246.53,0,944,59.3126364884141,5.41849973717352,101,,
2019,2,13,19,0,37,118,32,6,0,786.55,0,334.93,0,944.1,73.0849077188092,13.3433589789427,113,,
2019,2,13,20,0,36.3,129,32.4,5.4,0,0,0,7.03,0,944.2,88.7707538552405,16.015013448919,124,,
2019,2,13,21,0,35.5,143,30.6,4.8,0,0,0,0,0,944.3,105.704623613829,15.6864492159981,134,,
2019,2,13,22,0,34.9,162,1.1,5.1,0,0,0,0,0,944.2,114.405333254041,13.9143621102915,140,,
2019,2,13,23,0,34.3,-175,0,6,0,0,0,0,0,943.8,119.594297727385,12.851640946486,142,,
2019,2,14,0,0,33.8,-153,0,7,0,0,0,0,0,943.4,118.653438903396,12.7566698502964,138,,
2019,2,14,1,0,33.2,-136,0,8,0,0,0,0,0,943.2,115.235608958291,10.1519942193647,130,,
2019,2,14,2,0,32.4,-124,0,8.9,0,0,0,0,0,943.3,112.753257302223,9.56449307539267,119,,
2019,2,14,3,0,31.6,-114,0,9.8,0,0,0,0,0,943.3,110.844330633677,7.7284064806424,107,,
2019,2,14,4,0,31.6,-107,0,10.9,1,0,0,0,0,943.8,112.162932889443,6.09901851077517,95,,
2019,2,14,5,0,32.5,-101,1.9,12,48,0,61,0,0,944.6,110.031219439718,5.9871882430723,81,,
2019,2,14,6,0,33.3,-96,0,13.2,78,0,267,0,0,945.4,106.732672808858,5.82065100911703,68,,
2019,2,14,7,0,34.6,-90,0,13.4,98,0,488,0,0,945.8,103.589291793084,6.06827324010332,54,,
2019,2,14,8,0,36.2,-82,0.5,12.6,120,310.72,671,34.85,0,945.8,109.573283567396,5.5968100721234,41,,
2019,2,14,9,0,37.8,-71,2.4,11.8,169,743.3,760,261.08,0,945.7,106.718031350372,4.69860037873366,27,,
2019,2,14,10,0,38.8,-46,2.7,11.1,187,886.03,829,509.23,0,945.4,78.2733165463059,8.09064890534686,15,,
2019,2,14,11,0,39.1,16,2.6,10.3,186,955.51,851,733.96,0,944.8,83.7189030245379,11.3885387234768,12,,
2019,2,14,12,0,39.4,61,6,9.6,230,994.26,720,913.68,0,944.2,95.7502372515803,12.9830913538381,21,,
2019,2,14,13,0,39.4,77,31.5,9,417,1014.98,195,1032.88,0,943.8,103.440109292707,14.1007153424939,33,,
2019,2,14,14,0,39.1,86,43.5,8.7,377,622.07,18,944.19,0,943.8,113.288080950609,15.6412732520283,47,,
2019,2,14,15,0,38.7,92,65.3,8.4,170,604.93,2,916.55,0,943.7,118.512070360023,16.6123955514029,61,,
2019,2,14,16,0,38,98,57.7,8.9,100,1002.92,0,957.96,0,944,146.755056706932,11.0785200965117,74,,
2019,2,14,17,0,36.8,104,32,10.1,16,379.71,0,635.05,0,944.6,233.50772480675,5.10281792454271,88,,
2019,2,14,18,0,35.6,110,2.8,11.4,0,0,0,250.78,0,945.2,229.566290817842,3.44438155282851,101,,
2019,2,14,19,0,34.6,118,0.4,11.6,0,788.58,0,333.66,0,945.7,174.870035444767,8.20794578003838,113,,
2019,2,14,20,0,33.7,129,0,10.8,0,499.26,0,92.73,0,946,171.512162519583,8.51836818883935,125,,
2019,2,14,21,0,32.9,143,0,10,0,0,0,0,0,946.3,171.909234207724,8.4348299161804,134,,
2019,2,14,22,0,32,162,0,9.7,0,0,0,0,0,946.3,170.551047144924,6.1847861862773,141,,
2019,2,14,23,0,31.2,-175,0,10,0,0,0,0,0,946.1,178.72123410383,6.64931163435064,142,,
2019,2,15,0,0,30.3,-153,0,10.4,0,0,0,0,0,946,196.844903546428,3.81538476339776,138,,
2019,2,15,1,0,29.7,-136,0,10.2,0,0,0,0,0,946,223.528148330714,2.66622696399607,130,,
2019,2,15,2,0,29.3,-123,0,9.6,0,0,0,0,0,946.1,215.047295197437,5.40112398152763,120,,
2019,2,15,3,0,28.9,-114,0,9.1,0,0,0,0,0,946.3,223.608298706911,5.79941764103485,108,,
2019,2,15,4,0,29.4,-107,0,9.2,1,0,0,0,0,946.8,223.033273906455,4.10420570000135,95,,
2019,2,15,5,0,30.8,-101,0,9.9,35,0,81,0,0,947.5,227.62909943595,4.63699900110052,81,,
2019,2,15,6,0,32.3,-95,0,10.6,63,0,294,0,0,948.2,221.567896101228,6.7821429167741,68,,
2019,2,15,7,0,33.9,-89,0,10.4,77,0,524,0,0,948.5,210.12707793464,6.32731727768667,54,,
2019,2,15,8,0,35.7,-82,0,9.3,85,291.18,726,32.57,0,948.3,203.91357282674,6.04205375473734,41,,
2019,2,15,9,0,37.6,-71,0,8.2,91,730.57,880,255.68,0,948.1,178.034577429051,4.32674114695621,27,,
2019,2,15,10,0,38.8,-45,0,7.3,94,876.29,972,502.58,0,947.7,162.690938525047,4.52931124312792,16,,
2019,2,15,11,0,39.5,16,1.8,6.5,136,945.64,931,725.48,0,946.8,154.135544977901,5.7215247191092,12,,
2019,2,15,12,0,40.2,60,8,5.7,251,984.16,698,903.64,0,946,168.84956244013,7.21030609731462,21,,
2019,2,15,13,0,40.5,77,10.1,5.1,256,1004.56,559,1021.6,0,945.5,165.820090249393,7.81222402344548,33,,
2019,2,15,14,0,40.5,86,27.5,4.8,374,87.16,143,747.12,0,945.3,174.253242013512,7.48278159110964,47,,
2019,2,15,15,0,40.5,92,23.8,4.5,228,35.2,150,645.33,0,945.1,165.383862747158,10.6328390246886,61,,
2019,2,15,16,0,39.9,98,30.3,4.9,150,986.63,15,941.98,0,945.2,175.666454903484,8.26155555383686,74,,
2019,2,15,17,0,38.8,103,15.5,6.2,24,951.86,3,779.58,0,945.7,170.414690120796,8.39794376702072,88,,
2019,2,15,18,0,37.7,110,44,7.4,0,891.44,0,568.14,0,946.2,175.061696360681,14.7458904714738,101,,
2019,2,15,19,0,36.7,118,1.1,7.1,0,1.06,0,197.66,0,946.5,179.367600084045,12.3516249652391,113,,
2019,2,15,20,0,35.9,128,0,5.4,0,1.67,0,46.38,0,946.6,187.582200902687,16.4593282436467,125,,
2019,2,15,21,0,35,143,0.1,3.7,0,0,0,0,0,946.7,195.639956235584,18.9953319167827,134,,
2019,2,15,22,0,34.3,162,5.8,2.9,0,0,0,0,0,946.6,199.774392310322,18.5666906847942,141,,
2019,2,15,23,0,33.8,-174,7,2.8,0,0,0,0,0,946.4,204.878496315979,17.5496170186568,142,,
2019,2,16,0,0,33.3,-152,6,2.8,0,0,0,0,0,946.1,209.320089415594,12.9871437798186,138,,
2019,2,16,1,0,32.7,-135,0.2,2.7,0,0,0,0,0,946.1,202.146486505165,7.47233282882625,130,,
2019,2,16,2,0,32.1,-123,0,2.7,0,0,0,0,0,946.4,200.078716344382,5.68935448720895,120,,
2019,2,16,3,0,31.5,-114,0,2.6,0,0,0,0,0,946.6,208.359458149966,4.68758044008104,108,,
2019,2,16,4,0,31.8,-107,0,3,1,0,0,0,0,946.9,207.371465577237,4.84300552859841,95,,
2019,2,16,5,0,32.8,-101,2.2,3.7,39,0,75,0,0,947.4,202.069231497063,5.12554601933554,82,,
2019,2,16,6,0,33.9,-95,0.3,4.4,61,0,297,0,0,947.9,203.003512571914,5.56774183306301,68,,
2019,2,16,7,0,35.3,-89,5.8,3.9,141,0,429,0,0,947.9,197.927919762007,4.46689209630141,54,,
2019,2,16,8,0,37,-82,1.7,2.1,112,0,691,6.91,0,947.6,183.311208706968,5.20789013677143,41,,
2019,2,16,9,0,38.7,-70,1.7,0.4,118,0,847,83.66,0,947.3,179.7648392606,5.69924375666222,28,,
2019,2,16,10,0,40,-44,0,-0.2,86,0,991,279.18,0,946.7,176.109531321458,6.96524660992882,16,,
2019,2,16,11,0,40.7,15,0.3,0.5,94,60.27,1000,503.19,0,945.8,180.816273601623,8.77428193817845,12,,
2019,2,16,12,0,41.4,59,4.6,1.1,181,0,814,395.95,0,944.9,189.377438574651,8.15169782430793,21,,
2019,2,16,13,0,41.7,76,15.2,1.5,331,31.48,445,680.03,0,944.2,193.460241666302,10.7401895122123,34,,
2019,2,16,14,0,41.6,85,17.9,1.6,275,44.39,321,716.84,0,943.8,201.216604719215,9.59557238921486,47,,
2019,2,16,15,0,41.5,92,10.9,1.6,150,291.37,295,756.22,0,943.3,194.820073547475,8.09343324747569,61,,
2019,2,16,16,0,40.9,97,10.4,1.7,92,381.19,127,728.68,0,943.2,193.093231432332,7.03448588222251,74,,
2019,2,16,17,0,39.9,103,6.3,1.9,22,294.22,8,597.67,0,943.6,194.583351175374,5.94141838881186,88,,
2019,2,16,18,0,38.8,110,0,2.1,0,189.03,0,418.08,0,943.9,191.887803370635,5.08157246694713,101,,
2019,2,16,19,0,37.7,118,0,2.2,0,3.76,0,213.55,0,944.1,194.473327140369,4.07863492521484,114,,
2019,2,16,20,0,36.4,128,0,2.2,0,467.06,0,85.21,0,944.3,210.314460897728,7.66120228421196,125,,
2019,2,16,21,0,35.1,142,0,2.2,0,0,0,0,0,944.4,208.857898214593,8.08557359795258,135,,
2019,2,16,22,0,34.2,162,0,2.3,0,0,0,0,0,944.3,209.790745041406,5.44088801742548,141,,
2019,2,16,23,0,33.5,-174,0,2.4,0,0,0,0,0,944.1,198.599353526437,4.8748463047242,143,,
2019,2,17,0,0,32.7,-152,0,2.5,0,0,0,0,0,943.9,202.439146360538,3.439510553892,139,,
2019,2,17,1,0,32.1,-135,0,2.6,0,0,0,0,0,943.7,212.855316910999,4.94700512617113,131,,
2019,2,17,2,0,31.4,-123,0,2.6,0,0,0,0,0,943.8,229.275599611443,4.5203860817325,120,,
2019,2,17,3,0,30.8,-114,0,2.6,0,0,0,0,0,943.8,218.493851834425,4.2173372730374,108,,
2019,2,17,4,0,31.3,-106,0,2.6,1,0,0,0,0,944,210.963756532074,4.37321392113398,95,,
2019,2,17,5,0,32.9,-100,0,2.8,33,0,82,0,0,944.4,208.610459665965,4.69873653230313,82,,
2019,2,17,6,0,34.5,-94,0,2.9,60,0,299,0,0,944.8,203.805943518458,4.64522604401551,68,,
2019,2,17,7,0,36.2,-88,0,2.9,74,0,532,0,0,944.8,206.147825892862,3.12011689331082,54,,
2019,2,17,8,0,37.8,-81,0,2.8,82,0,737,1.69,0,944.5,210.955011910299,4.51857398965618,41,,
2019,2,17,9,0,39.4,-69,0,2.6,89,5.93,892,159.97,0,944.1,222.644221331253,6.04860018567301,28,,
2019,2,17,10,0,40.6,-43,0,2.3,94,862.51,981,492.44,0,943.5,204.843597762459,5.23440177686563,16,,
2019,2,17,11,0,41.5,15,0,1.9,96,933.2,1001,713.9,0,942.7,208.607197892683,5.63739268813456,13,,
2019,2,17,12,0,42.3,59,0,1.4,94,78.23,948,645.19,0,941.9,221.307777934775,7.42063997578946,21,,
2019,2,17,13,0,42.6,76,0,0.9,87,993.97,829,1008.96,0,941.3,209.91423198995,5.85876298718321,34,,
2019,2,17,14,0,42.3,85,0,0.4,79,51.77,649,716.71,0,941,212.532226379162,5.57855268167071,47,,
2019,2,17,15,0,42,91,4.4,-0.1,109,161.55,366,782.94,0,940.7,213.625266892341,6.72239831041346,61,,
2019,2,17,16,0,41.2,97,17.4,-0.4,88,452.45,122,777.75,0,940.6,212.022372190008,6.92462144663177,75,,
2019,2,17,17,0,39.9,103,6.5,-0.5,21,37.45,8,430.66,0,940.9,218.909391006918,7.836103523223,88,,
2019,2,17,18,0,38.6,109,0,-0.6,0,887.06,0,561.82,0,941.1,179.468237592067,13.0352807203792,101,,
2019,2,17,19,0,37.4,117,0,-0.6,0,10.37,0,218.34,0,941.4,187.32283811084,15.8747216157041,114,,
2019,2,17,20,0,36.2,128,0,-0.5,0,1.33,0,49.5,0,941.6,190.283750385735,18.6430534756412,125,,
2019,2,17,21,0,35.1,142,0,-0.3,0,0,0,0,0,941.8,196.923071522632,13.8910063514915,135,,
2019,2,17,22,0,34,162,0,0,0,0,0,0,0,941.8,195.497574815832,15.0303936697211,142,,
2019,2,17,23,0,33,-174,0,0.5,0,0,0,0,0,941.7,202.059783415494,13.8024705422478,143,,
2019,2,18,0,0,32,-152,0,1,0,0,0,0,0,941.6,202.074879968773,12.1304636081559,139,,
2019,2,18,1,0,31.1,-135,0,1.7,0,0,0,0,0,941.6,200.186393310208,7.04143523942474,131,,
2019,2,18,2,0,30.2,-122,0,2.5,0,0,0,0,0,941.6,191.98671342087,4.92761733311696,120,,
2019,2,18,3,0,29.3,-113,0,3.3,0,0,0,0,0,941.7,195.32794733565,1.89147829663052,108,,
2019,2,18,4,0,29.7,-106,0,4.6,1,0,0,0,0,942.1,198.434948822922,1.18585412256314,95,,
2019,2,18,5,0,31.2,-100,3.2,6.3,45,0,61,0,0,942.8,172.310553819565,0.934204743657669,82,,
2019,2,18,6,0,32.7,-94,1.1,8,74,0,275,0,0,943.5,154.9831065219,2.06911816965586,68,,
2019,2,18,7,0,34.5,-88,0,8.4,84,0,513,0,0,943.7,156.21962815698,1.3659741279037,55,,
2019,2,18,8,0,36.4,-81,0,7.6,94,0,717,1.63,0,943.6,124.765841243824,2.19212133210497,41,,
2019,2,18,9,0,38.3,-69,0,6.7,100,718.66,872,247.44,0,943.4,104.053187626911,3.29789946933134,28,,
2019,2,18,10,0,39.7,-42,0,5.7,103,866.38,963,492.78,0,943,122.360769788221,4.20365445747673,16,,
2019,2,18,11,0,40.6,15,0,4.6,104,937.86,983,715.6,0,942.3,124.082767244365,5.22101516977971,13,,
2019,2,18,12,0,41.5,58,0,3.5,103,977.96,927,894.2,0,941.6,139.412123910425,7.10867469083432,21,,
2019,2,18,13,0,41.8,75,6.9,2.8,217,999.68,626,1012.91,0,941.1,140.927844953024,8.05046349867814,34,,
2019,2,18,14,0,41.6,84,24.7,2.3,351,550.79,193,873.46,0,940.9,145.879804889685,9.08772884929499,47,,
2019,2,18,15,0,41.3,91,22.8,1.9,248,1000.48,122,1032.28,0,940.7,155.292144749923,12.1298471092023,61,,
2019,2,18,16,0,40.7,97,11.6,1.8,106,454.77,97,758.04,0,940.8,163.480362727262,13.9710631150913,75,,
2019,2,18,17,0,39.6,103,2.4,1.9,17,29.48,12,251.25,0,941.4,166.656040264291,15.2313903399099,88,,
2019,2,18,18,0,38.5,109,0.2,2.1,0,0,0,194.96,0,941.9,170.536275705792,17.1274769384853,101,,
2019,2,18,19,0,37.3,117,15.9,2.6,0,0,0,156.59,0,942.3,168.876290323993,16.2981523547367,114,,
2019,2,18,20,0,35.9,127,16.2,3.3,0,0,0,67.26,0,942.7,168.542040034414,15.7312746882079,126,,
2019,2,18,21,0,34.4,142,18.3,4.1,0,0,0,0,0,943,170.22714751293,15.1889819189342,135,,
2019,2,18,22,0,33.3,162,19.7,4.6,0,0,0,0,0,943,173.694043944354,14.6548216568777,142,,
2019,2,18,23,0,32.3,-174,16.7,4.8,0,0,0,0,0,942.7,177.435258139301,14.3264829536412,143,,
2019,2,19,0,0,31.4,-152,19.7,5.1,0,0,0,0,0,942.4,183.270172590707,13.7563151854752,139,,
2019,2,19,1,0,30.6,-134,0.7,5.3,0,0,0,0,0,942.2,188.229951432914,8.18591079896871,131,,
2019,2,19,2,0,29.9,-122,0,5.4,0,0,0,0,0,942.3,186.618655389439,5.86327276811916,120,,
2019,2,19,3,0,29.3,-113,0,5.6,0,0,0,0,0,942.4,167.257108959045,4.86994830738117,108,,
2019,2,19,4,0,29.9,-106,0,6.5,1,0,0,0,0,942.7,147.510518906639,4.65423881884398,95,,
2019,2,19,5,0,31.5,-100,0.3,8.3,37,0,69,0,0,943.4,128.447855370794,5.10741936920141,82,,
2019,2,19,6,0,33.2,-94,18.5,10,166,0,111,0,0,944,130.462227492093,5.58597574287608,68,,
2019,2,19,7,0,34.8,-88,19.2,10.3,278,0,195,0,0,944.3,118.442928624363,6.82367203197809,55,,
2019,2,19,8,0,36.4,-80,31.1,9.2,425,0,124,9,0,944.3,122.193256730847,8.21169572126842,41,,
2019,2,19,9,0,38,-68,40.2,8,520,0,57,71.06,0,944.2,115.948949025914,9.25749696111021,28,,
2019,2,19,10,0,39.1,-42,47.3,7,545,39.73,8,141.32,0,943.8,119.056954090884,9.522754850382,17,,
2019,2,19,11,0,39.8,15,72.3,6.3,296,80.67,0,193.11,0,943.2,116.070122689329,9.10185558439395,13,,
2019,2,19,12,0,40.4,57,61,5.5,381,0,10,357.44,0,942.6,116.032806317836,11.454947574053,22,,
2019,2,19,13,0,40.6,74,41.6,5.1,505,85.09,16,629.44,0,942.3,109.360273602146,10.8643492091647,34,,
2019,2,19,14,0,40.3,84,48.5,4.9,363,19.9,3,630.53,0,942.2,110.956924004423,10.2230413921556,48,,
2019,2,19,15,0,40,90,31,4.7,235,50.08,79,246.03,0,942.1,121.980346766555,10.016128422587,61,,
2019,2,19,16,0,39.4,96,13.6,4.7,110,0,84,419.13,0,942.4,137.342013668038,12.5034383006425,75,,
2019,2,19,17,0,38.4,102,14.9,5.1,21,4.63,4,277.85,0,942.9,140.842394595671,12.6998139526114,88,,
2019,2,19,18,0,37.5,109,39.8,5.4,0,38.23,0,393.44,0,943.4,146.825374415203,14.5699838434805,102,,
2019,2,19,19,0,36.5,117,3.9,6,0,0,0,110.27,0,943.9,145.464419098026,13.594980930354,114,,
2019,2,19,20,0,35.4,127,0.6,6.9,0,0,0,8.8,0,944.3,136.148417329203,13.1143468428806,126,,
2019,2,19,21,0,34.3,142,0,7.8,0,0,0,0,0,944.6,144.977457588729,13.8231906036301,136,,
2019,2,19,22,0,33.4,162,0,8.6,0,0,0,0,0,944.7,149.518484720045,14.7535973257975,142,,
2019,2,19,23,0,32.7,-174,0,9.2,0,0,0,0,0,944.5,157.654543771373,15.5037461865594,144,,
2019,2,20,0,0,31.9,-151,0.1,9.8,0,0,0,0,0,944.2,181.864483659124,9.8407334806298,140,,
2019,2,20,1,0,31.2,-134,4.8,10.3,0,0,0,0,0,944.1,203.869687094596,6.94128834449168,131,,
2019,2,20,2,0,30.5,-122,5,10.6,0,0,0,0,0,944.1,185.217040851143,5.19733473213228,121,,
2019,2,20,3,0,29.8,-113,5.1,11,0,0,0,0,0,944.2,157.532566819584,4.05801599446776,108,,
2019,2,20,4,0,30.2,-105,26,10.9,0,0,0,0,0,944.6,145.716972120996,4.08464504960916,95,,
2019,2,20,5,0,31.6,-99,6.5,10.6,42,0,56,0,0,945.3,118.673416960663,4.2741429618092,82,,
2019,2,20,6,0,33.1,-93,0.1,10.3,75,0,262,0,0,946.1,106.239512402591,5.54545347393627,69,,
2019,2,20,7,0,34.5,-87,0,9.9,95,0,485,0,0,946.4,117.616673554875,4.85380440147771,55,,
2019,2,20,8,0,35.9,-80,1.9,9.5,136,247.87,642,25.02,0,946.3,128.493851834425,4.2173372730374,41,,
2019,2,20,9,0,37.3,-67,2.2,9.1,157,0,774,80.33,0,946.2,111.537541585791,8.65080629069455,28,,
2019,2,20,10,0,38.3,-41,2.3,8.5,172,0,849,241.09,0,945.8,107.686232163858,7.08486983668729,17,,
2019,2,20,11,0,38.9,14,3.5,7.8,204,320.71,823,564.23,0,945,108.661251294036,7.81317569055952,14,,
2019,2,20,12,0,39.5,56,24.5,7,372,982.52,391,895.07,0,944.2,95.9918918910857,8.6448166810212,22,,
2019,2,20,13,0,39.5,74,22.8,6.8,378,1003.69,308,1013.73,0,943.7,88.7248795008897,10.0024769476549,34,,
2019,2,20,14,0,39,83,44.9,7,368,1011.97,15,1062.4,0,943.4,93.4559610582352,11.6655849917215,48,,
2019,2,20,15,0,38.5,90,32,7.3,270,1008.53,49,1036.66,0,943.1,105.509515811149,13.7465446695439,61,,
2019,2,20,16,0,37.8,96,30.8,7.8,120,992.7,40,938.71,0,943.1,106.585676259054,14.8888356833375,75,,
2019,2,20,17,0,36.8,102,18.7,8.5,16,959.33,2,775.58,0,943.5,119.406682806636,18.186818510955,89,,
2019,2,20,18,0,35.8,108,22.4,9.3,0,899.54,0,562.33,0,943.9,124.219380264289,19.6090615432622,102,,
2019,2,20,19,0,34.9,116,23.1,10.2,0,781.15,0,318.35,0,944.3,133.220139417232,17.9566644825518,114,,
2019,2,20,20,0,34,127,20.4,11.3,0,464.73,0,77.98,0,944.7,140.106684702283,15.9201097956288,126,,
2019,2,20,21,0,33.1,141,18.9,12.3,0,0,0,0,0,945.2,145.056459660477,13.1281036516604,136,,
2019,2,20,22,0,32.4,161,0.7,12.6,0,0,0,0,0,945.3,149.55134765414,9.41932114445957,143,,
2019,2,20,23,0,31.7,-174,0,12.2,0,0,0,0,0,945.1,153.100778258188,10.8181384366604,144,,
2019,2,21,0,0,31.1,-151,0,11.8,0,0,0,0,0,944.9,162.094446244391,9.74464113859682,140,,
2019,2,21,1,0,30.4,-134,0,11,0,0,0,0,0,944.9,168.353383677182,7.29455549332013,132,,
2019,2,21,2,0,29.7,-121,0,9.9,0,0,0,0,0,945,167.895787066881,3.09213643765681,121,,
2019,2,21,3,0,29.1,-112,0,8.7,0,0,0,0,0,945.1,95.0563042963204,0.576438925357212,109,,
2019,2,21,4,0,29.5,-105,0,7.5,0,0,0,0,0,945.5,59.3080714781623,0.14536165181572,96,,
2019,2,21,5,0,30.9,-99,1,6.1,35,0,68,0,0,946.1,73.3007557660064,1.30503831361382,82,,
2019,2,21,6,0,32.3,-93,0,4.7,66,0,278,0,0,946.6,62.3649636847712,1.77690486797012,69,,
2019,2,21,7,0,33.9,-87,0.7,4.4,93,0,491,0,0,946.8,40.4599188625539,2.23325648770478,55,,
2019,2,21,8,0,35.7,-79,0.2,4.9,98,250.78,704,24.12,0,946.6,38.9800042642202,2.18583878826436,41,,
2019,2,21,9,0,37.5,-67,3.2,5.5,169,731.16,763,246.15,0,946.5,60.0081288441775,2.25055306201999,28,,
2019,2,21,10,0,38.7,-40,15.5,5.4,405,882.04,487,495.69,0,946,77.4508508784972,3.68563719532829,17,,
2019,2,21,11,0,39.4,14,20.8,4.6,480,953.79,372,721.83,0,945.3,95.7884926324435,3.71815467964597,14,,
2019,2,21,12,0,40,56,16.8,3.8,401,993.53,445,902.67,0,944.5,125.874944131823,3.91930412496403,22,,
2019,2,21,13,0,40.1,73,4.5,3.5,186,1014.81,664,1022.5,0,944,149.957939000296,3.19915011808219,34,,
2019,2,21,14,0,39.7,83,1,3.5,106,625.62,591,934.67,0,943.7,176.232370458983,3.44860658158603,48,,
2019,2,21,15,0,39.3,90,0,3.5,76,1018.15,397,1043.98,0,943.5,178.363886345846,5.19729336626361,61,,
2019,2,21,16,0,38.7,96,0.1,4,53,1001.49,172,944.33,0,943.4,142.953765837792,4.51244778160949,75,,
2019,2,21,17,0,37.7,102,1.3,4.9,14,967.88,13,779.63,0,943.6,135.168683915746,2.89744429516204,89,,
2019,2,21,18,0,36.8,108,0,5.7,0,907.68,0,564.45,0,943.9,87.4385998566243,4.36729965269233,102,,
2019,2,21,19,0,35.7,116,0,5.5,0,216.43,0,226.92,0,944.2,121.091573518373,7.19305116441307,115,,
2019,2,21,20,0,34.5,126,0,4.1,0,463.42,0,75.97,0,944.7,144.92044723024,7.4077057383878,126,,
2019,2,21,21,0,33.3,141,0,2.8,0,0,0,0,0,945.2,171.643760268118,3.67941107806096,136,,
2019,2,21,22,0,32.2,161,0,2,0,0,0,0,0,945.4,195.167666429596,2.79245152001329,143,,
2019,2,21,23,0,31.4,-174,0,1.9,0,0,0,0,0,945.3,189.424060955509,1.9799392624239,144,,
2019,2,22,0,0,30.5,-151,0,1.7,0,0,0,0,0,945.2,186.958066344984,2.67614355734077,140,,
2019,2,22,1,0,29.8,-133,0,1.4,0,0,0,0,0,945.2,267.075596499744,2.29246187116335,132,,
2019,2,22,2,0,29.2,-121,0,1,0,0,0,0,0,945.3,269.538244310198,2.90250699830517,121,,
2019,2,22,3,0,28.6,-112,0,0.5,0,0,0,0,0,945.4,273.763240687541,3.80901731699627,109,,
2019,2,22,4,0,29.1,-105,0,0.8,0,0,0,0,0,945.7,270,4.82419575337305,96,,
2019,2,22,5,0,30.7,-99,0,1.7,32,0,73,0,0,946.2,270.654217654238,4.44948580437202,82,,
2019,2,22,6,0,32.2,-93,0,2.6,61,0,285,0,0,946.7,268.692195316706,3.25084681426526,69,,
2019,2,22,7,0,34.1,-86,0,2.5,79,0,513,0,0,946.8,296.565051177078,1.1180339887499,55,,
2019,2,22,8,0,36.2,-78,1.3,1.3,116,0,679,2.04,0,946.6,274.763641690726,1.50519932234904,42,,
2019,2,22,9,0,38.3,-66,0,0.1,103,750.35,863,249.85,0,946.4,264.17175793282,2.46192198055515,29,,
2019,2,22,10,0,39.7,-39,0.5,-0.5,120,900.87,935,503.33,0,945.9,274.649693880259,2.45728280556033,18,,
2019,2,22,11,0,40.4,14,3.3,-0.4,186,973.27,859,733.52,0,945,271.878769060567,3.09925331651897,14,,
2019,2,22,12,0,41.1,55,21.8,-0.3,469,1013.44,333,917.68,0,944.2,281.769165060478,3.92610331565593,22,,
2019,2,22,13,0,41.4,73,9.4,-0.2,256,1035.23,554,1039.93,0,943.6,327.760468158224,2.86321893022341,35,,
2019,2,22,14,0,41.1,82,26.4,-0.1,345,1044.36,176,1090.52,0,943.3,346.807723965744,1.54065847368204,48,,
2019,2,22,15,0,40.9,89,33.7,0,255,1042.05,60,1064.84,0,943,309.137376461226,1.02726565045766,62,,
2019,2,22,16,0,40.2,95,41.5,1,120,1027.5,11,964.84,0,943,278.124328097071,2.54491166609819,75,,
2019,2,22,17,0,39.2,101,32.5,2.8,17,996.94,3,798.6,0,943.5,332.206488747323,4.07129881629491,89,,
2019,2,22,18,0,38.1,108,31.1,4.6,0,940.28,0,579.98,0,943.9,299.471026292874,5.66168569147352,102,,
2019,2,22,19,0,37,116,7.8,4.7,0,824.37,0,328.22,0,944.1,321.17490577219,10.3484921943354,115,,
2019,2,22,20,0,35.9,126,13.3,3,0,493.31,0,77.44,0,944.3,327.957875783169,8.81944162172202,127,,
2019,2,22,21,0,34.9,141,16.7,1.4,0,0,0,0,0,944.4,322.570410927158,6.45797740221057,137,,
2019,2,22,22,0,33.7,161,0.2,0.7,0,0,0,0,0,944.4,311.469803241093,5.06609182582752,143,,
2019,2,22,23,0,32.6,-174,0,0.7,0,0,0,0,0,944.2,303.542619997061,4.25453313236999,145,,
2019,2,23,0,0,31.5,-151,0.1,0.8,0,0,0,0,0,944,287.107538845488,4.76491657413872,141,,
2019,2,23,1,0,30.7,-133,11.5,0.9,0,0,0,0,0,944,231.636958574363,4.72711498052782,132,,
2019,2,23,2,0,30.3,-121,8.4,1.2,0,0,0,0,0,944.1,231.524338953214,6.00250435385,121,,
2019,2,23,3,0,29.9,-112,8.5,1.4,0,0,0,0,0,944.2,234.837803047899,7.3392247107747,109,,
2019,2,23,4,0,30.3,-104,5.1,2.7,0,0,0,0,0,944.6,230.316959238317,7.24308520569254,96,,
2019,2,23,5,0,31.7,-98,4.4,4.8,38,0,58,0,0,945.2,228.094058058917,6.55028625328695,82,,
2019,2,23,6,0,33,-92,1.7,7,80,0,250,0,0,945.8,217.027492161084,7.38825860529309,69,,
2019,2,23,7,0,34.7,-86,3.7,7.7,130,0,428,0,0,946,203.734344945277,6.57991054776172,55,,
2019,2,23,8,0,36.8,-78,1.1,6.9,113,250.05,671,22.01,0,945.9,201.517257673478,5.85741584872012,42,,
2019,2,23,9,0,38.9,-65,0,6.2,102,0,850,0,0,945.8,204.145369588278,7.69677837389023,29,,
2019,2,23,10,0,40.1,-39,0,5.7,113,901.34,931,501.93,0,945.4,198.434948822922,8.53560643131296,18,,
2019,2,23,11,0,40.3,14,0,5.4,116,972.55,947,731.42,0,944.8,202.852863368695,11.8985161806065,15,,
2019,2,23,12,0,40.5,54,0.9,5.1,134,1011.43,864,914.41,0,944.2,206.728008807239,14.7123383562487,23,,
2019,2,23,13,0,40.4,72,3.2,5,169,1031.92,681,1035.2,0,943.8,204.020725373711,15.1517089953645,35,,
2019,2,23,14,0,40.1,82,15.3,5.2,272,1037.03,317,1081.64,0,943.7,199.901642009237,12.2552978474377,48,,
2019,2,23,15,0,39.8,89,20.3,5.3,240,1030.61,124,1052.04,0,943.6,215.978277821575,10.8514610823811,62,,
2019,2,23,16,0,39.2,95,25.9,6,124,1011.7,37,949,0,943.6,223.530435912741,8.93869346798807,75,,
2019,2,23,17,0,38.4,101,22.2,7.3,15,980.12,5,783.96,0,943.9,212.541703986044,9.99979135011095,89,,
2019,2,23,18,0,37.6,107,0.2,8.5,0,921.71,0,567.23,0,944.2,208.06965497614,15.2329055215139,102,,
2019,2,23,19,0,36.7,115,18.7,9,0,802.89,0,318.4,0,944.4,218.770327963767,13.6422229882512,115,,
2019,2,23,20,0,35.6,126,18.7,8.6,0,466.6,0,72.48,0,944.5,217.136278947718,12.3577344891503,127,,
2019,2,23,21,0,34.6,140,18.7,8.3,0,0,0,0,0,944.6,225.997745826663,10.2853652830535,137,,
2019,2,23,22,0,33.7,161,28,8,0,0,0,0,0,944.6,221.048227087679,9.1427982589492,144,,
2019,2,23,23,0,33.1,-174,27.1,7.7,0,0,0,0,0,944.4,209.547891245434,8.92711112912089,145,,
2019,2,24,0,0,32.5,-150,30.4,7.4,0,0,0,0,0,944.2,202.985442949852,9.62373619250177,141,,
2019,2,24,1,0,32,-133,6.6,7.1,0,0,0,0,0,944.1,172.824322813575,4.40953629286598,132,,
2019,2,24,2,0,31.6,-120,7.9,6.9,0,0,0,0,0,944.1,167.026351503944,5.46366441282389,121,,
2019,2,24,3,0,31.1,-111,2.2,6.7,0,0,0,0,0,944.2,166.205716849903,6.71712635849216,109,,
2019,2,24,4,0,31.8,-104,0,7.2,0,0,0,0,0,944.6,161.255373881721,7.54877654833372,96,,
2019,2,24,5,0,33.4,-98,27.5,8.4,60,0,2,0,0,945.4,169.541847326556,7.57503414989471,83,,
2019,2,24,6,0,35.1,-92,19.7,9.6,166,0,103,0,0,946.3,171.686820176565,7.78095368504129,69,,
2019,2,24,7,0,36.7,-86,15.2,8.9,240,0,252,0,0,946.6,185.919095730469,9.92388794737147,55,,
2019,2,24,8,0,38.1,-77,21.7,6.3,386,249.68,235,20.96,0,946.3,179.302618810759,8.34820563661467,42,,
2019,2,24,9,0,39.6,-65,17.4,3.7,378,758.16,409,248.83,0,946,172.80921748199,7.58303318877089,29,,
2019,2,24,10,0,40.6,-38,36.1,2.1,626,912.31,45,505.7,0,945.5,171.336037500616,8.11600461305507,18,,
2019,2,24,11,0,41.2,13,14.5,1.4,399,983.78,515,737.47,0,944.8,179.115612662007,8.0985519962055,15,,
2019,2,24,12,0,41.8,54,8.3,0.8,274,1022.76,656,922.21,0,944,187.186981295213,7.58702281100709,23,,
2019,2,24,13,0,41.9,72,24.4,0.5,424,1043.38,250,1044.2,0,943.6,190.624132229654,7.47982934294087,35,,
2019,2,24,14,0,41.6,82,19,0.4,306,1050.69,258,1093.11,0,943.4,206.227797972331,8.02546504821879,48,,
2019,2,24,15,0,41.3,89,29.2,0.4,248,1046.61,89,1065.25,0,943.2,208.197842782862,7.29110332466001,62,,
2019,2,24,16,0,40.4,95,29.5,0.8,122,1030.24,23,962.87,0,943.3,214.866125280594,7.12694519422669,76,,
2019,2,24,17,0,39.1,101,4.4,1.7,16,997.8,6,794.43,0,943.8,220.179601968885,6.73850503383991,89,,
2019,2,24,18,0,37.8,107,0.1,2.6,0,938.39,0,573.79,0,944.3,224.708798516151,7.06831566142516,102,,
2019,2,24,19,0,36.7,115,14.6,2.8,0,817.71,0,320.81,0,944.7,225.147438770077,5.32270221616898,115,,
2019,2,24,20,0,36,125,24.2,2.3,0,479.1,0,71.84,0,944.9,235.173675716992,5.30110595783109,127,,
2019,2,24,21,0,35.3,140,31.2,1.7,0,0,0,0,0,945.2,245.954951787312,6.07824130922992,137,,
2019,2,24,22,0,34.5,161,1.3,1.4,0,0,0,0,0,945.3,256.305093641128,6.66612529370625,144,,
2019,2,24,23,0,33.8,-174,0,1.2,0,0,0,0,0,945.2,268.76001476727,6.85723552057372,146,,
2019,2,25,0,0,33,-150,0,1,0,0,0,0,0,945.1,271.076471049453,6.65358702218052,141,,
2019,2,25,1,0,32.2,-132,0,0.7,0,0,0,0,0,945.3,264.522873708587,3.64162627179082,133,,
2019,2,25,2,0,31.2,-120,0,0.4,0,0,0,0,0,945.6,266.672244256799,3.43159054730734,122,,
2019,2,25,3,0,30.3,-111,0,0,0,0,0,0,0,945.9,260.485151240802,3.47359115317259,109,,
2019,2,25,4,0,30.6,-104,0,-0.2,0,0,0,0,0,946.4,250.477876142512,4.03262995386545,96,,
2019,2,25,5,0,32,-97,0,-0.3,32,0,68,0,0,947.1,267.184783760522,4.05569895241903,83,,
2019,2,25,6,0,33.5,-92,0,-0.3,63,0,282,0,0,947.9,283.844183798739,3.96684516505585,69,,
2019,2,25,7,0,35.4,-85,0,-1,77,0,519,0,0,948.2,282.070854966794,3.11978347556298,55,,
2019,2,25,8,0,37.5,-77,0,-2.4,85,271.79,729,20.65,0,948.1,299.953013415057,3.60673272293216,42,,
2019,2,25,9,0,39.7,-64,0,-3.8,91,790.11,887,255.93,0,948,323.739982563478,6.37989255201056,29,,
2019,2,25,10,0,41.1,-37,0,-4.6,96,940.92,977,518.05,0,947.5,324.823494485052,5.68201260072893,18,,
2019,2,25,11,0,41.8,13,0,-4.7,99,1009.3,993,753.14,0,946.8,318.189887272852,5.06251997163306,15,,
2019,2,25,12,0,42.6,53,0,-4.8,99,1045.57,935,939.46,0,946.1,313.240363350295,4.04838931445644,23,,
2019,2,25,13,0,42.8,71,0,-4.8,93,1063.94,811,1061.53,0,945.6,285.626547891566,5.35016633750913,35,,
2019,2,25,14,0,42.5,81,0,-4.7,86,1068.88,626,1108.84,0,945.3,280.452072021623,6.15698836465757,49,,
2019,2,25,15,0,42.3,88,0,-4.6,73,1062.69,402,1078.39,0,945,271.446876541992,5.87687374709329,62,,
2019,2,25,16,0,41.3,94,0.5,-4.7,52,1044.36,167,972.78,0,945.2,274.601530558243,6.86569597956372,76,,
2019,2,25,17,0,39.6,100,1.7,-5.1,13,1011.33,10,801.77,0,945.8,285.18164223687,6.39913103207524,89,,
2019,2,25,18,0,37.9,107,0,-5.4,0,951.25,0,578.17,0,946.5,292.189969075583,5.56454088860917,103,,
2019,2,25,19,0,36.5,115,0,-5.4,0,828.97,0,321.92,0,946.8,312.292205412075,4.56252085855183,115,,
2019,2,25,20,0,35.4,125,0,-5.1,0,478.57,0,69.72,0,947,322.260685203165,4.69717660148261,127,,
2019,2,25,21,0,34.2,140,0,-4.7,0,0,0,0,0,947.1,328.800979970032,4.97713392388678,137,,
2019,2,25,22,0,33.4,161,0,-4.5,0,0,0,0,0,947,334.727271929931,4.70347432638076,144,,
2019,2,25,23,0,32.8,-174,0,-4.4,0,0,0,0,0,946.8,327.037887831678,3.87743377525064,146,,
2019,2,26,0,0,32.2,-150,0,-4.3,0,0,0,0,0,946.5,300.894384786021,3.36911038186551,142,,
2019,2,26,1,0,31.6,-132,0,-4.3,0,0,0,0,0,946.4,265.296817568799,4.48440164335961,133,,
2019,2,26,2,0,31.1,-119,0,-4.3,0,0,0,0,0,946.5,263.672937629682,5.45905527558297,122,,
2019,2,26,3,0,30.6,-110,0,-4.3,0,0,0,0,0,946.6,267.449000519015,6.23278518453105,109,,
2019,2,26,4,0,31.1,-103,0,-3.9,0,0,0,0,0,946.9,270.607277762432,7.00039320394352,96,,
2019,2,26,5,0,32.6,-97,0,-3.1,32,0,66,0,0,947.3,284.771566947785,5.97488239631239,83,,
2019,2,26,6,0,34.1,-91,0,-2.3,62,0,281,0,0,947.8,297.472379752983,6.17268124823999,69,,
2019,2,26,7,0,35.9,-85,0,-2.2,75,0,520,0,0,947.9,309.379056794224,4.17432389037352,56,,
2019,2,26,8,0,38,-76,0,-2.9,83,235.5,730,18.38,0,947.7,324.358559276542,3.56646311762613,42,,
2019,2,26,9,0,40.1,-63,0.2,-3.6,94,759.92,882,246.17,0,947.4,331.498564862042,3.72482053317046,29,,
2019,2,26,10,0,41.4,-37,0,-4.1,94,913.11,980,502.81,0,946.9,354.413512443671,4.41534144145745,19,,
2019,2,26,11,0,41.9,13,0,-4.6,93,985.02,1001,735.02,0,946,9.26068112888174,4.78087815876208,16,,
2019,2,26,12,0,42.5,52,0,-5,88,1024.1,949,919.99,0,945.1,14.772769066841,4.77894841214468,23,,
2019,2,26,13,0,42.6,71,0,-5.4,77,1044.74,830,1041.96,0,944.5,14.1105389971416,5.12729207862194,35,,
2019,2,26,14,0,42.3,81,0,-5.7,72,1050.36,642,1088.99,0,944.1,12.6496980608304,4.22761617262879,49,,
2019,2,26,15,0,41.9,88,0,-6,65,1044.54,410,1059.1,0,943.7,5.09315385751648,3.38837840194817,62,,
2019,2,26,16,0,40.9,94,0,-5.8,49,1026.46,167,954.97,0,943.8,349.577417626823,3.02245706054963,76,,
2019,2,26,17,0,39.3,100,0.3,-5.1,11,992.25,11,785.33,0,944.4,337.884742044408,3.44457624184366,90,,
2019,2,26,18,0,37.6,106,0,-4.4,0,135.06,0,392.04,0,945,336.548020122413,4.21077151309276,103,,
2019,2,26,19,0,36.1,114,0,-4.3,0,265.61,0,231.6,0,945.4,332.162707400881,4.17420371734095,116,,
2019,2,26,20,0,34.8,125,0,-4.7,0,0.23,0,14.33,0,945.6,329.910138790187,4.03582465017369,128,,
2019,2,26,21,0,33.5,140,0,-5.1,0,0,0,0,0,945.8,324.347542110062,4.11481659329261,138,,
2019,2,26,22,0,32.5,161,0,-5,0,0,0,0,0,945.7,326.305539000823,5.32337535265595,145,,
2019,2,26,23,0,31.9,-173,0,-4.5,0,0,0,0,0,945.3,327.891662216933,4.96134581579302,146,,
2019,2,27,0,0,31.3,-149,0,-3.9,0,0,0,0,0,945,321.659185422195,4.3770993947379,142,,
2019,2,27,1,0,30.8,-131,0,-3.4,0,0,0,0,0,944.8,322.903154519478,3.93212188754087,133,,
2019,2,27,2,0,30.3,-119,0,-2.9,0,0,0,0,0,944.8,315.818757564171,3.27354653504474,122,,
2019,2,27,3,0,29.9,-110,0,-2.3,0,0,0,0,0,944.8,285.160586137153,4.58539133383064,110,,
2019,2,27,4,0,30.6,-103,0,-2,0,0,0,0,0,944.9,285.757140269754,4.41594502399067,96,,
2019,2,27,5,0,32.6,-97,0,-1.8,32,0,62,0,0,945.2,278.87839715361,3.72038138135223,83,,
2019,2,27,6,0,34.5,-91,0,-1.6,60,0,278,0,0,945.6,281.299190827247,4.20653344689879,69,,
2019,2,27,7,0,36.4,-84,0,-1,69,0,521,0,0,945.6,312.496754239599,3.29004868836273,56,,
2019,2,27,8,0,38.3,-76,0,0,72,216.12,735,16.75,0,945.3,313.506968826972,2.75751524254821,42,,
2019,2,27,9,0,40.3,-63,0,1,74,751.02,897,242.21,0,945,326.024092924829,1.74755042293209,29,,
2019,2,27,10,0,41.5,-36,0,1,72,907.32,993,498.34,0,944.3,332.321376267959,1.35415588712759,19,,
2019,2,27,11,0,42.1,13,0,-0.1,73,980.5,1010,730.28,0,943.4,353.041322799836,0.905058358515036,16,,
2019,2,27,12,0,42.7,52,0,-1.2,74,1020.92,950,915.64,0,942.4,321.836444685186,0.948780515495826,24,,
2019,2,27,13,0,42.9,70,0,-1.8,72,1042.74,821,1038.28,0,941.8,240.217179471595,1.36864638973752,36,,
2019,2,27,14,0,42.6,80,0,-1.8,69,1053.06,632,1089.63,0,941.5,249.508897578873,1.58493526196072,49,,
2019,2,27,15,0,42.4,87,0,-1.9,62,1051.95,402,1063.91,0,941.2,236.483258380425,1.77592202726999,62,,
2019,2,27,16,0,41.5,94,0,-1.6,46,1038.6,165,963,0,941.3,244.902539498312,2.18268060848946,76,,
2019,2,27,17,0,39.9,100,0.3,-1,10,1004.72,11,791.71,0,941.7,239.787170813979,2.14266326852446,90,,
2019,2,27,18,0,38.4,106,0,-0.4,0,943.27,0,568.23,0,942.1,229.371657094194,1.84783457311552,103,,
2019,2,27,19,0,37.2,114,0,0.5,0,817.9,0,312.72,0,942.4,149.560224976463,1.85766500626159,116,,
2019,2,27,20,0,36.2,124,0,1.7,0,452.36,0,62.9,0,942.7,117.872762663367,2.30629895912996,128,,
2019,2,27,21,0,35.3,139,0,2.9,0,0,0,0,0,942.9,176.302466085707,2.176313238221,138,,
2019,2,27,22,0,34.4,160,0,5.3,0,0,0,0,0,943,191.663840246632,1.68314749939435,145,,
2019,2,27,23,0,33.4,-173,0,8.8,0,0,0,0,0,942.9,221.109534743305,1.62264356197749,147,,
2019,2,28,0,0,32.3,-149,0,12.3,0,0,0,0,0,942.9,238.24596421759,2.5085316276251,142,,
2019,2,28,1,0,31.4,-131,0,14.3,0,0,0,0,0,943,248.385416997525,2.2900513210452,133,,
2019,2,28,2,0,30.6,-119,0,14.8,0,0,0,0,0,943.2,250.360066939082,3.3471377447848,122,,
2019,2,28,3,0,29.8,-110,0,15.3,0,0,0,0,0,943.4,251.305478483841,3.82690389162344,110,,
2019,2,28,4,0,30.2,-103,0,15.5,0,0,0,0,0,943.7,264.766170242978,4.66785313141222,97,,
2019,2,28,5,0,31.9,-96,0,15.4,31,0,59,0,0,944.2,263.679220082321,5.00300003773752,83,,
2019,2,28,6,0,33.6,-90,0,15.3,63,0,260,0,0,944.6,260.907205590614,4.27632488815801,69,,
2019,2,28,7,0,35.5,-84,0,14.1,80,0,487,0,0,944.8,258.149143108974,3.65203714157317,56,,
2019,2,28,8,0,37.5,-75,0,11.7,90,213.04,689,15.65,0,944.6,250.468730617488,2.83917258096232,42,,
2019,2,28,9,0,39.5,-62,1.4,9.3,126,759.27,799,242.9,0,944.5,231.130026092643,1.99185687521874,30,,
2019,2,28,10,0,40.7,-35,16.5,7.5,391,916.45,470,501.16,0,944,235.620312235083,2.7877934735619,19,,
2019,2,28,11,0,41.2,13,18.5,6.3,377,987.49,481,733.35,0,943.2,233.553297256347,2.86023886932151,17,,
2019,2,28,12,0,41.6,51,26.9,5.1,490,1025.48,235,917.67,0,942.4,194.666479061652,1.99066807875574,24,,
2019,2,28,13,0,41.6,70,55.2,4.6,354,1045.02,41,1038.54,0,941.9,161.317099795345,2.2432035429573,36,,
2019,2,28,14,0,41,80,34,4.6,371,1053.49,68,1088,0,941.8,206.84210407421,3.27911495319179,49,,
2019,2,28,15,0,40.5,87,47.2,4.6,222,1050.51,22,1060.3,0,941.6,198.126898680052,8.21163488745553,63,,
2019,2,28,16,0,39.5,93,59.1,5.4,78,1035.2,0,957.58,0,941.8,226.822474627217,7.13515132938534,76,,
2019,2,28,17,0,37.9,99,24.4,7,11,1001.47,0,786.63,0,942.2,222.386129579003,6.16568531023354,90,,
2019,2,28,18,0,36.3,106,6.8,8.5,0,939.92,0,563.54,0,942.7,219.507096382046,7.00632173747849,103,,
2019,2,28,19,0,35.3,114,4.8,9.2,0,257.88,0,233.14,0,942.9,229.589384152526,7.87475094415319,116,,
2019,2,28,20,0,34.8,124,4.9,9.1,0,0.12,0,16.58,0,943,233.724109897729,7.65062668438437,128,,
2019,2,28,21,0,34.3,139,5.8,9,0,0,0,0,0,943,239.306573235413,6.90903408370522,138,,
2019,2,28,22,0,33.8,160,10.8,8.9,0,0,0,0,0,942.9,245.01779429404,6.27858390423878,145,,
2019,2,28,23,0,33.3,-173,11.2,8.8,0,0,0,0,0,942.7,245.285467283111,6.39819269124999,147,,
2019,3,1,0,0,32.9,-149,11.1,8.7,0,0,0,0,0,942.4,247.393201774479,6.05476500348716,142,,
2019,3,1,1,0,32.3,-131,25.2,8.4,0,0,0,0,0,942.4,229.821783009429,4.27378566382399,134,,
2019,3,1,2,0,31.8,-118,20.3,7.7,0,0,0,0,0,942.7,228.997453790562,4.83435291131862,122,,
2019,3,1,3,0,31.2,-109,17.2,7.1,0,0,0,0,0,942.9,241.683811690153,4.6856716838511,110,,
2019,3,1,4,0,31.5,-102,0.7,7.1,0,0,0,0,0,943.3,257.905242922988,5.36918289872863,97,,
2019,3,1,5,0,32.6,-96,0,7.7,33,0,54,0,0,943.8,254.787421301173,6.08834214328458,83,,
2019,3,1,6,0,33.6,-90,0,8.3,67,0,253,0,0,944.3,265.236358309274,6.02079728939615,70,,
2019,3,1,7,0,35,-83,0,8,84,0,481,0,0,944.5,276.445593749821,4.45395815308823,56,,
2019,3,1,8,0,36.7,-75,0,6.9,94,0,685,1.33,0,944.4,274.817781914842,4.46497120391977,42,,
2019,3,1,9,0,38.4,-61,0,5.8,99,202.56,840,157.05,0,944.3,276.673440959945,4.30254284928456,30,,
2019,3,1,10,0,39.6,-34,0,4.9,101,352.66,933,392.76,0,943.8,280.191721859178,4.23866411875984,20,,
2019,3,1,11,0,40.3,13,0,4.3,102,138.75,951,518.93,0,943,279.41814261151,4.12986469712532,17,,
2019,3,1,12,0,40.9,51,2,3.7,143,682.71,832,766.99,0,942.2,287.341282817036,3.43347701952603,24,,
2019,3,1,13,0,41,69,1.3,3.3,118,84.84,738,554.21,0,941.7,293.097546097813,4.19163860366664,36,,
2019,3,1,14,0,40.4,79,1,3.2,101,404.66,569,809.2,0,941.6,293.230095088273,5.5859010061191,49,,
2019,3,1,15,0,39.8,87,10.5,3.2,154,450.6,245,806.06,0,941.4,305.334543273274,6.53136610998988,63,,
2019,3,1,16,0,39.2,93,44.6,2.9,106,68.02,2,427.52,0,941.7,305.991402010436,6.12184552317363,77,,
2019,3,1,17,0,38.6,99,4.4,2.6,12,39.81,2,279.84,0,942.4,303.58521945338,5.37366714831647,90,,
2019,3,1,18,0,38,106,0,2.2,0,8.92,0,157.52,0,943,306.795459952811,4.83903898789604,104,,
2019,3,1,19,0,37.2,113,0,1.9,0,0,0,81.34,0,943.5,334.104145523919,3.89066398038703,116,,
2019,3,1,20,0,36.1,124,0,1.6,0,0,0,16.28,0,943.9,342.504737600998,4.82057848665536,128,,
2019,3,1,21,0,34.9,139,0,1.2,0,0,0,0,0,944.2,345.383819108296,5.06221519311183,139,,
2019,3,1,22,0,34,160,0,1.2,0,0,0,0,0,944.3,333.019427708211,5.07133196027421,146,,
2019,3,1,23,0,33.2,-173,0,1.5,0,0,0,0,0,944.2,321.75608445817,4.6002241158617,147,,
2019,3,2,0,0,32.5,-148,0.3,1.8,0,0,0,0,0,944.1,307.53838894495,3.59622353676499,143,,
2019,3,2,1,0,31.8,-130,27.5,2.4,0,0,0,0,0,944.2,353.995857204265,2.69056377873377,134,,
2019,3,2,2,0,31.1,-118,27.1,3.3,0,0,0,0,0,944.4,357.464134500229,3.00696589055404,123,,
2019,3,2,3,0,30.4,-109,24.5,4.2,0,0,0,0,0,944.6,8.27485227318937,2.57763991862225,110,,
2019,3,2,4,0,30.3,-102,20.8,5.6,0,0,0,0,0,945.1,348.89836047642,2.08991245539174,97,,
2019,3,2,5,0,30.8,-96,10.5,7.6,47,0,27,0,0,945.8,327.908356396553,2.21317433257888,83,,
2019,3,2,6,0,31.3,-90,1,9.5,104,0,193,0,0,946.6,321.299345937021,1.76186443076904,70,,
2019,3,2,7,0,32.3,-83,4.5,10.5,190,0,323,0,0,947,52.3627809580385,0.409393315169069,56,,
2019,3,2,8,0,33.8,-74,1.8,10.4,201,0,533,1.18,0,946.8,117.146920906947,1.20717928853463,43,,
2019,3,2,9,0,35.3,-61,4.5,10.4,280,31.68,582,125.35,0,946.7,123.455868013098,1.58717339734864,30,,
2019,3,2,10,0,36.5,-34,17.3,9.8,498,412.84,320,382.05,0,946.3,143.452834212329,1.80390267147626,20,,
2019,3,2,11,0,37.3,13,30.3,8.7,603,366.77,97,540.75,0,945.5,163.020020352398,2.82222542595472,17,,
2019,3,2,12,0,38,50,62.5,7.7,353,219.09,0,666.19,0,944.7,176.142889648141,3.65667419115316,25,,
2019,3,2,13,0,38.2,69,62.3,7,300,1019.28,0,1010.96,0,944.3,191.089181396684,3.53455979811965,36,,
2019,3,2,14,0,37.7,79,68.5,6.7,191,194.22,0,721.97,0,944.3,195.410348184697,3.88150772573407,49,,
2019,3,2,15,0,37.3,86,45.3,6.3,191,57.32,0,476.95,0,944.2,200.219127063772,3.77541131070469,63,,
2019,3,2,16,0,36.7,93,66.9,6.4,40,70.87,0,479.79,0,944.4,192.578210034952,5.05853874065777,77,,
2019,3,2,17,0,36,99,50.4,6.7,6,27.39,0,343.18,0,944.9,183.284006081727,8.05196310649391,90,,
2019,3,2,18,0,35.2,105,47.8,7.1,0,0,0,212.47,0,945.3,188.734666475572,8.15673231487316,104,,
2019,3,2,19,0,34.4,113,55.5,7.4,0,0,0,103.77,0,945.6,207.439964494936,8.14641272428888,117,,
2019,3,2,20,0,33.5,123,61.3,7.6,0,0.05,0,4.86,0,945.8,209.69608902566,8.03519327440697,129,,
2019,3,2,21,0,32.7,138,55.8,7.9,0,0,0,0,0,946,210.327344969058,8.63400434050967,139,,
2019,3,2,22,0,31.9,160,47.4,8.3,0,0,0,0,0,945.9,213.927096383515,8.79792977426646,146,,
2019,3,2,23,0,31.3,-173,53.8,9,0,0,0,0,0,945.6,218.073707337924,9.17899711240204,148,,
2019,3,3,0,0,30.7,-148,56.3,9.7,0,0,0,0,0,945.3,221.111004839899,8.98901244959739,143,,
2019,3,3,1,0,30.1,-130,29.1,10.3,0,0,0,0,0,945.2,210.682510377906,9.06508594899511,134,,
2019,3,3,2,0,29.5,-118,28.1,10.9,0,0,0,0,0,945.4,210.985336415918,8.17370121485396,123,,
2019,3,3,3,0,29,-109,49.2,11.4,0,0,0,0,0,945.5,205.537698378552,6.11698889748381,110,,
2019,3,3,4,0,29.1,-102,47.6,11.4,0,0,0,0,0,946,194.687953492659,5.34650086446407,97,,
2019,3,3,5,0,30,-95,22.7,10.7,49,0,6,0,0,946.8,188.980817499938,4.65465020349313,83,,
2019,3,3,6,0,30.8,-89,10.3,10,165,0,83,0,0,947.6,189.758378087507,6.33767680405812,70,,
2019,3,3,7,0,31.9,-82,4.7,9.5,211,0,283,0,0,947.9,195.403815393071,6.86768155769506,56,,
2019,3,3,8,0,33.4,-74,13.6,9.2,358,0,276,1.04,0,947.8,194.837115433606,6.4372188691476,43,,
2019,3,3,9,0,34.9,-60,12.9,9,392,93,391,138.61,0,947.7,189.710602586984,6.66975822677766,30,,
2019,3,3,10,0,36,-33,4.7,8.5,247,51.88,706,119.48,0,947.2,185.813108600001,7.13427482393917,20,,
2019,3,3,11,0,36.7,13,11,7.9,357,28.41,550,351.46,0,946.4,184.726520729266,8.1527245395154,18,,
2019,3,3,12,0,37.4,50,36.2,7.3,538,70.42,79,377.31,0,945.6,182.055828158687,9.03725082618853,25,,
2019,3,3,13,0,37.6,68,33.9,6.8,507,152.91,48,747.19,0,945.1,161.879321330001,9.29314529878332,37,,
2019,3,3,14,0,37.4,79,33.6,6.4,384,89.06,53,600.49,0,944.9,171.990109197075,11.013885117468,50,,
2019,3,3,15,0,37.2,86,55.8,6.1,195,80.9,0,688.61,0,944.7,175.978100521696,12.8089571638234,63,,
2019,3,3,16,0,36.6,92,73.2,6.2,46,73.8,0,364.47,0,944.8,173.409440568022,16.0626492903855,77,,
2019,3,3,17,0,35.5,98,20.4,6.9,9,80.06,0,224.35,0,945.1,179.226076947022,14.449778041799,91,,
2019,3,3,18,0,34.4,105,43.7,7.6,0,15.09,0,160.74,0,945.4,177.552227797887,11.7841437408774,104,,
2019,3,3,19,0,33.8,113,18.3,7.5,0,748.17,0,279.34,0,945.7,167.076619770498,11.438118908254,117,,
2019,3,3,20,0,33.5,123,12.6,6.5,0,356.32,0,46.95,0,945.9,156.94838773853,15.3419758273067,129,,
2019,3,3,21,0,33.2,138,14.1,5.6,0,0,0,0,0,946.2,162.412495661607,16.067188480149,139,,
2019,3,3,22,0,32.9,160,29.4,5.2,0,0,0,0,0,946.2,170.234741175315,16.6035057657658,147,,
2019,3,3,23,0,32.4,-173,30.3,5.4,0,0,0,0,0,946.1,173.947862369796,15.3744320117174,148,,
2019,3,4,0,0,32,-148,29.6,5.6,0,0,0,0,0,946.1,172.215803685067,15.6596489991734,143,,
2019,3,4,1,0,31.5,-129,28.3,5.8,0,0,0,0,0,946.2,167.19373440367,12.0174998827423,134,,
2019,3,4,2,0,31,-117,30,6,0,0,0,0,0,946.5,167.026454887692,12.0735403265751,123,,
2019,3,4,3,0,30.5,-108,26.1,6.2,0,0,0,0,0,946.9,165.31531333216,12.203444406025,110,,
2019,3,4,4,0,30.6,-101,25.9,6.7,0,0,0,0,0,947.3,167.588582995229,11.9394873553076,97,,
2019,3,4,5,0,31.3,-95,30.5,7.4,52,0,12,0,0,947.8,166.93470613625,11.9902152278798,84,,
2019,3,4,6,0,32,-89,21.5,8.2,176,0,63,0,0,948.2,167.871980587398,11.8227226726586,70,,
2019,3,4,7,0,33.1,-82,13.9,8.3,206,0,273,0,0,948.3,150.585932697728,11.1974477424677,56,,
2019,3,4,8,0,34.5,-73,0.9,8,117,143.03,635,10.09,0,948,152.167528661713,11.0254640867124,43,,
2019,3,4,9,0,36,-59,2.8,7.7,168,728.55,723,228.79,0,947.6,150.658240441586,11.637290873766,30,,
2019,3,4,10,0,37.3,-32,0.7,7.4,134,349.37,868,386.39,0,946.9,148.869267547573,14.0453241171204,20,,
2019,3,4,11,0,38.3,13,1,7,144,422.37,873,587.27,0,946,150.529199331939,17.7213851412513,18,,
2019,3,4,12,0,39.4,49,6.7,6.7,241,1002.54,665,891.57,0,945.1,154.009838452713,20.4935767335142,25,,
2019,3,4,13,0,39.7,68,19.7,6.5,384,1022.71,294,1010.16,0,944.5,151.510326939523,20.6701124009913,37,,
2019,3,4,14,0,39.3,78,41.8,6.2,359,1031.2,23,1057.97,0,944.3,152.052626162865,21.5128880103778,50,,
2019,3,4,15,0,38.9,86,32,6,255,1027.88,34,1029.5,0,944.1,153.055194619937,23.4035442683378,63,,
2019,3,4,16,0,38.3,92,52.2,6.6,86,543.29,0,791.08,0,944.4,158.53788251776,25.2041671970788,77,,
2019,3,4,17,0,37.4,98,67.1,7.9,4,441.3,0,634.92,0,945.1,162.185477201921,26.6318405928964,91,,
2019,3,4,18,0,36.6,105,47,9.3,0,916.97,0,539.32,0,945.9,163.508084958256,27.7379980881112,104,,
2019,3,4,19,0,35.7,112,5.3,9.6,0,786.68,0,288.31,0,946.3,164.613531500552,27.6014904475134,117,,
2019,3,4,20,0,34.6,123,6.8,9,0,385.79,0,47.44,0,946.4,168.213947749694,26.2915004022856,129,,
2019,3,4,21,0,33.6,138,7.2,8.3,0,0,0,0,0,946.5,171.046986703399,27.1542998100273,140,,
2019,3,4,22,0,32.9,160,55.9,7.8,0,0,0,0,0,946.3,172.767838714095,28.3855492676928,147,,
2019,3,4,23,0,32.5,-173,56.7,7.3,0,0,0,0,0,945.7,175.354458113131,27.6724112627251,148,,
2019,3,5,0,0,32.1,-147,56.2,6.8,0,0,0,0,0,945.2,176.438441002496,25.5760736748108,144,,
2019,3,5,1,0,31.8,-129,2,6.7,0,0,0,0,0,944.9,178.886138742776,20.0425278127367,135,,
2019,3,5,2,0,31.6,-117,0,6.8,0,0,0,0,0,944.8,181.602168553821,16.811397769047,123,,
2019,3,5,3,0,31.4,-108,0.3,7,0,0,0,0,0,944.8,177.516841200684,14.2399798391273,110,,
2019,3,5,4,0,31.9,-101,31.5,7.4,0,0,0,0,0,945.1,178.214125940788,12.6545381433158,97,,
2019,3,5,5,0,33.1,-95,12.7,8.1,36,0,40,0,0,945.9,177.535451135517,11.5340602892013,84,,
2019,3,5,6,0,34.2,-88,0.1,8.8,70,0,241,0,0,946.7,178.183872636528,10.1026620352821,70,,
2019,3,5,7,0,35.6,-82,0,8.4,88,0,466,0,0,946.9,177.915538602851,8.80260774486032,56,,
2019,3,5,8,0,37.2,-73,0,6.9,100,130.99,665,8.95,0,946.7,174.893350908797,8.3808530225698,43,,
2019,3,5,9,0,38.8,-59,0.8,5.4,124,730.28,792,227.77,0,946.4,176.319879122668,7.36276967339684,31,,
2019,3,5,10,0,39.9,-32,0,4.5,113,894.05,902,482.15,0,945.9,177.920044656152,8.17717052388522,21,,
2019,3,5,11,0,40.6,12,5.5,4,233,968.69,743,712.1,0,945.1,168.352425974015,10.2539108013115,18,,
2019,3,5,12,0,41.2,48,19.6,3.6,431,1009.14,354,895.11,0,944.3,167.454740340194,13.5220380578636,25,,
2019,3,5,13,0,41.3,67,42.7,3.3,466,1030.59,19,1015.34,0,943.8,166.222982540681,14.3823478640889,37,,
2019,3,5,14,0,40.9,78,43.4,3.3,349,1036,23,1060.28,0,943.7,172.579561035959,15.0868737994936,50,,
2019,3,5,15,0,40.4,85,50.1,3.2,211,1029.62,3,1028.6,0,943.6,179.71479177237,14.7574894096645,64,,
2019,3,5,16,0,39.8,92,55.8,3.5,77,1010.37,0,923.04,0,943.8,180.906242519587,15.5988025412268,77,,
2019,3,5,17,0,38.9,98,74.5,4.2,5,977.51,0,755.06,0,944.4,184.776944075564,16.7526297136728,91,,
2019,3,5,18,0,38,104,51.6,4.8,0,915.57,0,535.47,0,944.9,188.557632845502,17.2771395210845,104,,
2019,3,5,19,0,37,112,56.5,4.8,0,784.1,0,284.54,0,945.3,198.171696823092,12.7276037963407,117,,
2019,3,5,20,0,35.8,122,62,4.2,0,376.19,0,44.8,0,945.7,200.904894765356,12.5141755810865,130,,
2019,3,5,21,0,34.6,137,57.4,3.5,0,0,0,0,0,946,204.055311231124,11.4333791204181,140,,
2019,3,5,22,0,33.6,160,34.2,3.7,0,0,0,0,0,946.1,202.594180691087,11.4690685897817,147,,
2019,3,5,23,0,32.6,-172,40.9,4.8,0,0,0,0,0,945.8,205.475765258929,10.8163124141451,149,,
2019,3,6,0,0,31.6,-147,27.7,5.8,0,0,0,0,0,945.6,205.835938158991,10.263036012155,144,,
2019,3,6,1,0,30.9,-129,30.9,6.3,0,0,0,0,0,945.5,204.216748153755,12.2188939661709,135,,
2019,3,6,2,0,30.3,-116,30.9,6.4,0,0,0,0,0,945.6,205.120698398544,10.3624320756933,123,,
2019,3,6,3,0,29.8,-107,31,6.5,0,0,0,0,0,945.7,212.397916127196,9.04882151709775,111,,
2019,3,6,4,0,29.9,-100,30.7,6.4,0,0,0,0,0,946.1,210.211694990567,7.77922266448482,97,,
2019,3,6,5,0,30.7,-94,10.4,6.1,30,0,49,0,0,946.9,204.212690681483,6.46732678233726,84,,
2019,3,6,6,0,31.4,-88,0,5.9,58,0,257,0,0,947.7,199.148298839422,5.26381999582773,70,,
2019,3,6,7,0,32.6,-81,0,5.8,72,0,487,0,0,947.9,206.163925655187,4.48270681086329,56,,
2019,3,6,8,0,34.3,-72,0,5.8,81,118.45,690,7.84,0,947.6,193.259412607401,3.49146849828833,43,,
2019,3,6,9,0,35.9,-58,3.1,5.9,148,728.19,752,225.78,0,947.2,180.462159887406,3.39850206582721,31,,
2019,3,6,10,0,37.4,-31,0.2,5.6,95,889.81,924,478.5,0,946.5,166.543105361394,4.69918948339072,21,,
2019,3,6,11,0,38.9,12,0,4.8,92,963.64,946,706.98,0,945.5,161.852209005957,6.45755050369285,19,,
2019,3,6,12,0,40.4,48,0,4,91,1003.15,888,888.31,0,944.5,158.47065726927,8.4188904102677,26,,
2019,3,6,13,0,40.9,67,0,3.5,88,1023.59,761,1006.84,0,943.8,169.675137936966,8.97686142570761,37,,
2019,3,6,14,0,40.6,77,5.7,3.2,150,1030.61,473,1052.81,0,943.5,177.650057282405,10.5629726880413,50,,
2019,3,6,15,0,40.3,85,32.6,3,229,1025.74,65,1022.41,0,943.1,183.872894082376,9.1451484777267,64,,
2019,3,6,16,0,39.6,91,30.2,3.1,98,1007.94,19,918.16,0,943,187.575626423263,9.81151028553524,78,,
2019,3,6,17,0,38.6,97,44.6,3.7,8,972.94,0,748.8,0,943.4,189.616216688005,10.2922744601502,91,,
2019,3,6,18,0,37.7,104,25,4.2,0,908.44,0,528.61,0,943.7,193.32669727814,10.2718475594628,105,,
2019,3,6,19,0,36.6,112,19,4.4,0,230.99,0,196.9,0,943.8,206.365335130209,8.81453855864637,118,,
2019,3,6,20,0,35.6,122,20.6,4.2,0,362.08,0,41.87,0,943.8,208.24744811939,8.53505904296801,130,,
2019,3,6,21,0,34.5,137,19.4,4,0,0,0,0,0,943.8,208.274539278157,8.04917223197088,140,,
2019,3,6,22,0,33.6,160,31.7,3.9,0,0,0,0,0,943.8,202.983187927849,7.45389454942071,148,,
2019,3,6,23,0,32.9,-172,29.2,4,0,0,0,0,0,943.6,195.740292138672,8.58242233446041,149,,
2019,3,7,0,0,32.2,-146,31,4.1,0,0,0,0,0,943.5,199.452653792146,8.84362973304448,144,,
2019,3,7,1,0,31.4,-128,8.2,4.5,0,0,0,0,0,943.4,204.197844501459,7.30924913836604,135,,
2019,3,7,2,0,30.6,-116,7.2,5.1,0,0,0,0,0,943.4,198.001711408005,6.6489437033175,123,,
2019,3,7,3,0,29.8,-107,6.3,5.7,0,0,0,0,0,943.5,194.168639590695,5.98619273249255,111,,
2019,3,7,4,0,30.2,-100,33.9,6.7,0,0,0,0,0,943.8,188.256793216528,4.98071788231424,97,,
2019,3,7,5,0,31.8,-94,12.5,8.1,40,0,30,0,0,944.3,178.79704735895,5.37947096079033,84,,
2019,3,7,6,0,33.3,-88,1,9.5,69,0,236,0,0,944.9,174.885904933001,6.39644193527753,70,,
2019,3,7,7,0,34.9,-81,1.1,9.6,95,0,448,0,0,945.1,159.797632222744,5.56494992255151,57,,
2019,3,7,8,0,36.4,-72,3,8.6,144,101.12,593,6.68,0,944.8,155.195481408819,5.17678299585878,43,,
2019,3,7,9,0,37.9,-57,12.1,7.5,316,724.1,490,223.29,0,944.5,149.442682718389,5.94687478712553,31,,
2019,3,7,10,0,39.1,-31,14.1,6.7,374,888.04,493,476.02,0,944,148.515546048068,7.09065588372597,21,,
2019,3,7,11,0,40,12,1.9,6.1,152,962.79,854,704.64,0,943.2,153.398608385993,8.50605177607499,19,,
2019,3,7,12,0,40.9,47,4.3,5.6,193,1003,733,886.26,0,942.4,156.783010766878,8.52239462234974,26,,
2019,3,7,13,0,41.1,66,15.8,5.3,345,1024.06,358,1005.14,0,941.9,155.25160336345,7.11028294425219,38,,
2019,3,7,14,0,40.5,77,11.7,5.3,244,1030.13,324,1049.98,0,941.7,172.021426145324,6.97800195649432,51,,
2019,3,7,15,0,40,85,12.4,5.3,187,1024.29,168,1018.43,0,941.5,185.7217864652,7.64371275080875,64,,
2019,3,7,16,0,39.4,91,12,5.5,95,525.95,47,774.94,0,941.5,192.818637287318,8.27644643340471,78,,
2019,3,7,17,0,38.7,97,3.8,6,8,416.79,2,616.34,0,941.8,199.43612451171,8.28848903318607,91,,
2019,3,7,18,0,37.9,104,20.9,6.5,0,904.67,0,523.47,0,942.1,206.448593772615,7.63909585223144,105,,
2019,3,7,19,0,37.1,111,26.9,6.5,0,224.83,0,191.53,0,942.4,215.892057783538,5.75683080277763,118,,
2019,3,7,20,0,36.1,122,17.4,6.3,0,0,0,3.77,0,942.8,213.646139235428,5.02007616757578,130,,
2019,3,7,21,0,35.1,137,23.5,6,0,0,0,0,0,943.1,206.070343428613,4.97837531803923,141,,
2019,3,7,22,0,34.2,159,24.5,5.9,0,0,0,0,0,943.2,197.541666974948,5.10776402809315,148,,
2019,3,7,23,0,33.3,-172,24.9,6,0,0,0,0,0,943.2,191.705670469901,5.73961107997945,150,,
2019,3,8,0,0,32.5,-146,27.3,6.2,0,0,0,0,0,943.2,191.099280974367,5.90652826035211,145,,
2019,3,8,1,0,31.7,-128,62.8,6.1,0,0,0,0,0,943.2,200.571012069062,5.58178135410128,135,,
2019,3,8,2,0,31.2,-115,61.2,5.8,0,0,0,0,0,943.3,204.006974486317,5.31022896782925,124,,
2019,3,8,3,0,30.6,-107,57.2,5.5,0,0,0,0,0,943.4,206.240713059428,4.21508624123049,111,,
2019,3,8,4,0,30.9,-100,4.7,5.9,0,0,0,0,0,943.7,193.788669835659,3.26176106807696,98,,
2019,3,8,5,0,32.1,-93,8.7,7,49,0,11,0,0,944.2,188.090523419508,2.46975612922001,84,,
2019,3,8,6,0,33.3,-87,13.2,8,141,0,117,0,0,944.8,169.247982289149,2.03164670475551,70,,
2019,3,8,7,0,34.7,-80,0.9,8.1,126,0,403,0,0,945,136.072062562348,1.76807644777473,57,,
2019,3,8,8,0,36.3,-71,3.8,7.1,192,85.52,522,5.59,0,945,127.299538313096,1.97892969173887,43,,
2019,3,8,9,0,37.8,-57,14.8,6.2,377,721.15,393,221.11,0,945,126.111124068932,1.94856237331637,31,,
2019,3,8,10,0,38.8,-30,23,6,490,885.04,278,472.97,0,944.7,127.070483060269,2.44292392915391,22,,
2019,3,8,11,0,39.2,12,34.4,6.5,568,958.31,99,699.89,0,944.2,124.167751932229,3.38021974691651,20,,
2019,3,8,12,0,39.6,47,56.2,7,421,996.95,1,879.38,0,943.6,124.406584199997,4.50708742036973,26,,
2019,3,8,13,0,39.5,66,64,7.4,296,1016.4,0,995.99,0,943.4,103.954733179191,4.11335686512033,38,,
2019,3,8,14,0,39,76,44.7,7.8,346,1022.2,9,1040.04,0,943.6,118.96110280339,2.95965350406862,51,,
2019,3,8,15,0,38.4,84,56.8,8.2,175,1015.97,0,1008.06,0,943.7,138.661549501412,3.5005483097775,64,,
2019,3,8,16,0,37.9,91,57,8.6,71,996.57,0,902.81,0,944,145.869671444622,4.65699931124087,78,,
2019,3,8,17,0,37.4,97,33.8,9.1,6,387.76,0,594.32,0,944.6,146.145666188196,4.91476921494413,92,,
2019,3,8,18,0,37,103,18.5,9.6,0,353.23,0,408.65,0,945.1,142.684783655582,4.43938452418071,105,,
2019,3,8,19,0,36.5,111,12.8,9.8,0,204.18,0,179.18,0,945.4,138.19100607683,3.66785632631829,118,,
2019,3,8,20,0,36,121,12.7,9.9,0,0,0,3.39,0,945.6,139.481713090795,3.03619433831824,130,,
2019,3,8,21,0,35.5,137,20.9,9.9,0,0,0,0,0,945.7,145.331816725737,2.10820585239591,141,,
2019,3,8,22,0,34.9,159,10.7,10.2,0,0,0,0,0,945.6,131.577259932415,1.67098552562316,148,,
2019,3,8,23,0,34.3,-172,9.3,10.7,0,0,0,0,0,945.5,122.970732000789,1.67163115650696,150,,
2019,3,9,0,0,33.7,-146,9.3,11.3,0,0,0,0,0,945.3,109.32471990799,1.25026773257213,145,,
2019,3,9,1,0,33.1,-127,41.5,11.6,0,0,0,0,0,945.3,96.8519526639352,1.79829913021647,135,,
2019,3,9,2,0,32.5,-115,43.8,11.9,0,0,0,0,0,945.4,125.634797962465,2.00433973010253,124,,
2019,3,9,3,0,31.9,-106,44.9,12.1,0,0,0,0,0,945.4,93.7223130286263,1.50317107254549,111,,
2019,3,9,4,0,32,-99,31.3,12,0,0,0,0,0,945.7,67.3801350519595,1.625,98,,
2019,3,9,5,0,33,-93,12.7,11.6,32,0,37,0,0,946.3,63.7005090842403,2.25701422006426,84,,
2019,3,9,6,0,34,-87,0,11.2,71,0,225,0,0,946.8,78.8586337306022,2.85050531356474,70,,
2019,3,9,7,0,35.3,-80,0,10.6,92,0,445,0,0,947.1,87.1018010005356,3.47703457162478,57,,
2019,3,9,8,0,36.9,-71,0,9.8,102,57.77,645,4.36,0,947,93.8420774645077,3.73097251520317,44,,
2019,3,9,9,0,38.5,-56,0.6,9,119,698.07,781,213.94,0,947,103.880285941237,4.16850725779494,31,,
2019,3,9,10,0,39.7,-29,0.3,8.2,116,866.54,880,462.69,0,946.7,114.983574770422,3.60686895642187,22,,
2019,3,9,11,0,40.5,12,7.7,7.3,257,942.56,681,687.74,0,946,126.760193327005,4.04664325274065,20,,
2019,3,9,12,0,41.3,46,18.7,6.5,401,315.51,375,623.41,0,945.4,138.747571097092,4.65007134551597,27,,
2019,3,9,13,0,41.5,65,17.7,6,352,354.93,327,738.27,0,945.1,140.830746488623,4.3782307922312,38,,
2019,3,9,14,0,41,76,17,5.7,275,1012.83,250,1028.76,0,945.1,142.768288458458,4.69979935040449,51,,
2019,3,9,15,0,40.5,84,9.9,5.5,139,569.7,231,857.91,0,945.1,138.200520774709,6.43447144371001,64,,
2019,3,9,16,0,40,90,22,5.5,90,990.48,40,894.76,0,945.3,148.688679820644,7.38817401600144,78,,
2019,3,9,17,0,39.3,96,39.2,5.6,6,951.92,0,724.82,0,945.8,161.022600831222,7.43480245413937,92,,
2019,3,9,18,0,38.7,103,26.5,5.7,0,340.64,0,397.32,0,946.3,172.931756707512,7.4583581869616,105,,
2019,3,9,19,0,38,111,1.1,5.7,0,108.45,0,165.68,0,946.7,182.405851657994,6.70436944050355,118,,
2019,3,9,20,0,37.3,121,0,5.6,0,0,0,8.55,0,947,189.093806728842,6.35250085375901,131,,
2019,3,9,21,0,36.5,136,0.1,5.6,0,0,0,0,0,947.2,194.917560716865,5.25041336309503,141,,
2019,3,9,22,0,35.7,159,5.9,5.9,0,0,0,0,0,947.2,198.903812631714,4.85892321095358,149,,
2019,3,9,23,0,34.9,-172,5.1,6.5,0,0,0,0,0,947,203.901267734969,4.61785561922671,150,,
2019,3,10,0,0,34.1,-145,6.1,7.1,0,0,0,0,0,946.8,206.901278385014,4.79111439417461,145,,
2019,3,10,1,0,33.4,-127,4.9,7.8,0,0,0,0,0,946.7,199.111714034819,7.51508934685317,136,,
2019,3,10,2,0,32.7,-115,4.9,8.4,0,0,0,0,0,946.8,193.385288908955,5.9222023676033,124,,
2019,3,10,3,0,32.1,-106,5,9,0,0,0,0,0,946.8,184.118536946189,3.80661321485436,111,,
2019,3,10,4,0,32.2,-99,0.2,9.6,0,0,0,0,0,947,173.795116926073,3.46952105413509,98,,
2019,3,10,5,0,33,-93,0,10.2,30,0,41,0,0,947.4,165.980181491189,3.40214745630296,84,,
2019,3,10,6,0,33.9,-86,0.5,10.8,72,0,225,0,0,947.8,158.541436863791,3.27802943948723,71,,
2019,3,10,7,0,35.5,-79,0,9.9,86,0,457,0,0,947.8,152.564877447384,2.87403839533526,57,,
2019,3,10,8,0,37.9,-70,0,7.5,94,41.65,662,3.38,0,947.5,138.223650274305,2.84947632256977,44,,
2019,3,10,9,0,40.3,-55,0,5.1,97,695.8,820,211.98,0,947.2,135.395361830599,2.80911026817823,32,,
2019,3,10,10,0,41.9,-29,0,3.5,95,868.62,916,462.02,0,946.5,124.25001498768,3.77572952728659,22,,
2019,3,10,11,0,42.7,12,3.7,2.8,165,944.51,826,687.2,0,945.6,129.59829529945,5.25193233223745,20,,
2019,3,10,12,0,43.5,46,5.8,2,190,985.26,726,865.96,0,944.7,140.363342671576,6.61933826328959,27,,
2019,3,10,13,0,43.7,65,7,1.4,199,1006.54,584,982.62,0,944.1,148.445233139866,7.38937324045004,38,,
2019,3,10,14,0,43.5,76,8.2,1.1,184,1012.25,410,1025.71,0,943.8,145.543723576533,8.81607921434838,51,,
2019,3,10,15,0,43.2,83,33,0.7,206,1005.77,68,993.23,0,943.5,141.480087404334,10.918777791616,65,,
2019,3,10,16,0,42.3,90,6.6,0.6,64,465.94,93,738.98,0,943.6,147.286714549991,11.072395928768,78,,
2019,3,10,17,0,40.7,96,0.3,0.9,5,948.94,4,719.58,0,944.1,155.326187722321,11.6490968971033,92,,
2019,3,10,18,0,39.2,103,0,1.3,0,338.89,0,393.84,0,944.5,164.911435117555,13.3990703191991,106,,
2019,3,10,19,0,37.8,110,0,1.5,0,0,0,69.98,0,944.8,164.093563867979,13.809454797488,119,,
2019,3,10,20,0,36.6,121,0,1.6,0,0,0,8.48,0,944.9,171.936686362636,14.3679185347176,131,,
2019,3,10,21,0,35.3,136,0,1.7,0,0,0,0,0,945.1,182.295627179164,15.0193602856911,142,,
2019,3,10,22,0,34.3,159,0,1.9,0,0,0,0,0,945.2,188.240389474715,14.63501513478,149,,
2019,3,10,23,0,33.5,-171,0,2.2,0,0,0,0,0,945.2,189.440578959045,12.9798860388283,151,,
2019,3,11,0,0,32.7,-145,0,2.5,0,0,0,0,0,945.2,193.030910269084,13.322979678717,146,,
2019,3,11,1,0,32.1,-126,0,2.7,0,0,0,0,0,945.3,202.195212762825,10.0826243327323,136,,
2019,3,11,2,0,31.5,-114,0,2.9,0,0,0,0,0,945.5,198.035288287675,7.93674703646315,124,,
2019,3,11,3,0,31,-106,0,3.2,0,0,0,0,0,945.7,191.30993247402,6.37377439199098,111,,
2019,3,11,4,0,31.5,-99,0,3.2,0,0,0,0,0,946.1,184.386589629066,5.56711209163398,98,,
2019,3,11,5,0,33.2,-92,0.3,2.9,25,0,50,0,0,946.7,183.10188788272,5.55894872967548,84,,
2019,3,11,6,0,34.9,-86,0.1,2.7,53,0,254,0,0,947.2,183.395672494147,5.93622645304829,71,,
2019,3,11,7,0,36.6,-79,0,3,66,0,484,0,0,947.5,183.81407483429,5.63748614188984,57,,
2019,3,11,8,0,38.2,-69,0.2,3.8,77,29.04,680,2.48,0,947.4,175.267344721909,5.44436668011656,44,,
2019,3,11,9,0,39.9,-55,0.1,4.6,80,0,835,103.87,0,947.4,184.109978275171,5.94108283276605,32,,
2019,3,11,10,0,41,-28,0,5.1,83,865.82,921,459.09,0,947,183.130483713221,5.50821960299231,23,,
2019,3,11,11,0,41.6,12,0.1,5.3,86,942.33,933,683.96,0,946.2,178.131825169211,6.8278248929452,21,,
2019,3,11,12,0,42.2,46,2.9,5.4,141,983.51,790,862.52,0,945.4,186.459645955826,6.73795148669951,27,,
2019,3,11,13,0,42.3,64,7,5.5,188,1005.14,584,979.08,0,944.9,174.170488306168,5.34378855515437,39,,
2019,3,11,14,0,41.8,75,13.5,5.6,198,1013.8,360,1024.6,0,944.7,347.906200414157,3.07556594479511,51,,
2019,3,11,15,0,41.4,83,17.2,5.8,159,1010.27,183,994.48,0,944.5,336.674193004218,5.64364020940922,65,,
2019,3,11,16,0,40.8,90,26,6.1,104,993.84,12,891.39,0,944.4,8.72825336624169,7.0258032061896,79,,
2019,3,11,17,0,40.1,96,0.7,6.6,5,958.35,3,722.71,0,944.4,7.62824317509052,7.83062708860836,92,,
2019,3,11,18,0,39.3,102,0,7.1,0,891.9,0,503.82,0,944.5,25.2959331055179,7.23221699492039,106,,
2019,3,11,19,0,38.5,110,0,7.5,0,748.81,0,255.7,0,944.6,40.3727386175915,5.95227350216489,119,,
2019,3,11,20,0,37.5,120,0,7.9,0,285.08,0,27.76,0,944.9,58.1362952166272,3.52755994039074,131,,
2019,3,11,21,0,36.5,136,0,8.2,0,0,0,0,0,945.1,131.024032947882,5.08397274936449,142,,
2019,3,11,22,0,35.6,159,0,8.9,0,0,0,0,0,945.2,147.546323224353,8.26870458630986,150,,
2019,3,11,23,0,34.7,-171,0,10,0,0,0,0,0,945.2,159.781344300393,9.86597872023418,151,,
2019,3,12,0,0,33.9,-144,0.2,11.1,0,0,0,0,0,945.2,189.984522614654,10.0743630203867,146,,
2019,3,12,1,0,33.3,-126,17.7,11.9,0,0,0,0,0,945.3,211.241406090143,7.91748776403535,136,,
2019,3,12,2,0,32.8,-114,18.8,12.4,0,0,0,0,0,945.4,219.412268522459,7.16377969997569,124,,
2019,3,12,3,0,32.3,-105,18.4,12.9,0,0,0,0,0,945.5,214.097367611717,6.75966824766903,111,,
2019,3,12,4,0,32.6,-98,0.8,12.9,0,0,0,0,0,945.8,218.522993742118,6.07138722964336,98,,
2019,3,12,5,0,33.6,-92,5.6,12.3,30,0,37,0,0,946.4,229.693937999446,5.83951954670379,84,,
2019,3,12,6,0,34.7,-86,0.7,11.8,69,0,224,0,0,947,248.599995678085,6.92675544703558,71,,
2019,3,12,7,0,36,-78,0,11,83,0,452,0,0,947.2,251.209116222723,5.99110581900171,57,,
2019,3,12,8,0,37.4,-69,0,9.8,93,16.55,652,1.63,0,946.9,235.384909685516,6.64966603124041,44,,
2019,3,12,9,0,38.8,-54,3.2,8.6,161,696.59,711,209.39,0,946.6,229.353509996292,7.63998202881647,32,,
2019,3,12,10,0,39.9,-28,18.8,7.8,414,865.55,391,457.32,0,946.1,234.874645685185,9.09793014428069,23,,
2019,3,12,11,0,40.6,12,42.5,7.4,553,941.24,26,681.41,0,945.3,233.136460271482,10.5163005302627,21,,
2019,3,12,12,0,41.4,45,23.4,7,460,981.45,265,858.82,0,944.5,234.768566050965,11.9314867353846,28,,
2019,3,12,13,0,41.5,64,7.2,6.8,211,1002.09,546,974.04,0,944,247.482406464904,13.6075902551998,39,,
2019,3,12,14,0,41.1,75,3,6.8,123,593.29,484,881.5,0,943.8,252.013902756262,14.2962226315051,52,,
2019,3,12,15,0,40.7,83,22.3,6.9,175,76.98,141,639.87,0,943.6,254.087426593991,14.1922208506509,65,,
2019,3,12,16,0,39.7,89,50.6,7.7,67,61.21,1,446.31,0,943.7,248.742201410872,13.705965567856,79,,
2019,3,12,17,0,38.1,95,6.9,9.2,5,22.53,1,345.02,0,944.2,247.13929868678,13.5655452893524,92,,
2019,3,12,18,0,36.5,102,16.7,10.7,0,19.96,0,129.28,0,944.6,245.773830366383,13.814161959328,106,,
2019,3,12,19,0,35.5,110,3.9,11.1,0,37.09,0,140.95,0,944.9,240.965671031551,13.8364233892571,119,,
2019,3,12,20,0,35.1,120,3.5,10.4,0,0,0,2.35,0,945.2,242.954026054339,14.8198674574358,132,,
2019,3,12,21,0,34.7,135,6.5,9.7,0,0,0,0,0,945.5,245.537337545254,15.8485035204919,142,,
2019,3,12,22,0,34.3,159,26.1,9.8,0,0,0,0,0,945.6,248.848914691599,16.4562058340152,150,,
2019,3,12,23,0,33.8,-171,29,10.7,0,0,0,0,0,945.5,251.812435073484,16.7836907985993,151,,
2019,3,13,0,0,33.3,-144,29.1,11.6,0,0,0,0,0,945.5,251.541795074332,16.2377668567209,146,,
2019,3,13,1,0,32.9,-125,48.3,12.2,0,0,0,0,0,945.4,246.633819035168,12.5194254847878,136,,
2019,3,13,2,0,32.5,-113,46.5,12.6,0,0,0,0,0,945.3,245.076408754974,11.2812456086889,124,,
2019,3,13,3,0,32.2,-105,45.2,13,0,0,0,0,0,945.2,244.80887581764,13.0411045794281,111,,
2019,3,13,4,0,32,-98,38.1,13.2,0,0,0,0,0,945.8,247.670784896849,13.6231232181409,98,,
2019,3,13,5,0,32.1,-92,45.7,13.5,34,0,0,0,0,946.9,246.222388150574,14.2613460614269,84,,
2019,3,13,6,0,32.2,-85,53.5,13.7,138,0,0,0,0,948,246.271536700602,14.4735536815811,71,,
2019,3,13,7,0,33.1,-78,28.8,12.5,242,0,142,0,0,948.4,251.063409424235,12.5544691658709,57,,
2019,3,13,8,0,34.9,-68,44.4,10,356,0,43,0.08,0,948.1,260.311336667991,12.0468264459081,44,,
2019,3,13,9,0,36.6,-54,74.8,7.4,225,0,0,62.59,0,947.8,262.121584140153,11.6844836044672,32,,
2019,3,13,10,0,37.7,-27,65,6.1,344,850.88,0,449.01,0,947.3,266.780266467702,11.6159232366281,23,,
2019,3,13,11,0,38.3,12,38.9,5.9,538,928.66,69,671.44,0,946.7,272.333199536948,12.0842138886138,21,,
2019,3,13,12,0,38.8,45,18.5,5.7,421,970.68,339,848.18,0,946,277.135361014693,11.7905077383857,28,,
2019,3,13,13,0,38.8,63,5.2,5.8,206,992.94,553,963.54,0,945.7,286.051477252837,11.4420628949282,39,,
2019,3,13,14,0,38.2,74,2,6.2,130,496.83,471,811.95,0,945.7,284.11659992489,10.6174141233304,52,,
2019,3,13,15,0,37.6,82,7.8,6.6,134,473.35,223,784.51,0,945.6,285.13020571819,10.2053762109621,65,,
2019,3,13,16,0,36.5,89,9.1,7.3,73,230.55,60,609.01,0,945.9,284.411810144685,9.19580879576058,79,,
2019,3,13,17,0,34.9,95,10.3,8.4,5,113.82,0,504.86,0,946.4,282.207622273656,9.42025108208014,93,,
2019,3,13,18,0,33.2,102,12.1,9.5,0,867.93,0,485.32,0,946.9,286.793457474124,9.40932677279242,106,,
2019,3,13,19,0,32.3,109,56.5,9.4,0,0,0,67.33,0,947.1,286.2217568468,9.28409795957025,119,,
2019,3,13,20,0,32.2,120,58,8.3,0,0,0,0.89,0,947.1,294.138662776825,10.077064766489,132,,
2019,3,13,21,0,32.1,135,55.3,7.1,0,0,0,0,0,947.1,304.272176027078,10.2868167938662,143,,
2019,3,13,22,0,31.9,159,45,6.8,0,0,0,0,0,947,310.995798826213,9.74133095728771,150,,
2019,3,13,23,0,31.4,-171,44.8,7.3,0,0,0,0,0,946.9,305.822857407849,8.10888652021249,152,,
2019,3,14,0,0,31,-143,46.9,7.8,0,0,0,0,0,946.7,304.456013447752,8.48538375283545,146,,
2019,3,14,1,0,30.6,-125,45.8,8.1,0,0,0,0,0,946.7,303.443240406132,8.09503426338614,137,,
2019,3,14,2,0,30.3,-113,48.4,8.1,0,0,0,0,0,946.9,310.27617035046,7.7829045715157,125,,
2019,3,14,3,0,30,-104,42.9,8.1,0,0,0,0,0,947,307.883817325195,7.89429218054585,112,,
2019,3,14,4,0,29.8,-97,26.4,8.6,0,0,0,0,0,947.6,299.381925549758,8.35170387052072,98,,
2019,3,14,5,0,29.7,-91,35.3,9.5,40,0,1,0,0,948.5,300.094344324136,7.77462012971602,85,,
2019,3,14,6,0,29.7,-85,68.1,10.4,87,0,0,0,0,949.4,314.975876411295,6.75343904717083,71,,
2019,3,14,7,0,30.5,-78,60.5,10.5,216,0,0,0,0,949.7,325.583296179761,6.330802041771,57,,
2019,3,14,8,0,32.1,-68,51.5,10,328,0.09,25,0.16,0,949.3,326.274033190081,7.12007293511089,44,,
2019,3,14,9,0,33.7,-53,56.7,9.4,384,693.23,0,205.81,0,949,333.987815287898,7.58892672225703,32,,
2019,3,14,10,0,34.8,-27,65.1,8.7,340,864.15,0,453.38,0,948.4,352.061861860648,7.66703341375159,24,,
2019,3,14,11,0,35.4,12,65.9,8,337,941.52,0,677.84,0,947.6,2.32380203736085,9.05020433182894,22,,
2019,3,14,12,0,36,44,44,7.2,487,983.02,29,855.84,0,946.8,4.38346811732475,8.01943684735706,28,,
2019,3,14,13,0,36.2,63,22.3,7,395,1004.79,224,971.68,0,946.3,12.0785026321491,8.10112725285308,39,,
2019,3,14,14,0,35.9,74,21.2,7.3,303,1012.81,173,1015.71,0,946,9.55285364879785,6.23485061402231,52,,
2019,3,14,15,0,35.6,82,3,7.5,106,1008.68,261,984.2,0,945.8,12.943578424921,5.87590880716857,66,,
2019,3,14,16,0,34.5,89,20.6,8,84,991.05,27,879.5,0,946,10.9496254181386,7.34088218231346,79,,
2019,3,14,17,0,32.8,95,32.5,8.7,4,955.77,0,710.81,0,946.5,8.51323084530696,7.91543154973613,93,,
2019,3,14,18,0,31,101,19.6,9.3,0,888.49,0,491.91,0,947,28.216314613424,8.88846459622812,106,,
2019,3,14,19,0,30.1,109,8.6,9.8,0,740.73,0,243.99,0,947.3,56.6655272940993,8.83603929344878,120,,
2019,3,14,20,0,30,119,15.5,10,0,235.09,0,19.9,0,947.3,67.1073964454802,7.60205652808462,132,,
2019,3,14,21,0,29.9,135,17.9,10.2,0,0,0,0,0,947.4,72.3565554579141,6.48409410073861,143,,
2019,3,14,22,0,29.6,158,38.2,10.6,0,0,0,0,0,947.2,73.086942397128,6.07068425270423,151,,
2019,3,14,23,0,29.1,-170,37.2,11,0,0,0,0,0,946.8,79.7158620393686,5.14478560350762,152,,
2019,3,15,0,0,28.6,-143,34.1,11.3,0,0,0,0,0,946.5,91.8622227195037,4.79127101310576,147,,
2019,3,15,1,0,28.1,-124,19.3,11.7,0,0,0,0,0,946.3,122.422576211811,2.84130313455956,137,,
2019,3,15,2,0,27.6,-112,22.7,12.1,0,0,0,0,0,946.2,94.4695490130673,0.952091165823961,125,,
2019,3,15,3,0,27.2,-104,22.8,12.5,0,0,0,0,0,946.2,352.918777698499,1.83821695015552,112,,
2019,3,15,4,0,27.2,-97,24,13.1,0,0,0,0,0,946.4,334.290046219189,3.74583101594292,98,,
2019,3,15,5,0,27.7,-91,11.2,14,27,0,38,0,0,946.9,327.90733913561,4.04372610378918,85,,
2019,3,15,6,0,28.2,-84,0,14.9,57,0,232,0,0,947.4,350.107052892991,3.93348908473877,71,,
2019,3,15,7,0,29.5,-77,0,14.7,74,0,452,0,0,947.4,342.866794734398,2.12156249444393,57,,
2019,3,15,8,0,31.4,-67,0,13.6,85,0,646,0,0,946.9,342.174013923854,2.20759363078351,44,,
2019,3,15,9,0,33.3,-52,3,12.5,151,721.36,705,211.22,0,946.4,339.839518450452,3.11676547179042,33,,
2019,3,15,10,0,34.7,-26,10.9,11.8,303,894.2,563,465.53,0,945.8,354.981988453452,3.43898501465128,24,,
2019,3,15,11,0,35.6,12,11.7,11.4,319,969.8,551,694.32,0,945,41.5931541834049,6.41923952630344,22,,
2019,3,15,12,0,36.4,44,14.6,10.9,333,1009.58,457,874.89,0,944.2,55.3403017059179,5.33752311524354,29,,
2019,3,15,13,0,36.4,62,17.9,11,320,1029.9,333,991.69,0,943.9,72.8131011416126,5.43379418716508,40,,
2019,3,15,14,0,35.6,74,24.2,11.6,268,1035.43,188,1034.01,0,944,67.4268838011001,6.26900642762025,52,,
2019,3,15,15,0,34.7,82,13.8,12.2,154,1028.91,174,999.42,0,944.1,59.0682667566583,6.72592963547698,66,,
2019,3,15,16,0,33.5,88,25.1,12.9,87,1009.12,20,890.92,0,944.3,56.7310863683585,6.30228206190235,79,,
2019,3,15,17,0,31.9,94,32.5,13.7,4,971.56,0,717.95,0,944.5,54.3317406430773,5.50040537915662,93,,
2019,3,15,18,0,30.3,101,41.6,14.4,0,901.55,0,494.78,0,944.7,55.6259899507567,5.45210232992972,107,,
2019,3,15,19,0,29.7,109,30.1,14.6,0,749.34,0,243.14,0,944.9,59.6675454942413,6.0873162106373,120,,
2019,3,15,20,0,30,119,34.2,14.2,0,0,0,1.71,0,945,84.1907598076542,4.9001652969243,132,,
2019,3,15,21,0,30.3,134,34.9,13.7,0,0,0,0,0,945.1,76.39703944619,3.38779328070244,143,,
2019,3,15,22,0,30.2,158,29,13.6,0,0,0,0,0,945,69.1423353928694,1.75538314182191,151,,
2019,3,15,23,0,29.9,-170,30.9,13.6,0,0,0,0,0,944.8,58.2486873557887,1.3363214492971,153,,
2019,3,16,0,0,29.5,-142,30.1,13.6,0,0,0,0,0,944.5,135.427655593423,0.761915412021256,147,,
2019,3,16,1,0,29.1,-124,1.1,13.6,0,0,0,0,0,944.3,149.86583000217,3.56303934024882,137,,
2019,3,16,2,0,28.7,-112,0,13.7,0,0,0,0,0,944.2,125.750095466566,1.44384177546958,125,,
2019,3,16,3,0,28.3,-103,0.3,13.8,0,0,0,0,0,944.1,29.8068487267104,1.76028823717888,112,,
2019,3,16,4,0,28.4,-97,26.3,14,0,0,0,0,0,944.4,14.5486391562476,3.28101070598252,98,,
2019,3,16,5,0,29,-90,9.3,14.3,26,0,39,0,0,945.1,9.84366297008506,4.82097486405791,85,,
2019,3,16,6,0,29.5,-84,5.6,14.6,92,0,178,0,0,945.8,6.51237538264161,6.16477896615401,71,,
2019,3,16,7,0,30.8,-77,4.3,13.9,113,0,395,0,0,945.9,10.4934378879855,6.9919347057487,58,,
2019,3,16,8,0,32.6,-67,1.1,12.3,100,0,627,0,0,945.7,16.6162104442919,7.51292257125304,45,,
2019,3,16,9,0,34.5,-52,0.7,10.6,104,717.12,779,208.8,0,945.4,18.955201250402,7.61197131197222,33,,
2019,3,16,10,0,35.7,-25,0,9.6,96,892.17,879,462.91,0,944.7,19.5021198724754,7.55864602268941,24,,
2019,3,16,11,0,36.5,12,0,9.3,97,966.66,893,690.34,0,943.8,19.0538226723345,8.80669404149332,23,,
2019,3,16,12,0,37.3,43,0.9,8.9,111,1005.22,810,869.21,0,942.8,40.0868797250202,10.1603812542472,29,,
2019,3,16,13,0,37.5,62,8.4,8.6,217,1024.57,517,984.43,0,942.2,52.4680490315533,9.47694680212783,40,,
2019,3,16,14,0,37.3,73,6,8.3,150,1030.37,423,1026.5,0,942.1,62.135569181386,10.6392565741008,53,,
2019,3,16,15,0,37.1,81,18.8,7.9,188,511.67,117,811.07,0,941.9,70.4426887921331,8.91607061464596,66,,
2019,3,16,16,0,36.4,88,30.2,8.3,78,358.73,18,663.5,0,942.1,78.4595162837801,8.31987483368561,80,,
2019,3,16,17,0,35.1,94,16.8,9.4,3,362.3,0,552.16,0,942.7,82.7224354985784,8.02111949037799,93,,
2019,3,16,18,0,33.9,101,0,10.4,0,897,0,489.06,0,943.2,84.7714856060458,7.29166719372472,107,,
2019,3,16,19,0,33,108,0,10.5,0,743.39,0,238.33,0,943.6,78.9698342562144,5.84183366717311,120,,
2019,3,16,20,0,32.3,118,0,9.7,0,200.76,0,14.94,0,943.7,84.4458453710997,4.60715339680261,133,,
2019,3,16,21,0,31.7,134,0.2,8.8,0,0,0,0,0,943.8,84.1246907832056,3.85982034635441,144,,
2019,3,16,22,0,31,158,20.8,9,0,0,0,0,0,943.8,63.2338400998242,2.65551163190355,152,,
2019,3,16,23,0,30.3,-170,18.5,10,0,0,0,0,0,943.7,47.8530526902527,2.15474870323537,153,,
2019,3,17,0,0,29.7,-142,21.3,11,0,0,0,0,0,943.6,25.387637944855,1.63081446286479,147,,
2019,3,17,1,0,29.2,-123,42.7,12.1,0,0,0,0,0,943.5,37.239235941075,2.23353040640094,137,,
2019,3,17,2,0,28.8,-112,37.6,13.2,0,0,0,0,0,943.5,34.2514643345653,1.64492073815286,125,,
2019,3,17,3,0,28.5,-103,31.3,14.3,0,0,0,0,0,943.4,7.68540362144262,2.42418849499104,112,,
2019,3,17,4,0,28.7,-96,4.1,15.3,0,0,0,0,0,943.8,346.484320400407,3.96131310153313,99,,
2019,3,17,5,0,29.5,-90,19.9,16.1,41,0,4,0,0,944.6,342.072080237993,4.46689209630141,85,,
2019,3,17,6,0,30.4,-84,39.2,16.9,161,0,2,0,0,945.4,335.432828679399,4.81047035122346,71,,
2019,3,17,7,0,31.3,-76,44.1,16.9,287,0,0,0,0,945.7,339.437311927681,4.05943723573562,58,,
2019,3,17,8,0,32.2,-66,25.4,16.1,362,0,175,0,0,945.6,344.786442458566,4.19792285742604,45,,
2019,3,17,9,0,33.1,-51,18.5,15.3,401,717.15,302,207.43,0,945.5,350.458391530086,4.68988225525216,33,,
2019,3,17,10,0,33.5,-25,21.6,15.1,472,889.39,275,459.95,0,945.3,359.956114353904,5.25000154002986,25,,
2019,3,17,11,0,33.3,12,34.3,15.4,520,967.39,115,688.87,0,944.8,2.29265789608223,4.87890541959467,23,,
2019,3,17,12,0,33.1,43,46.4,15.7,432,1009.02,54,870.01,0,944.4,13.0465898973427,4.61923718059316,29,,
2019,3,17,13,0,32.3,62,80.2,16.6,157,1030.98,0,987.62,0,944.2,38.1983477242158,5.69122165463264,40,,
2019,3,17,14,0,30.9,73,91.5,18,48,1037.54,0,1030.3,0,944.4,39.1276009717625,4.75398464315612,53,,
2019,3,17,15,0,29.5,81,65,19.5,119,1032.01,0,995.95,0,944.5,15.7202854227081,3.36034157673767,66,,
2019,3,17,16,0,28,88,42.3,20.3,71,1013.1,0,887.38,0,944.9,355.44709424528,3.34278651213749,80,,
2019,3,17,17,0,26.5,94,20.5,20.5,3,976.74,0,714.32,0,945.6,341.777155046452,4.05920946472831,94,,
2019,3,17,18,0,25,100,48.5,20.6,0,907.34,0,490.49,0,946.3,344.352128791765,8.19821629285149,107,,
2019,3,17,19,0,24.4,108,28.5,20.8,0,752.67,0,237.56,0,946.7,18.0416620214523,5.1194066305666,120,,
2019,3,17,20,0,24.8,118,30.5,21,0,187.19,0,12.63,0,946.7,50.136934083793,4.24885255782655,133,,
2019,3,17,21,0,25.1,134,26.8,21.3,0,0,0,0,0,946.7,68.8983086830577,4.6679103282647,144,,
2019,3,17,22,0,25.2,158,47.7,21.4,0,0,0,0,0,946.5,83.1610725477266,4.66550239902474,152,,
2019,3,17,23,0,25.1,-169,53.6,21.6,0,0,0,0,0,946.2,116.208296628986,3.41300832471756,153,,
2019,3,18,0,0,24.9,-141,54.1,21.8,0,0,0,0,0,945.9,121.888956374803,2.46097037203713,148,,
2019,3,18,1,0,24.8,-123,51.5,21.9,0,0,0,0,0,945.7,128.691173429082,2.39192008382429,137,,
2019,3,18,2,0,24.6,-111,55.8,22.1,0,0,0,0,0,945.6,43.2434350991381,0.986432215053411,125,,
2019,3,18,3,0,24.5,-103,49,22.2,0,0,0,0,0,945.6,348.370584212659,3.85658107337875,112,,
2019,3,18,4,0,24.7,-96,36.7,22.1,0,0,0,0,0,945.8,331.438970587532,6.11971857927963,99,,
2019,3,18,5,0,25.3,-90,17.2,21.7,25,0,36,0,0,946.2,319.028263666485,6.29111476608081,85,,
2019,3,18,6,0,26,-83,0,21.3,57,0,228,0,0,946.6,316.697221424799,6.52706087009099,71,,
2019,3,18,7,0,26.9,-76,0,20.5,74,0,448,0,0,946.7,309.544978278954,7.26420282699308,58,,
2019,3,18,8,0,28,-66,0,19.3,85,0,642,0,0,946.6,317.010329237987,7.00637548859436,45,,
2019,3,18,9,0,29.2,-50,0,18.2,94,725.41,786,208.01,0,946.4,321.974810885342,6.82331723105907,33,,
2019,3,18,10,0,30.3,-24,0,17.2,102,900.08,861,463.14,0,945.8,327.111320931462,7.74060934524328,25,,
2019,3,18,11,0,31.2,12,0,16.4,103,976.92,873,693.07,0,944.9,315.87171426837,10.3454774497815,23,,
2019,3,18,12,0,32.1,43,0,15.6,100,1017.39,814,874.4,0,944,308.451509876801,14.240733400059,30,,
2019,3,18,13,0,32.7,61,2,14.9,126,1038.54,643,991.75,0,943.4,308.438125487931,15.5642348443057,41,,
2019,3,18,14,0,32.8,72,11.1,14.3,208,1045.54,322,1034.77,0,943.1,305.650811467672,14.9116332215542,53,,
2019,3,18,15,0,33,81,5.2,13.7,110,1040.54,236,1000.36,0,942.8,305.036514859694,12.2605130506668,67,,
2019,3,18,16,0,32.7,87,11.6,14,61,1022.25,57,891.27,0,942.9,311.468939857808,10.6291035494229,80,,
2019,3,18,17,0,32.1,93,20.7,15.1,3,985.71,0,716.62,0,943.4,325.576251368763,11.194262713614,94,,
2019,3,18,18,0,31.5,100,15.4,16.3,0,915.84,0,490.91,0,943.8,346.072879126373,12.5645385153333,107,,
2019,3,18,19,0,30.8,107,0.4,16.8,0,759.06,0,235.93,0,944.2,6.27511940825559,8.24935755848326,121,,
2019,3,18,20,0,30,118,0,16.7,0,165.67,0,10.18,0,944.3,19.3891786468899,5.66988876253001,133,,
2019,3,18,21,0,29.2,133,0,16.5,0,0,0,0,0,944.5,21.704295780093,3.92757330962211,145,,
2019,3,18,22,0,28.7,158,0,16.3,0,0,0,0,0,944.4,5.81143035148318,1.96000503530524,152,,
2019,3,18,23,0,28.4,-169,0,16.1,0,0,0,0,0,944.2,313.052909589363,2.19832179579461,154,,
2019,3,19,0,0,28.1,-141,0,15.9,0,0,0,0,0,944,293.061609223811,3.51203260303998,148,,
2019,3,19,1,0,27.5,-122,0,15.9,0,0,0,0,0,944,275.156008587875,4.09148706100144,138,,
2019,3,19,2,0,26.8,-111,0,16.2,0,0,0,0,0,944,280.180800317459,6.10006744535885,125,,
2019,3,19,3,0,26.1,-102,0,16.5,0,0,0,0,0,944.1,283.640180761497,7.95085553937583,112,,
2019,3,19,4,0,26.5,-95,0,16.5,0,0,0,0,0,944.4,285.887745438895,8.03348870477063,99,,
2019,3,19,5,0,28,-89,0.5,16.3,24,0,37,0,0,944.9,288.902706910535,7.56013014702461,85,,
2019,3,19,6,0,29.5,-83,0.2,16,61,0,218,0,0,945.3,291.82633424141,8.26853374925647,71,,
2019,3,19,7,0,30.8,-75,0,15.8,79,0,437,0,0,945.5,293.830808597007,9.15558158839586,58,,
2019,3,19,8,0,31.7,-65,0,15.6,92,0,628,0,0,945.4,300.270546081122,8.97349267137957,45,,
2019,3,19,9,0,32.7,-50,1.5,15.4,129,710.54,729,203.1,0,945.3,303.820095504467,8.57618163734163,34,,
2019,3,19,10,0,33.4,-24,0.3,15.2,114,887.15,840,455.52,0,944.9,315.606636835953,8.07971653414495,25,,
2019,3,19,11,0,33.9,12,10.1,14.9,300,966.37,570,684.25,0,944.1,336.761674389152,7.61366288165912,24,,
2019,3,19,12,0,34.4,42,24.2,14.7,425,1008.8,264,865.28,0,943.3,4.57461694454906,7.24970380072562,30,,
2019,3,19,13,0,34.5,61,49.9,14.4,385,1031.42,1,982.8,0,942.8,28.2636450613042,5.12281612693982,41,,
2019,3,19,14,0,34.4,72,37.5,14.1,329,1037.07,38,1024,0,942.5,12.7507028168099,5.87552238061018,53,,
2019,3,19,15,0,34.3,80,60.8,13.9,138,1030.57,0,988.18,0,942.3,7.57406238119978,4.77226626666264,67,,
2019,3,19,16,0,33.8,87,45.8,14,64,1010.53,1,878.32,0,942.4,3.47149220824252,4.06227956018209,80,,
2019,3,19,17,0,32.8,93,15.4,14.6,2,971.98,0,703.85,0,943,344.117285845767,3.85438347987494,94,,
2019,3,19,18,0,31.9,99,29.8,15.2,0,364.62,0,389.77,0,943.5,353.762542943303,4.81725800616377,108,,
2019,3,19,19,0,31.2,107,1.2,15.4,0,738.36,0,227.3,0,943.8,346.617377129378,7.45987101771918,121,,
2019,3,19,20,0,30.6,117,11.8,15.3,0,119.09,0,7.39,0,944.1,348.571690819405,5.34388744740292,134,,
2019,3,19,21,0,30,133,12.2,15.1,0,0,0,0,0,944.3,348.088256216053,4.77048609161123,145,,
2019,3,19,22,0,29.5,158,13.2,15.1,0,0,0,0,0,944.3,343.039342937148,4.31257415552909,153,,
2019,3,19,23,0,29.1,-169,11.3,15.3,0,0,0,0,0,944,343.549524493387,4.34565159455746,154,,
2019,3,20,0,0,28.7,-140,12.5,15.5,0,0,0,0,0,943.6,348.367658836817,4.1275347687152,148,,
2019,3,20,1,0,28.5,-122,0.6,15.5,0,0,0,0,0,943.4,332.408922302597,2.55603194714464,138,,
2019,3,20,2,0,28.5,-110,0,15.5,0,0,0,0,0,943.4,302.565887798081,2.11854814136598,125,,
2019,3,20,3,0,28.4,-102,0,15.5,0,0,0,0,0,943.3,282.637774469939,4.23153989071946,112,,
2019,3,20,4,0,29,-95,0,15.8,0,0,0,0,0,943.5,285.8419836913,5.95270273363349,99,,
2019,3,20,5,0,30.3,-89,0,16.4,24,0,36,0,0,944,293.529029817184,5.5088188842436,85,,
2019,3,20,6,0,31.5,-82,1.2,17.1,72,0,200,0,0,944.5,297.722919581704,4.40847175905295,72,,
2019,3,20,7,0,32.8,-75,5.6,16.7,141,0,343,0,0,944.7,306.610392528782,4.48681536336692,58,,
2019,3,20,8,0,34.2,-65,3.3,15.3,148,0,546,0,0,944.6,289.976029762289,5.05407527535715,45,,
2019,3,20,9,0,35.6,-49,9.9,13.9,275,717.89,509,203.46,0,944.5,284.572333361195,5.37200912144874,34,,
2019,3,20,10,0,36.6,-23,0.4,12.7,122,893.81,830,456.83,0,944.1,275.961774071701,6.05614670853303,26,,
2019,3,20,11,0,37.5,12,12.9,11.7,279,971.47,566,685.52,0,943.3,275.899782930943,7.33563837481145,24,,
2019,3,20,12,0,38.3,42,9.2,10.8,261,1012.34,561,865.74,0,942.5,301.512981094979,7.27159823627625,31,,
2019,3,20,13,0,38.6,60,17.7,10.1,349,1033.49,287,981.96,0,942,345.276424114068,5.16560026354001,41,,
2019,3,20,14,0,38.5,72,27.6,9.6,310,1039.68,118,1023.39,0,941.6,51.4239798934243,4.56671646907838,54,,
2019,3,20,15,0,38.4,80,26.3,9.2,209,1033.73,44,987.67,0,941.3,44.7228800118641,3.41979185456991,67,,
2019,3,20,16,0,37.7,86,20.5,9.3,78,1014.25,17,877.73,0,941.4,30.2399063074207,4.28185201773123,81,,
2019,3,20,17,0,36.4,93,28.4,10,2,976.2,0,702.93,0,941.9,27.5707433159271,3.78097599728584,94,,
2019,3,20,18,0,35.1,99,22.5,10.7,0,366.96,0,388.69,0,942.4,16.5047394852577,3.95994775868861,108,,
2019,3,20,19,0,34.1,107,10.1,10.9,0,190.24,0,155.15,0,942.7,20.6035657227952,7.73682301137355,121,,
2019,3,20,20,0,33.2,117,11.3,10.5,0,87.71,0,5.05,0,942.9,57.128909813742,8.7799955928912,134,,
2019,3,20,21,0,32.3,132,11.3,10.2,0,0,0,0,0,943.1,59.3320577228554,7.69672363439229,145,,
2019,3,20,22,0,31.4,158,29.1,10.2,0,0,0,0,0,943.1,57.9308718222297,7.48972211746361,153,,
2019,3,20,23,0,30.6,-168,31.4,10.7,0,0,0,0,0,942.9,58.6309685573892,7.63927034319276,154,,
2019,3,21,0,0,29.8,-140,29.4,11.1,0,0,0,0,0,942.7,64.8433655389447,8.01336013489537,148,,
2019,3,21,1,0,29,-121,1.3,11.3,0,0,0,0,0,942.7,59.9850392530179,7.05967535520651,138,,
2019,3,21,2,0,28.3,-110,0,11.3,0,0,0,0,0,942.7,66.5259600303118,6.66886878881673,126,,
2019,3,21,3,0,27.6,-101,0,11.3,0,0,0,0,0,942.8,68.1753229133242,5.51635945064025,112,,
2019,3,21,4,0,27.9,-95,0,11.6,0,0,0,0,0,943.1,69.8591806589238,3.77779849023734,99,,
2019,3,21,5,0,29.4,-88,3.3,12.1,31,0,23,0,0,943.6,44.640672308838,3.09080950874481,85,,
2019,3,21,6,0,30.8,-82,4.3,12.7,92,0,171,0,0,944.1,28.7794773171543,3.16424116219317,72,,
2019,3,21,7,0,32.4,-74,4.4,12.5,143,0,345,0,0,944.3,28.7794773171543,3.16424116219317,58,,
2019,3,21,8,0,34.1,-64,9.9,11.5,247,0,400,0,0,944.1,15.5773843123571,3.34547096063855,45,,
2019,3,21,9,0,35.8,-49,10.3,10.5,293,718.1,489,202.12,0,943.9,17.3622869893856,4.68610025559844,34,,
2019,3,21,10,0,37.2,-23,4.4,9.5,213,894.91,702,455.59,0,943.3,22.7823339398794,5.80009569971033,26,,
2019,3,21,11,0,38.2,12,15,8.3,368,971.76,456,683.65,0,942.3,30.7775031675494,6.63344418757269,25,,
2019,3,21,12,0,39.3,42,38.2,7.1,475,1011.73,84,862.88,0,941.3,45.1080722167163,7.26155427660058,31,,
2019,3,21,13,0,39.5,60,28.2,6.6,416,1031.97,135,977.89,0,940.7,51.8619332451235,8.34319687744521,42,,
2019,3,21,14,0,39,71,25,6.8,315,1037.59,113,1018.4,0,940.4,62.5867267622236,10.0367595876185,54,,
2019,3,21,15,0,38.5,79,16.6,6.9,190,1030.99,94,981.87,0,940.1,65.3723782337572,14.0596276339099,67,,
2019,3,21,16,0,37.7,86,38.6,7.7,67,1010.77,7,871.33,0,940.3,72.7474185443404,13.6446159797646,81,,
2019,3,21,17,0,36.7,92,34.9,9.1,1,970.84,0,695.67,0,941,79.4513814372302,12.4401331177228,95,,
2019,3,21,18,0,35.6,99,0.2,10.5,0,895.95,0,470.47,0,941.6,86.099058690999,10.6804429446957,108,,
2019,3,21,19,0,34.8,106,18,11.6,0,729.22,0,218.47,0,942.1,83.1292164798915,9.17480416683617,121,,
2019,3,21,20,0,34.3,117,20.4,12.4,0,0,0,0.27,0,942.5,80.4863399262007,7.84584631356998,134,,
2019,3,21,21,0,33.8,132,20.3,13.2,0,0,0,0,0,942.8,74.0209461169071,7.3501452683887,146,,
2019,3,21,22,0,33.3,158,6,13.9,0,0,0,0,0,942.9,69.0573395774437,7.00555879644843,153,,
2019,3,21,23,0,32.7,-168,7.3,14.6,0,0,0,0,0,942.8,72.6224664016934,6.33175900964533,155,,
2019,3,22,0,0,32.1,-139,6,15.4,0,0,0,0,0,942.6,77.822322207662,5.20670528791675,149,,
2019,3,22,1,0,31.5,-121,49.4,15.9,0,0,0,0,0,942.5,87.0880549011453,4.3960252419105,138,,
2019,3,22,2,0,31,-109,52.8,16.4,0,0,0,0,0,942.4,91.3237853177205,4.19227218385132,126,,
2019,3,22,3,0,30.4,-101,51.8,16.8,0,0,0,0,0,942.3,104.861798430915,4.26360793839311,113,,
2019,3,22,4,0,30.4,-94,57.2,16.9,0,0,0,0,0,942.5,139.589243395687,3.31407464650046,99,,
2019,3,22,5,0,30.7,-88,45.2,16.7,36,0,0,0,0,942.9,160.282085880605,2.81335212002094,85,,
2019,3,22,6,0,31.1,-82,28,16.6,150,0,47,0,0,943.3,168.892612127985,2.59540049275877,72,,
2019,3,22,7,0,32,-74,21.9,15.9,267,0,124,0,0,943.5,106.979979647603,2.82222542595472,58,,
2019,3,22,8,0,33.4,-64,28.9,14.7,412,0,86,0,0,943.4,107.286463592378,2.77367557816033,46,,
2019,3,22,9,0,34.8,-48,29.5,13.5,495,713.46,107,199.66,0,943.3,104.13254008316,3.3755578200226,34,,
2019,3,22,10,0,35.5,-22,33.5,13,554,892.73,69,452.86,0,942.9,85.5297106568234,3.85932778071778,26,,
2019,3,22,11,0,35.6,12,34.2,13.1,571,968.51,52,679.5,0,942.1,73.1953267425407,3.72943668332803,25,,
2019,3,22,12,0,35.7,41,39,13.2,503,1007.32,34,857.01,0,941.4,95.4264977107401,3.88032662207992,31,,
2019,3,22,13,0,35.2,59,31.6,13.7,376,1026.36,129,970.2,0,941.1,81.9463715282848,3.09669484294256,42,,
2019,3,22,14,0,34.2,71,38.4,14.4,279,1031.79,76,1010.01,0,941.3,124.162160304658,5.21620024640002,54,,
2019,3,22,15,0,33.1,79,71,15.1,101,1024.9,0,973.08,0,941.4,155.819764429163,8.9444963011935,68,,
2019,3,22,16,0,32.4,86,60.9,15.6,38,1004.22,0,862.49,0,941.7,159.32959407412,11.8732371260774,81,,
2019,3,22,17,0,31.9,92,46,15.8,1,963.85,0,687.35,0,942.1,165.533588251464,14.8532396294244,95,,
2019,3,22,18,0,31.5,98,28.9,16.1,0,888.01,0,463.09,0,942.6,169.717286129195,16.169417332251,108,,
2019,3,22,19,0,31.1,106,6.1,16.5,0,718.77,0,212.63,0,942.9,172.643021918758,15.1278237569107,122,,
2019,3,22,20,0,30.7,116,10.2,17.1,0,5.97,0,0.74,0,943,177.828770567391,12.985195107404,134,,
2019,3,22,21,0,30.3,132,11,17.7,0,0,0,0,0,943.1,179.25666122162,12.6213050508186,146,,
2019,3,22,22,0,29.9,157,25.9,17.8,0,0,0,0,0,943,180.902438819205,13.6687213156555,154,,
2019,3,22,23,0,29.6,-168,24.9,17.5,0,0,0,0,0,942.8,186.631658626659,13.3304140322383,155,,
2019,3,23,0,0,29.3,-138,24.8,17.3,0,0,0,0,0,942.6,183.659049517094,12.6225826799704,149,,
2019,3,23,1,0,28.9,-120,0.8,17,0,0,0,0,0,942.3,191.724802924565,11.3456426532528,138,,
2019,3,23,2,0,28.6,-109,0,16.7,0,0,0,0,0,942.1,187.109441430294,10.8292387532526,126,,
2019,3,23,3,0,28.3,-101,0.1,16.4,0,0,0,0,0,941.8,186.854024577187,9.69023074887367,113,,
2019,3,23,4,0,28.4,-94,24.6,15.9,0,0,0,0,0,942,189.347887282533,8.63402752786166,99,,
2019,3,23,5,0,29.1,-88,34.5,15.1,40,0,1,0,0,942.5,185.074144663512,7.37649516560705,85,,
2019,3,23,6,0,29.7,-81,19.8,14.4,142,0,76,0,0,943.1,180.882334311491,6.59836964263051,72,,
2019,3,23,7,0,30.8,-73,9.9,13.6,186,0,263,0,0,943.2,186.582279923235,4.80506522273924,58,,
2019,3,23,8,0,32.4,-63,9.1,12.7,238,0,398,0,0,942.8,185.233829757022,4.66785313141222,46,,
2019,3,23,9,0,34,-48,16,11.9,372,709.02,341,197.27,0,942.5,181.098973444024,5.29775750463542,34,,
2019,3,23,10,0,35.1,-22,15.1,11.2,386,891.04,408,450.35,0,941.9,177.578943457048,7.02564155043199,27,,
2019,3,23,11,0,35.9,12,29.1,10.6,531,968.11,140,677.16,0,941.1,175.635223094829,10.4165386075202,25,,
2019,3,23,12,0,36.7,41,38.1,10,529,1007.94,20,855.06,0,940.4,177.502571878416,13.6218533959868,32,,
2019,3,23,13,0,36.8,59,49.6,9.6,383,1027.89,0,968.76,0,939.8,179.316082773712,15.3406376678164,42,,
2019,3,23,14,0,36.4,71,70.4,9.4,167,1033.04,0,1008.02,0,939.6,184.416378665159,15.7298160981146,55,,
2019,3,23,15,0,35.9,79,70.8,9.1,101,1025.85,0,970.48,0,939.3,183.924282773516,14.6117403158869,68,,
2019,3,23,16,0,35.2,85,58.7,8.7,38,1004.81,0,859.29,0,939.4,185.257874529977,14.4940970167074,81,,
2019,3,23,17,0,34.3,92,39.8,8.2,1,965.37,0,684.55,0,939.8,187.401699605671,14.3730510687995,95,,
2019,3,23,18,0,33.3,98,61.2,7.7,0,890.12,0,460.36,0,940.3,187.353957965436,14.4658424638665,109,,
2019,3,23,19,0,32.5,106,59.2,7.9,0,719.6,0,209.59,0,940.7,176.562524084115,11.015060914731,122,,
2019,3,23,20,0,31.9,116,60.3,8.7,0,0,0,0,0,941,177.178552435696,11.434908730488,135,,
2019,3,23,21,0,31.3,131,60.5,9.5,0,0,0,0,0,941.3,184.536381864968,11.2571163954467,146,,
2019,3,23,22,0,30.8,157,52.5,9.8,0,0,0,0,0,941.5,197.256070274833,10.9941259714071,154,,
2019,3,23,23,0,30.3,-167,51.9,9.4,0,0,0,0,0,941.4,205.359745160517,10.7157154023101,156,,
2019,3,24,0,0,29.9,-138,51.8,9.1,0,0,0,0,0,941.4,209.571699427817,10.4239954401983,149,,
2019,3,24,1,0,29.5,-120,57.5,9,0,0,0,0,0,941.3,218.171893662884,11.0603093214652,138,,
2019,3,24,2,0,29.2,-108,57.5,9.2,0,0,0,0,0,941.3,223.173676285544,8.66077065367345,126,,
2019,3,24,3,0,28.8,-100,59.8,9.4,0,0,0,0,0,941.2,227.067998281891,7.88539551349744,113,,
2019,3,24,4,0,28.8,-93,54.9,9.3,0,0,0,0,0,941.4,236.669689316627,6.90996459771763,99,,
2019,3,24,5,0,28.9,-87,54.6,8.9,26,0,0,0,0,941.8,247.462304492288,4.62674749755473,86,,
2019,3,24,6,0,29.1,-81,64.6,8.5,95,0,0,0,0,942.2,254.412249594957,2.4129437303878,72,,
2019,3,24,7,0,29.6,-73,61.8,8.4,189,0,0,0,0,942.5,268.224633582203,3.14990354663259,59,,
2019,3,24,8,0,30.3,-63,69.1,8.5,218,0,0,0,0,942.6,293.944824415162,2.40628886685487,46,,
2019,3,24,9,0,31,-47,55.3,8.7,384,704.59,0,194.88,0,942.6,311.999939215368,2.6912628884354,35,,
2019,3,24,10,0,31.6,-22,43.2,8.7,526,886.59,6,446.59,0,942.4,312.385751956404,2.30049125615317,27,,
2019,3,24,11,0,32,12,46,8.7,512,963.61,0,672.18,0,941.9,318.75901377608,1.89615868262639,26,,
2019,3,24,12,0,32.4,41,47.5,8.7,466,1003.18,0,848.88,0,941.4,12.5849130124462,2.50948829488886,32,,
2019,3,24,13,0,32.5,59,55.2,8.7,336,1022.79,0,961.47,0,941.1,114.144778577402,3.47587031146628,42,,
2019,3,24,14,0,32.3,70,49.9,8.8,284,1026.94,0,999.31,0,940.9,211.093145688061,2.94205924547594,55,,
2019,3,24,15,0,32.1,78,49,8.8,173,1018.63,0,960.67,0,940.7,192.306381039363,10.3747197449082,68,,
2019,3,24,16,0,31.7,85,41.1,8.8,61,518.35,0,721.65,0,940.8,203.400558672689,10.0614628050956,82,,
2019,3,24,17,0,31.2,91,46.1,8.6,1,442.87,0,563.99,0,941.3,205.612079740309,9.86719199542646,95,,
2019,3,24,18,0,30.6,98,62.7,8.5,0,346.55,0,361.97,0,941.7,209.639787009175,8.00841027384622,109,,
2019,3,24,19,0,30.2,105,60,8.6,0,704.8,0,202.82,0,942,206.843093681027,5.72590126089704,122,,
2019,3,24,20,0,29.8,115,60.3,9.1,0,0,0,0,0,942.2,218.680845352784,4.81826545943181,135,,
2019,3,24,21,0,29.4,131,57.2,9.6,0,0,0,0,0,942.4,220.306369721982,5.19874561642569,147,,
2019,3,24,22,0,29,157,52.4,10,0,0,0,0,0,942.5,220.211833838727,4.8641170957881,155,,
2019,3,24,23,0,28.7,-167,57.1,10.3,0,0,0,0,0,942.5,214.781797014124,5.05971488835817,156,,
2019,3,25,0,0,28.3,-137,56.2,10.5,0,0,0,0,0,942.5,215.833531815651,6.17139959136925,149,,
2019,3,25,1,0,27.9,-119,36.2,10.8,0,0,0,0,0,942.6,233.371550916623,5.65560111969717,139,,
2019,3,25,2,0,27.4,-108,38,11,0,0,0,0,0,942.7,214.53045103535,4.67926274284839,126,,
2019,3,25,3,0,26.9,-100,35.1,11.2,0,0,0,0,0,942.8,203.175867546854,5.08188513498232,113,,
2019,3,25,4,0,26.8,-93,28.7,11.4,0,0,0,0,0,943.1,198.130705700919,4.41858234902851,99,,
2019,3,25,5,0,27.2,-87,41.2,11.5,28,0,0,0,0,943.7,191.976132444203,4.21678194835825,86,,
2019,3,25,6,0,27.5,-80,60.5,11.6,110,0,0,0,0,944.3,176.854728487937,3.63046883310708,72,,
2019,3,25,7,0,28.4,-73,52.1,11.4,243,0,0,0,0,944.6,178.909655345146,3.89909750451162,59,,
2019,3,25,8,0,29.9,-62,36.8,11,414,0,34,0,0,944.6,178.353109552589,4.34938386261208,46,,
2019,3,25,9,0,31.3,-46,21.7,10.6,396,695.6,275,191.48,0,944.7,174.357818678086,4.56891809913788,35,,
2019,3,25,10,0,32.6,-21,24,10.3,467,877.14,245,440.61,0,944.4,168.205540808293,5.2553251115969,27,,
2019,3,25,11,0,33.6,12,35.1,10.2,553,954.16,63,664.07,0,943.8,169.620116603158,6.26628968994784,26,,
2019,3,25,12,0,34.6,40,17.5,10.1,349,993.82,377,839.1,0,943.2,165.996943197987,6.11897061709972,32,,
2019,3,25,13,0,34.9,58,1,10.1,106,1013.33,638,950.37,0,943,189.570461589588,7.79971057602818,43,,
2019,3,25,14,0,34.4,70,3.3,10.1,119,1020.25,423,990.07,0,943.1,193.816567788845,9.34043761307943,55,,
2019,3,25,15,0,34,78,0.3,10.1,68,586.15,265,822.87,0,943.3,193.970906158714,11.5040481802432,68,,
2019,3,25,16,0,33.2,85,9.8,10.1,48,994.85,49,844.04,0,943.8,198.447277538844,12.9008431421884,82,,
2019,3,25,17,0,32.1,91,17.2,10.1,1,954.35,0,669.85,0,944.6,196.139386158073,13.4352022964371,95,,
2019,3,25,18,0,31,97,0.1,10,0,877,0,446.97,0,945.5,194.814800992538,13.139264839578,109,,
2019,3,25,19,0,30.1,105,11.6,9.7,0,700.79,0,198.67,0,946,189.775146498938,12.4256428499265,123,,
2019,3,25,20,0,29.4,115,12,9.1,0,0,0,0,0,946.3,191.377260094756,12.0802117945283,135,,
2019,3,25,21,0,28.6,131,12,8.5,0,0,0,0,0,946.6,192.266380918648,10.6282301071343,147,,
2019,3,25,22,0,28,157,27.3,8.2,0,0,0,0,0,946.8,190.019823279897,10.6652194825216,155,,
2019,3,25,23,0,27.5,-167,31.7,8.1,0,0,0,0,0,946.9,189.429051156925,11.8979509796874,156,,
2019,3,26,0,0,27.1,-137,30.7,8.1,0,0,0,0,0,947,188.362560103275,13.9125370912379,150,,
2019,3,26,1,0,26.6,-119,26,8,0,0,0,0,0,947.1,190.640895568169,12.5472676357704,139,,
2019,3,26,2,0,26.1,-107,25.8,7.8,0,0,0,0,0,947.2,193.210142441017,10.9254314932335,126,,
2019,3,26,3,0,25.6,-99,26.8,7.6,0,0,0,0,0,947.4,195.933361262276,10.2611751578532,113,,
2019,3,26,4,0,25.7,-93,21.3,7.1,0,0,0,0,0,947.7,188.990658621191,8.70046135511638,99,,
2019,3,26,5,0,26.4,-86,28.3,6.3,37,0,1,0,0,948.2,187.206725350554,7.63045524696985,86,,
2019,3,26,6,0,27,-80,26.2,5.5,159,0,41,0,0,948.7,187.121293184124,6.2709618702338,72,,
2019,3,26,7,0,28.2,-72,13.1,5.6,188,0,252,0,0,948.8,180.99064090017,4.52406770730514,59,,
2019,3,26,8,0,29.9,-62,6.5,6.5,170,0,491,0,0,948.5,179.075267619012,2.89876904508265,46,,
2019,3,26,9,0,31.6,-46,5.7,7.3,182,692.4,623,189.41,0,948.2,160.95728117992,2.42974966847654,35,,
2019,3,26,10,0,33.1,-21,0,8.2,84,874.14,854,437.51,0,947.6,151.15530816571,3.24633699244629,28,,
2019,3,26,11,0,34.4,12,0,9.2,85,952.63,863,660.97,0,946.7,154.272656999584,5.62362325370102,27,,
2019,3,26,12,0,35.8,40,2.2,10.1,124,135.76,741,590.2,0,945.8,168.885102851292,7.47574937425896,33,,
2019,3,26,13,0,36.4,58,13.7,10.5,264,582.58,387,817.16,0,945.3,154.7964931419,5.14554927569219,43,,
2019,3,26,14,0,36.3,69,21.7,10.4,276,610.4,163,855.75,0,945.1,151.027320757815,4.12058136608666,55,,
2019,3,26,15,0,36.2,78,18.5,10.3,163,1013.15,110,948.87,0,944.9,185.525932723782,1.62450708025583,68,,
2019,3,26,16,0,35.9,85,20.8,10.5,69,992.56,7,838.52,0,945.1,173.142756771772,3.26936546264579,82,,
2019,3,26,17,0,35.3,91,7.3,10.9,0,952.1,0,664.59,0,945.6,164.914708814036,6.1974836058167,96,,
2019,3,26,18,0,34.7,97,0,11.3,0,874.32,0,442.05,0,946.1,177.378035147697,8.2853507311629,109,,
2019,3,26,19,0,33.6,105,0,11.6,0,695.72,0,194.3,0,946.5,181.775240369941,8.07002657065339,123,,
2019,3,26,20,0,32.2,115,0,11.7,0,0,0,0,0,946.8,186.860261289235,6.27886909150984,136,,
2019,3,26,21,0,30.9,130,0,11.9,0,0,0,0,0,947,186.312024370441,6.32305025050877,147,,
2019,3,26,22,0,29.8,157,0,12.3,0,0,0,0,0,947.2,190.757581881531,6.52847386218321,155,,
2019,3,26,23,0,29.1,-166,0,13,0,0,0,0,0,947.3,186.658077311983,4.75060529502439,157,,
2019,3,27,0,0,28.3,-136,0,13.8,0,0,0,0,0,947.5,170.829124488895,3.28393473136206,150,,
2019,3,27,1,0,27.7,-118,0,14.4,0,0,0,0,0,947.6,115.794938682837,4.69436843958111,139,,
2019,3,27,2,0,27.1,-107,0,14.8,0,0,0,0,0,947.7,104.363747366784,6.15701098551801,126,,
2019,3,27,3,0,26.6,-99,0,15.3,0,0,0,0,0,947.8,62.8497687336833,4.06485091207926,113,,
2019,3,27,4,0,27,-92,0,15.9,0,0,0,0,0,948.1,39.075017544056,3.71795507426737,99,,
2019,3,27,5,0,28.3,-86,0,16.4,20,0,35,0,0,948.6,304.148742748512,3.15334012886295,86,,
2019,3,27,6,0,29.6,-79,0,17,54,0,213,0,0,949.1,313.670432125625,7.84128035869857,72,,
2019,3,27,7,0,31,-72,0,17,72,0,428,0,0,949.2,328.129303858896,7.51616574037151,59,,
2019,3,27,8,0,32.4,-61,0,16.6,83,0,618,0,0,948.8,335.693502836684,5.63672185371069,46,,
2019,3,27,9,0,33.8,-45,2.7,16.3,140,683.88,687,186.16,0,948.4,352.752426909046,4.76873047962947,35,,
2019,3,27,10,0,35,-20,3.3,15.7,160,867.22,742,432.69,0,947.8,355.457106727956,3.89931410574899,28,,
2019,3,27,11,0,35.9,12,8.2,14.9,243,946.1,620,654.73,0,947,4.8102190312506,4.3281119068473,27,,
2019,3,27,12,0,36.7,40,13.1,14.1,304,240.47,458,636.78,0,946.2,10.4141921099727,3.80129191509236,33,,
2019,3,27,13,0,37,58,27.3,13.6,387,105.31,155,320.29,0,945.7,20.6065104745135,3.25153216271194,43,,
2019,3,27,14,0,36.7,69,36.9,13.4,296,128.04,50,630.3,0,945.4,40.664769957755,3.18307783429396,56,,
2019,3,27,15,0,36.4,77,44.2,13.1,182,76.05,0,416.25,0,945.2,66.6581930934051,2.91869904853594,69,,
2019,3,27,16,0,35.9,84,28.2,13.1,57,50.95,4,379.63,0,945.3,80.8047124809103,3.30045525802183,82,,
2019,3,27,17,0,35.3,90,18.7,13.4,0,941.39,0,654,0,945.7,85.7615142788542,4.06997786647286,96,,
2019,3,27,18,0,34.7,97,8.6,13.8,0,113.19,0,310.37,0,946.1,92.8096469317394,4.06373173166636,110,,
2019,3,27,19,0,33.9,104,0.4,13.8,0,19.33,0,91.87,0,946.3,81.2728441234164,4.60817858297845,123,,
2019,3,27,20,0,33,114,0,13.5,0,0,0,0,0,946.4,83.3899982163446,4.10550758219585,136,,
2019,3,27,21,0,32.1,130,0,13.2,0,0,0,0,0,946.5,86.9180995064877,3.63025041744371,148,,
2019,3,27,22,0,31.3,157,0,13.2,0,0,0,0,0,946.5,94.6333791161944,3.48397292760854,156,,
2019,3,27,23,0,30.7,-166,0,13.3,0,0,0,0,0,946.3,104.03963888733,3.01174962023976,157,,
2019,3,28,0,0,30.1,-135,0,13.5,0,0,0,0,0,946.2,117.798286780263,2.84804967281198,150,,
2019,3,28,1,0,29.5,-117,0,13.8,0,0,0,0,0,946.2,145.540780508601,3.21688181735154,139,,
2019,3,28,2,0,28.9,-106,0,14.3,0,0,0,0,0,946.2,157.321172461054,3.68753025614143,127,,
2019,3,28,3,0,28.3,-98,0,14.8,0,0,0,0,0,946.2,169.142248324536,3.58761746700642,113,,
2019,3,28,4,0,28.6,-92,2.6,15.5,0,0,0,0,0,946.4,161.353312488709,2.34571825436133,100,,
2019,3,28,5,0,29.7,-86,7.9,16.4,23,0,26,0,0,946.9,141.857295522781,1.61911269819402,86,,
2019,3,28,6,0,30.9,-79,0,17.2,64,0,193,0,0,947.5,127.718062017989,1.26417341480788,72,,
2019,3,28,7,0,32.1,-71,0,17.3,84,0,404,0,0,947.5,118.25848995737,1.47680953056838,59,,
2019,3,28,8,0,33.3,-61,0,16.6,95,0,594,0,0,947.1,79.695153531234,1.39754248593737,47,,
2019,3,28,9,0,34.6,-45,0,15.9,101,678.15,735,183.55,0,946.6,69.4124313851585,0.855435933430763,36,,
2019,3,28,10,0,35.5,-20,0,15.2,103,864.04,816,429.52,0,946,37.6372190419615,0.409393315169069,28,,
2019,3,28,11,0,36,12,0,14.6,103,943.62,826,651.01,0,945.2,326.16762009239,0.898044720831769,27,,
2019,3,28,12,0,36.5,39,0,13.9,99,984.75,766,824.53,0,944.4,319.425265500205,1.53742238037035,33,,
2019,3,28,13,0,36.6,57,1.3,13.6,112,1005.41,612,934.85,0,944,224.609247222011,2.42530925700315,44,,
2019,3,28,14,0,36.2,69,7,13.7,160,1009.23,345,970.45,0,944,199.448944677451,1.9593930353335,56,,
2019,3,28,15,0,35.9,77,9.4,13.7,110,544.52,184,793.1,0,943.9,171.063761300237,0.778823779778878,69,,
2019,3,28,16,0,35.3,84,16.7,14.1,45,976.69,39,818.73,0,944.1,133.325577188434,1.22943150610432,82,,
2019,3,28,17,0,34.5,90,30.9,14.8,0,415.73,0,526.8,0,944.3,128.064097043904,2.05885236337047,96,,
2019,3,28,18,0,33.7,96,36.7,15.4,0,852.39,0,425,0,944.6,127.588177971737,2.8689386439841,110,,
2019,3,28,19,0,33.1,104,30.5,15.6,0,666.27,0,181.4,0,944.8,148.587701109785,3.16272861221759,123,,
2019,3,28,20,0,32.6,114,30.2,15.2,0,0,0,0,0,945,167.476901058934,4.37753898305328,136,,
2019,3,28,21,0,32.1,129,35.5,14.8,0,0,0,0,0,945.1,180.238433008207,5.62102743812356,148,,
2019,3,28,22,0,31.6,157,37.5,14.6,0,0,0,0,0,945,186.046476939922,5.26723912520513,156,,
2019,3,28,23,0,31,-165,37,14.5,0,0,0,0,0,944.8,189.093656750496,9.29185479258826,157,,
2019,3,29,0,0,30.4,-135,36.2,14.5,0,0,0,0,0,944.6,201.879436719459,10.5650925908874,150,,
2019,3,29,1,0,29.9,-117,6.6,14.2,0,0,0,0,0,944.5,202.993150516524,11.1898178496218,139,,
2019,3,29,2,0,29.4,-106,10.7,13.8,0,0,0,0,0,944.6,204.229207594518,9.81367199418978,127,,
2019,3,29,3,0,28.9,-98,18.5,13.3,0,0,0,0,0,944.6,211.64041174969,8.63044058332486,113,,
2019,3,29,4,0,28.9,-91,0.7,13,0,0,0,0,0,944.9,216.294348735274,7.22616882731809,100,,
2019,3,29,5,0,29.3,-85,11.9,12.8,32,0,12,0,0,945.4,211.435411320398,5.94705286582975,86,,
2019,3,29,6,0,29.8,-79,27.4,12.6,147,0,47,0,0,945.9,202.301518438985,5.40423889719756,72,,
2019,3,29,7,0,30.9,-71,6.4,12.2,123,0,344,0,0,946,206.449021786199,5.16568729031255,59,,
2019,3,29,8,0,32.7,-60,0.6,11.6,89,0,605,0,0,945.9,200.59454742846,5.47488328609171,47,,
2019,3,29,9,0,34.5,-44,3.4,10.9,145,90.19,672,92.99,0,945.8,199.252874416552,6.75265950439013,36,,
2019,3,29,10,0,35.9,-19,0,10.4,87,305.43,843,320.66,0,945.4,198.992468735512,9.14630383138836,29,,
2019,3,29,11,0,36.8,12,1.9,10.1,124,923.6,798,636.4,0,944.7,203.978326776407,8.86242084161673,28,,
2019,3,29,12,0,37.8,39,14.8,9.7,310,966.33,437,807.86,0,944,211.382427965119,10.2767753695268,34,,
2019,3,29,13,0,38.1,57,22,9.4,339,988.33,237,917.24,0,943.6,217.012431420492,8.22809526815399,44,,
2019,3,29,14,0,37.7,68,26.8,9.1,278,994.99,130,954.49,0,943.5,263.308653780072,6.9416550241725,56,,
2019,3,29,15,0,37.4,77,13.8,8.8,141,988.61,133,917.04,0,943.4,252.674624923674,6.49382715335255,69,,
2019,3,29,16,0,36.5,84,31.1,8.9,51,967.6,14,808,0,943.9,250.467552541265,6.96360754302731,83,,
2019,3,29,17,0,35,90,0,9.5,0,407.48,0,513.4,0,944.9,243.502450174631,4.85871437441802,96,,
2019,3,29,18,0,33.5,96,0,10.1,0,845.31,0,418.27,0,945.9,213.383505977476,4.56539317329417,110,,
2019,3,29,19,0,32.1,103,0,10.1,0,658.01,0,176.52,0,946.7,213.90236284632,6.75781625183582,124,,
2019,3,29,20,0,30.7,113,0,9.6,0,0,0,0,0,947.2,217.436873870171,8.53966854832487,136,,
2019,3,29,21,0,29.3,129,0,9.1,0,0,0,0,0,947.6,229.008003228475,6.877510526019,148,,
2019,3,29,22,0,28.2,156,0,8.9,0,0,0,0,0,947.9,240.341588280404,5.8883901347084,157,,
2019,3,29,23,0,27.2,-165,0,9.1,0,0,0,0,0,948.1,253.513489583168,5.42211757098273,158,,
2019,3,30,0,0,26.3,-134,0,9.3,0,0,0,0,0,948.2,256.9600606064,5.29705012894072,151,,
2019,3,30,1,0,25.4,-116,0,9.3,0,0,0,0,0,948.4,243.787331353877,4.86386894059005,140,,
2019,3,30,2,0,24.8,-105,0,9.2,0,0,0,0,0,948.6,233.354170448754,4.41144036494121,127,,
2019,3,30,3,0,24.1,-98,0,9,0,0,0,0,0,948.8,256.047710614169,7.32164128069995,113,,
2019,3,30,4,0,24,-91,0,8.8,0,0,0,0,0,949.2,255.377599743397,7.3476368924215,100,,
2019,3,30,5,0,24.6,-85,0,8.6,19,0,34,0,0,949.7,257.245572694515,5.97978790715403,86,,
2019,3,30,6,0,25.2,-78,0,8.4,52,0,215,0,0,950.2,267.989995232996,5.67929861815615,73,,
2019,3,30,7,0,26.5,-70,3,8.1,100,0,388,0,0,950.3,290.269396716817,4.31821346339,59,,
2019,3,30,8,0,28.6,-60,1.8,7.7,100,0,595,0,0,950,275.256634340643,5.88036060712165,47,,
2019,3,30,9,0,30.6,-44,4.4,7.2,158,689.71,663,183.36,0,949.7,260.064862717212,9.05836076984739,36,,
2019,3,30,10,0,32.3,-19,0,7,83,876.74,857,431.44,0,949.1,267.08043893682,8.67573731815286,29,,
2019,3,30,11,0,33.6,12,0,7,84,957.64,865,655.34,0,948.1,252.847985829424,10.8097071934931,28,,
2019,3,30,12,0,34.9,39,0,7,82,999.72,801,830.82,0,947.2,235.341888890123,12.8041353776911,34,,
2019,3,30,13,0,35.5,57,0,7.1,76,1021.33,671,942.55,0,946.8,233.871882265704,10.315998037483,44,,
2019,3,30,14,0,35.2,68,0,7.1,69,1026.01,486,978.71,0,946.7,214.609254677296,9.01747326842921,56,,
2019,3,30,15,0,35,76,0,7.2,56,1018.02,267,938.6,0,946.7,208.387996914695,6.99337922385637,69,,
2019,3,30,16,0,34.3,83,0,7.5,29,995.64,63,825.62,0,947.1,204.236037758087,7.63411422288336,83,,
2019,3,30,17,0,33,89,0,8,0,954.36,0,650.43,0,947.8,206.183793175076,7.49132267712529,97,,
2019,3,30,18,0,31.8,96,0,8.4,0,873.81,0,426.88,0,948.5,217.579919021539,6.11172872635117,110,,
2019,3,30,19,0,30.6,103,0,8.3,0,683.63,0,178.9,0,949,211.508508214609,5.36051511462497,124,,
2019,3,30,20,0,29.5,113,0,7.5,0,0,0,0,0,949.2,211.554099460407,5.39058293679743,137,,
2019,3,30,21,0,28.4,129,0,6.7,0,0,0,0,0,949.4,215.15894876003,6.10593918012589,149,,
2019,3,30,22,0,27.5,156,0,6.1,0,0,0,0,0,949.5,235.16024728601,8.55325026046429,157,,
2019,3,30,23,0,26.7,-165,0,5.9,0,0,0,0,0,949.4,251.117399837139,11.1389327662487,158,,
2019,3,31,0,0,25.9,-133,0,5.7,0,0,0,0,0,949.4,262.026071139342,11.5690964142018,151,,
2019,3,31,1,0,25.3,-116,0,5.4,0,0,0,0,0,949.3,292.323413810475,9.13372676864809,140,,
2019,3,31,2,0,24.7,-105,0,5.1,0,0,0,0,0,949.4,301.217757146824,9.00746481861636,127,,
2019,3,31,3,0,24.1,-97,0,4.8,0,0,0,0,0,949.4,302.338937102033,8.02632973366061,113,,
2019,3,31,4,0,24.3,-91,0,4.2,0,0,0,0,0,949.8,287.714030662772,5.77797222630959,100,,
2019,3,31,5,0,25.2,-84,0,3.5,19,0,32,0,0,950.6,292.858824801339,6.05364082632162,86,,
2019,3,31,6,0,26.2,-78,0,2.8,52,0,214,0,0,951.4,310.645603966721,7.02233316252414,73,,
2019,3,31,7,0,27.6,-70,0,2.5,65,0,437,0,0,951.5,301.140335441743,6.28461370543285,59,,
2019,3,31,8,0,29.4,-59,0.3,2.5,78,0,626,0,0,951.2,317.120218019234,7.53755348549793,47,,
2019,3,31,9,0,31.2,-43,6.6,2.6,191,700.43,610,184.28,0,950.8,330.618041782463,6.08331053056164,36,,
2019,3,31,10,0,32.6,-19,0,2.9,76,888.89,864,434.82,0,950.1,3.95965224877835,7.46298923155634,29,,
2019,3,31,11,0,33.6,12,0,3.4,74,969.69,877,660.49,0,949.3,6.18062030495906,8.01515462017396,29,,
2019,3,31,12,0,34.5,39,0,3.9,70,1011.61,814,837.16,0,948.4,2.48709328273225,7.100254309326,35,,
2019,3,31,13,0,34.9,56,0,4.1,65,1033.2,685,949.52,0,947.8,342.083331907783,6.49056449947398,45,,
2019,3,31,14,0,34.8,68,0,4,58,1039.4,499,987.04,0,947.5,347.063843696558,6.4408815477242,57,,
2019,3,31,15,0,34.6,76,0,3.9,47,1033.12,278,947.67,0,947.2,358.775915287063,5.50929973342374,70,,
2019,3,31,16,0,33.8,83,0,3.8,24,1012.7,68,834.61,0,947.3,13.9766761677636,4.26742579930594,83,,
2019,3,31,17,0,32.5,89,0,3.7,0,971.59,0,657.01,0,947.9,29.2407632991071,2.11824043343452,97,,
2019,3,31,18,0,31.2,95,0,3.6,0,890.95,0,430.37,0,948.4,12.0872063595006,1.37889318887257,111,,
2019,3,31,19,0,29.9,103,0,2.8,0,697.89,0,178.68,0,948.7,4.20795424651402,0.901557727870305,124,,
2019,3,31,20,0,28.7,113,0,1.4,0,0,0,0,0,948.8,225.907652517621,0.39184967192268,137,,
2019,3,31,21,0,27.6,128,0,0.1,0,0,0,0,0,948.9,234.609247979227,1.50956525327638,149,,
2019,3,31,22,0,26.6,156,0,-0.9,0,0,0,0,0,948.9,240.342237845668,1.67229320740695,157,,
2019,3,31,23,0,25.9,-164,0,-1.4,0,0,0,0,0,948.7,209.660137755407,3.33919097867828,158,,
2019,4,1,0,0,25.2,-133,0,-1.9,0,0,0,0,0,948.5,212.425272688859,4.29845030312082,151,,
2019,4,1,1,0,24.5,-115,0,-2.1,0,0,0,0,0,948.4,250.448527999023,4.28237146282729,140,,
2019,4,1,2,0,24,-104,0,-2,0,0,0,0,0,948.5,248.310239733049,3.72932174980517,127,,
2019,4,1,3,0,23.5,-97,0,-2,0,0,0,0,0,948.6,226.418262632315,3.26852673032277,114,,
2019,4,1,4,0,24.1,-90,0,-1.6,0,0,0,0,0,948.9,205.362110389488,2.81842648241499,100,,
2019,4,1,5,0,25.9,-84,0,-0.8,16,0,37,0,0,949.4,208.827998064795,2.08224609093394,86,,
2019,4,1,6,0,27.7,-77,0,-0.1,44,0,231,0,0,949.9,241.731510817414,1.0557345418305,73,,
2019,4,1,7,0,29.5,-69,0,0,55,0,462,0,0,950.1,222.687352837501,0.749328009376042,60,,
2019,4,1,8,0,31.2,-59,0.3,-0.5,65,0,655,0,0,949.8,240.895463561378,1.1804900693705,47,,
2019,4,1,9,0,33,-43,6.8,-1,184,704.41,630,183.71,0,949.5,266.980187825075,1.40838969403749,37,,
2019,4,1,10,0,34.3,-18,0,-1.3,67,895.36,889,435.66,0,948.9,251.696205622962,1.66655826571757,30,,
2019,4,1,11,0,35,12,0,-1.5,66,970.11,897,658.42,0,948,200.604706791238,1.8653008913506,29,,
2019,4,1,12,0,35.8,38,0,-1.7,64,1006.43,832,830.51,0,947,186.846095858545,4.03203403457033,35,,
2019,4,1,13,0,36,56,0,-1.8,60,1022.64,699,937.49,0,946.5,186.667516501074,7.36927975180168,45,,
2019,4,1,14,0,35.8,67,0,-1.9,54,1024.56,508,970.56,0,946.3,193.10714950482,10.2667364355258,57,,
2019,4,1,15,0,35.6,76,0,-2,45,1013.83,282,927.6,0,946.1,196.949834289914,11.6707118659578,70,,
2019,4,1,16,0,34.5,83,0,-2,23,988.43,68,812.36,0,946.3,205.970786730573,9.04577175641249,83,,
2019,4,1,17,0,32.5,89,0,-2.1,0,946.23,0,637.57,0,946.9,210.615540905222,7.72440775283144,97,,
2019,4,1,18,0,30.5,95,0,-2.2,0,863.62,0,415.05,0,947.5,215.130882435199,7.42622310847728,111,,
2019,4,1,19,0,29.1,102,0,-2.5,0,666.81,0,169.12,0,947.9,217.827416678401,6.52225224476554,124,,
2019,4,1,20,0,28.3,112,0,-3,0,0,0,0,0,947.9,214.240109812349,6.2834414277991,137,,
2019,4,1,21,0,27.5,128,0,-3.6,0,0,0,0,0,948,212.040301939294,7.00315000312065,149,,
2019,4,1,22,0,26.9,156,0,-3.8,0,0,0,0,0,948,210.198701886157,7.61875832490623,158,,
2019,4,1,23,0,26.5,-164,0,-3.8,0,0,0,0,0,947.8,218.934764897106,8.27964028391528,159,,
2019,4,2,0,0,26.1,-132,0,-3.9,0,0,0,0,0,947.6,215.170385465885,10.8029175711224,151,,
2019,4,2,1,0,25.6,-115,0,-3.7,0,0,0,0,0,947.5,217.482524861517,9.9819257435731,140,,
2019,4,2,2,0,25.1,-104,0,-3.5,0,0,0,0,0,947.4,218.383044631809,8.72014549538378,127,,
2019,4,2,3,0,24.7,-96,0,-3.2,0,0,0,0,0,947.4,217.23972621434,9.03790904238227,114,,
2019,4,2,4,0,25.3,-90,0,-2.8,0,0,0,0,0,947.6,210.394894025083,7.27300189456991,100,,
2019,4,2,5,0,26.9,-84,0,-2.2,17,0,35,0,0,948.1,214.640176428997,6.86535882571813,86,,
2019,4,2,6,0,28.5,-77,0,-1.5,46,0,224,0,0,948.6,211.137369259265,6.24769220861708,73,,
2019,4,2,7,0,30.4,-69,0,-0.9,59,0,449,0,0,948.7,217.212472562038,5.92993147448384,60,,
2019,4,2,8,0,32.5,-58,4.4,-0.4,134,0,547,0,0,948.5,212.822114632505,4.49022196389671,47,,
2019,4,2,9,0,34.7,-42,6.4,0.2,181,686.42,627,178.52,0,948.2,205.796165775385,5.18886425960737,37,,
2019,4,2,10,0,36,-18,0,0.5,69,875.45,877,425.3,0,947.8,218.874883595292,7.37549414588453,30,,
2019,4,2,11,0,36.5,12,0,0.5,69,957.03,884,648.1,0,947,226.729319321129,7.42515956146259,29,,
2019,4,2,12,0,37,38,0,0.5,67,999.19,818,822.32,0,946.3,229.417189270468,6.89253690597614,35,,
2019,4,2,13,0,37.1,55,0,0.5,61,1020.64,687,932.66,0,945.9,235.734171397292,7.59578011579358,45,,
2019,4,2,14,0,36.8,67,0,0.4,56,1027.07,496,969.28,0,945.8,250.88386161073,9.09935568923531,57,,
2019,4,2,15,0,36.5,75,0,0.3,47,1020.73,271,929.69,0,945.7,249.356833993444,9.02890377490691,70,,
2019,4,2,16,0,35.4,82,0,0.4,24,999.92,62,817.11,0,946,237.340320315043,10.0963218480947,84,,
2019,4,2,17,0,33.7,88,0,0.6,0,959.68,0,641.81,0,946.7,236.792515669753,10.3267880933117,97,,
2019,4,2,18,0,31.9,95,0,0.9,0,878.84,0,417.68,0,947.3,238.403402136418,9.31852900015263,111,,
2019,4,2,19,0,30.5,102,0,0.5,0,680.99,0,168.86,0,947.7,243.035366620524,6.46856928894007,125,,
2019,4,2,20,0,29.5,112,0,-0.3,0,0,0,0,0,947.9,241.834379480566,6.0567428514411,138,,
2019,4,2,21,0,28.5,127,0,-1.2,0,0,0,0,0,948,249.306213215978,6.88538190185737,150,,
2019,4,2,22,0,27.7,156,0,-1.5,0,0,0,0,0,948.1,255.175495798891,7.28109882855566,158,,
2019,4,2,23,0,27.1,-163,0,-1.3,0,0,0,0,0,948,262.340421260281,6.09310642199489,159,,
2019,4,3,0,0,26.6,-131,0,-1,0,0,0,0,0,947.9,258.764544471417,5.57132041843374,152,,
2019,4,3,1,0,26.1,-114,0,-0.6,0,0,0,0,0,947.8,248.197249260673,8.54863289060285,140,,
2019,4,3,2,0,25.5,-103,0,0.1,0,0,0,0,0,947.9,255.5475173487,8.87024405634832,127,,
2019,4,3,3,0,25,-96,0,0.7,0,0,0,0,0,948,272.378392840598,8.39355842956617,114,,
2019,4,3,4,0,25.5,-89,0,1.1,0,0,0,0,0,948.4,283.630219307971,5.80380242645824,100,,
2019,4,3,5,0,27,-83,0,1.2,16,0,36,0,0,949,283.855044680307,4.96048009189502,86,,
2019,4,3,6,0,28.6,-77,0,1.3,43,0,228,0,0,949.7,279.675254088309,5.20636108732863,73,,
2019,4,3,7,0,30.4,-69,0,1.1,54,0,457,0,0,950,291.24657909439,4.40856757749082,60,,
2019,4,3,8,0,32.4,-58,0.5,0.5,69,0,644,0,0,949.8,291.408524295787,3.6918651356808,48,,
2019,4,3,9,0,34.4,-42,5.8,0,166,691.89,652,178.26,0,949.7,303.173669197807,0.820930742779071,37,,
2019,4,3,10,0,35.7,-18,0,-0.7,65,880.1,885,425.38,0,949.2,90,1.11367219265813,30,,
2019,4,3,11,0,36.3,12,0,-1.5,66,958.36,893,646.59,0,948.2,102.099748275917,3.22403744741312,30,,
2019,4,3,12,0,36.9,38,0,-2.3,64,997.8,827,818.51,0,947.3,128.745800463557,4.86810517376603,36,,
2019,4,3,13,0,37,55,0,-2.9,61,1016.68,692,926.14,0,946.8,132.359490364337,3.1191310891137,46,,
2019,4,3,14,0,36.6,67,0,-3.4,56,1022.22,500,961.52,0,946.6,154.915783217126,3.30796769399091,58,,
2019,4,3,15,0,36.2,75,0,-3.9,46,1014.9,274,920.98,0,946.5,161.923187071589,3.5502346784979,70,,
2019,4,3,16,0,35,82,0,-3.8,22,992.92,62,807.9,0,946.7,177.72918330862,3.84658672683546,84,,
2019,4,3,17,0,33.1,88,0,-3.3,0,949.03,0,631.41,0,947.3,188.97424907547,3.32949844091538,98,,
2019,4,3,18,0,31.1,94,0,-2.8,0,863.56,0,407.58,0,947.9,187.508254147791,2.69083285420412,111,,
2019,4,3,19,0,29.7,102,0,-2.9,0,658.61,0,161.33,0,948.3,179.237862530838,3.21482920254332,125,,
2019,4,3,20,0,28.7,111,0,-3.7,0,0,0,0,0,948.4,178.217071241299,3.75912646199572,138,,
2019,4,3,21,0,27.8,127,0,-4.4,0,0,0,0,0,948.5,187.762332521171,2.63304202995631,150,,
2019,4,3,22,0,27,155,0,-4.8,0,0,0,0,0,948.4,191.371021140023,4.43798573587154,159,,
2019,4,3,23,0,26.5,-163,0,-4.9,0,0,0,0,0,948.2,180.850722968004,4.7263935834824,159,,
2019,4,4,0,0,26,-131,0,-5,0,0,0,0,0,948.1,190.25307707312,5.57290805736564,152,,
2019,4,4,1,0,25.4,-113,0,-4.6,0,0,0,0,0,947.9,177.62084971476,4.99223959946652,140,,
2019,4,4,2,0,24.9,-103,0,-3.8,0,0,0,0,0,947.8,167.914643639578,5.28077963286731,127,,
2019,4,4,3,0,24.4,-95,0,-3.1,0,0,0,0,0,947.7,166.735839809022,5.12464868700158,114,,
2019,4,4,4,0,24.9,-89,0,-2.4,0,0,0,0,0,947.9,173.345715815328,4.95516385148787,100,,
2019,4,4,5,0,26.4,-83,0,-1.9,16,0,36,0,0,948.4,156.071095130613,4.17939589165027,87,,
2019,4,4,6,0,28,-76,0,-1.3,44,0,229,0,0,948.9,145.599758373678,4.02391200050212,73,,
2019,4,4,7,0,29.8,-68,0,-1,55,0,459,0,0,949,147.737211098848,6.08838526267313,60,,
2019,4,4,8,0,31.9,-57,0.3,-0.9,66,0,652,0,0,948.8,149.154093899485,5.85102232349603,48,,
2019,4,4,9,0,34.1,-41,5.9,-0.9,173,673.31,646,173,0,948.5,144.675893683081,5.3572849667009,37,,
2019,4,4,10,0,35.4,-17,0,-1.1,68,866.05,883,417.5,0,948,132.503680358761,4.94875685029093,31,,
2019,4,4,11,0,36,12,0,-1.4,68,948.47,889,638.18,0,947.3,125.967389595727,5.31388987757821,30,,
2019,4,4,12,0,36.6,38,0,-1.8,67,990.99,820,810.59,0,946.5,128.885513345113,6.17267955518243,36,,
2019,4,4,13,0,36.8,55,0,-1.8,62,1012.63,685,919.55,0,946.1,118.474214388225,8.29178287867828,46,,
2019,4,4,14,0,36.4,66,0,-1.5,57,1016.96,492,953.39,0,946,120.892392112206,9.35833636702556,58,,
2019,4,4,15,0,36,75,0,-1.1,48,1008.3,265,911.64,0,945.9,130.163346957908,8.80635500657639,71,,
2019,4,4,16,0,35,82,0,-0.5,23,984.77,57,797.87,0,946.2,126.609404059707,8.77771899216699,84,,
2019,4,4,17,0,33.2,88,0,0.3,0,940.69,0,622.44,0,946.8,139.149257565248,7.91185057883047,98,,
2019,4,4,18,0,31.4,94,0,1.1,0,854.41,0,400.09,0,947.5,152.181997965887,7.55719898311772,111,,
2019,4,4,19,0,30.2,101,0,1.9,0,646.28,0,155.89,0,947.8,152.758658857098,6.02374545530798,125,,
2019,4,4,20,0,29.4,111,0,2.8,0,0,0,0,0,947.9,161.71940039576,5.49170140082193,138,,
2019,4,4,21,0,28.6,126,0,3.7,0,0,0,0,0,948,147.280688922259,3.54189035691867,150,,
2019,4,4,22,0,27.8,155,0,4.9,0,0,0,0,0,948.1,131.848183668597,4.22111167277472,159,,
2019,4,4,23,0,26.9,-162,0,6.3,0,0,0,0,0,948.2,133.025664808959,3.67572519213254,160,,
2019,4,5,0,0,26,-130,0,7.7,0,0,0,0,0,948.3,149.314896235465,2.86197958855211,152,,
2019,4,5,1,0,25.3,-113,0,8.6,0,0,0,0,0,948.3,164.218165576389,3.90525385581435,140,,
2019,4,5,2,0,24.8,-103,0,8.9,0,0,0,0,0,948.4,146.848417601368,4.18527156762384,127,,
2019,4,5,3,0,24.2,-95,0,9.3,0,0,0,0,0,948.5,139.662419342359,3.66914434501541,114,,
2019,4,5,4,0,24.6,-89,0,9.7,0,0,0,0,0,948.8,125.421976018661,3.61906450695865,100,,
2019,4,5,5,0,26,-83,0,10.1,16,0,33,0,0,949.4,120.065393301329,3.29028080313909,87,,
2019,4,5,6,0,27.3,-76,0,10.6,46,0,219,0,0,950.1,125.423818313901,2.97192527381901,73,,
2019,4,5,7,0,29,-68,0,9.8,58,0,446,0,0,950.3,96.0737562032518,3.06398263993283,60,,
2019,4,5,8,0,30.9,-57,0.5,7.9,73,0,632,0,0,950.2,87.6506505040877,3.04934611536714,48,,
2019,4,5,9,0,32.8,-41,5.5,5.9,165,680.87,647,173.18,0,950,87.9947624346509,3.57236211839713,38,,
2019,4,5,10,0,34.3,-17,0,4,68,876.57,872,420.04,0,949.6,87.026209723665,4.29049702119532,31,,
2019,4,5,11,0,35.3,12,0,2.2,67,958.2,880,641.72,0,948.8,88.0214544402305,4.18158254228224,31,,
2019,4,5,12,0,36.2,37,0,0.4,66,999.87,812,814.44,0,948,84.5342434269696,4.87706838255034,36,,
2019,4,5,13,0,36.5,55,0,-0.7,62,1020.78,677,923.16,0,947.5,73.565870265354,5.27355879442849,46,,
2019,4,5,14,0,36.2,66,0,-1.1,56,1025.92,487,957.61,0,947.4,83.0112189923593,5.39497854841284,58,,
2019,4,5,15,0,35.9,74,0,-1.5,45,1018.18,264,916.08,0,947.3,100.870962882838,5.1743592104684,71,,
2019,4,5,16,0,34.9,81,0,-1.4,20,995.69,57,802.02,0,947.6,128.203185643279,5.65159847064627,84,,
2019,4,5,17,0,33.2,87,0,-0.9,0,950.42,0,624.33,0,948.3,160.149212617877,7.54518521987792,98,,
2019,4,5,18,0,31.6,94,0,-0.5,0,862.65,0,399.77,0,949.1,186.89086298783,9.96157067731365,112,,
2019,4,5,19,0,30.2,101,0,-0.6,0,649.86,0,153.59,0,949.5,192.250001856526,9.99623772275723,125,,
2019,4,5,20,0,29.1,110,0,-1.2,0,0,0,0,0,949.7,194.415457683639,10.3401624885238,138,,
2019,4,5,21,0,28,126,0,-1.9,0,0,0,0,0,949.9,194.187297513078,11.6348278019748,150,,
2019,4,5,22,0,27.2,155,0,-2.2,0,0,0,0,0,949.9,196.534946089918,12.9156815312421,159,,
2019,4,5,23,0,26.5,-162,0,-2.1,0,0,0,0,0,949.7,195.116692923418,15.4433752805399,160,,
2019,4,6,0,0,25.8,-129,0,-2.1,0,0,0,0,0,949.6,198.721015065615,14.191238667009,152,,
2019,4,6,1,0,25.2,-112,0,-1.8,0,0,0,0,0,949.5,191.522517871674,14.3159320962791,141,,
2019,4,6,2,0,24.7,-102,0,-1.3,0,0,0,0,0,949.5,192.827682697514,12.8439482181313,127,,
2019,4,6,3,0,24.3,-95,0,-0.7,0,0,0,0,0,949.5,192.723958809113,11.5811877093214,114,,
2019,4,6,4,0,24.8,-88,0,1,0,0,0,0,0,949.9,189.990684375767,10.3799897025681,100,,
2019,4,6,5,0,26.4,-82,0,3.7,14,0,35,0,0,950.6,185.810169710048,9.64714700648317,87,,
2019,4,6,6,0,27.9,-75,0,6.4,42,0,225,0,0,951.3,182.465055769864,9.35624516559717,73,,
2019,4,6,7,0,29.7,-67,0,7,53,0,451,0,0,951.5,175.817580191811,8.5696047096537,60,,
2019,4,6,8,0,31.8,-56,0.6,5.7,68,0,636,0,0,951.1,172.959983266492,8.15910040600335,48,,
2019,4,6,9,0,33.9,-40,5.4,4.4,159,672.97,651,170.15,0,950.7,172.946890776765,7.73027989042628,38,,
2019,4,6,10,0,35.3,-17,0,2.9,69,868.3,867,414.62,0,950.1,175.209772153964,8.37281128105628,31,,
2019,4,6,11,0,36.1,12,0,1.3,69,950.86,873,634.89,0,949.1,176.800720883894,8.95913763693363,31,,
2019,4,6,12,0,36.9,37,0,-0.3,67,993.15,805,806.59,0,948.1,181.114642226444,10.2398739564127,37,,
2019,4,6,13,0,37,54,0,-1.2,61,1014.49,672,914.68,0,947.6,186.105981622363,10.614306193532,47,,
2019,4,6,14,0,36.6,66,0,-1.3,55,1021.21,482,949.97,0,947.3,187.780787039807,11.6573945567445,58,,
2019,4,6,15,0,36.2,74,0,-1.4,45,1014.94,258,909.55,0,947.1,191.571156586488,12.4836062712215,71,,
2019,4,6,16,0,35.1,81,2.2,-1.3,24,994.09,47,796.85,0,947.4,194.591761983328,13.6141885167303,85,,
2019,4,6,17,0,33.2,87,0,-1.1,0,949.32,0,619.71,0,948,194.750417465885,13.8542346092139,98,,
2019,4,6,18,0,31.4,93,0,-0.8,0,861.51,0,395.61,0,948.7,197.002464620935,13.7730365443601,112,,
2019,4,6,19,0,30,100,0,-0.3,0,645.85,0,149.85,0,949,197.060073227994,12.7025771737365,125,,
2019,4,6,20,0,29,110,0,0.6,0,0,0,0,0,949.1,197.547606936878,12.0232915433627,139,,
2019,4,6,21,0,27.9,125,0,1.5,0,0,0,0,0,949.1,196.276648193529,12.4877129064671,151,,
2019,4,6,22,0,27.2,155,0,2.3,0,0,0,0,0,949,197.403998702802,12.2758017858616,160,,
2019,4,6,23,0,26.8,-161,0,3,0,0,0,0,0,948.8,197.675219383818,12.0030242798743,160,,
2019,4,7,0,0,26.3,-129,0,3.7,0,0,0,0,0,948.5,199.426685060566,11.9198439343621,153,,
2019,4,7,1,0,25.9,-112,0,4.2,0,0,0,0,0,948.3,201.701918762738,10.2786146195892,141,,
2019,4,7,2,0,25.6,-102,0,4.7,0,0,0,0,0,948.2,203.66813058261,8.91348958180248,128,,
2019,4,7,3,0,25.3,-94,0,5.1,0,0,0,0,0,948,202.975000835643,8.00605726819253,114,,
2019,4,7,4,0,25.9,-88,0,5.3,0,0,0,0,0,948.2,198.766257824383,6.83599647465612,100,,
2019,4,7,5,0,27.4,-82,0,5.1,14,0,32,0,0,948.7,191.986344759876,5.77428758102586,87,,
2019,4,7,6,0,28.8,-75,0,5,42,0,216,0,0,949.3,184.165969225074,5.16203061853912,73,,
2019,4,7,7,0,30.7,-67,0,4.6,54,0,439,0,0,949.4,171.163177078149,4.88214754660924,60,,
2019,4,7,8,0,32.9,-56,1.3,4.1,82,0,604,0,0,949.1,160.811476240934,4.78948462710139,48,,
2019,4,7,9,0,35.2,-40,5,3.6,153,675.83,649,169.33,0,948.8,157.237659932018,4.71478579905542,38,,
2019,4,7,10,0,36.6,-16,0.1,2.9,70,871.89,853,414.18,0,948.1,161.652066531351,5.70793937478984,32,,
2019,4,7,11,0,37.2,12,1,2,90,954.28,830,634.53,0,947.1,160.72989639515,5.59837806087166,31,,
2019,4,7,12,0,37.8,37,0,1.1,68,996.23,794,806.02,0,946.1,152.651898129657,5.38226364089808,37,,
2019,4,7,13,0,37.9,54,0,0.5,63,1017.24,660,913.69,0,945.5,153.334458901645,5.12677908232052,47,,
2019,4,7,14,0,37.5,65,0,0,57,1023.44,472,948.26,0,945.3,161.135072272032,4.65154156622743,59,,
2019,4,7,15,0,37.1,74,0,-0.4,45,1016.66,252,907.08,0,945.1,167.837657536802,4.65454151248941,71,,
2019,4,7,16,0,35.8,81,0.3,-0.8,20,995.01,51,793.51,0,945.2,170.776244231346,5.80087859447947,85,,
2019,4,7,17,0,33.7,87,0,-1.2,0,951.12,0,616.78,0,945.6,173.349978664201,6.74788054692594,98,,
2019,4,7,18,0,31.6,93,0.2,-1.6,0,863.48,0,392.68,0,945.9,180.088859127982,7.30409837176068,112,,
2019,4,7,19,0,30,100,19.8,-1.6,0,644.98,0,146.71,0,946.1,198.974827590085,8.09560071936142,126,,
2019,4,7,20,0,28.8,110,26,-1.1,0,0,0,0,0,946.3,206.11948273023,8.99619073308818,139,,
2019,4,7,21,0,27.7,125,31.9,-0.6,0,0,0,0,0,946.5,215.908206717604,9.26379965786265,151,,
2019,4,7,22,0,26.8,155,30.7,-0.4,0,0,0,0,0,946.5,220.844233822383,9.48999464965451,160,,
2019,4,7,23,0,26.1,-161,31,-0.5,0,0,0,0,0,946.4,221.807689371642,10.066301076784,161,,
2019,4,8,0,0,25.5,-128,28.8,-0.6,0,0,0,0,0,946.2,224.616128098056,10.2995365712518,153,,
2019,4,8,1,0,24.9,-111,30.7,-0.5,0,0,0,0,0,946.1,230.43370560814,10.0628180432536,141,,
2019,4,8,2,0,24.5,-101,30.2,-0.3,0,0,0,0,0,946.2,234.929936920921,7.9132606014632,128,,
2019,4,8,3,0,24,-94,32,-0.1,0,0,0,0,0,946.2,240.853739095544,5.23735325281636,114,,
2019,4,8,4,0,24.7,-88,31.6,-0.1,0,0,0,0,0,946.4,240.996367961606,4.22963914297146,100,,
2019,4,8,5,0,26.4,-81,10.7,-0.4,26,0,12,0,0,946.8,240.120776621747,3.11298113171013,87,,
2019,4,8,6,0,28.1,-75,27.7,-0.8,150,0,31,0,0,947.1,235.040888033607,1.61573757037574,73,,
2019,4,8,7,0,30,-66,15.4,-0.7,183,0,238,0,0,947.3,214.224084327994,0.576418721370906,61,,
2019,4,8,8,0,32.2,-55,4.4,-0.2,133,0,529,0,0,947.4,111.438145318156,0.214001974617567,49,,
2019,4,8,9,0,34.4,-39,6.9,0.3,195,674.73,584,167.68,0,947.4,82.9966850666935,1.40890319392927,39,,
2019,4,8,10,0,35.8,-16,1.5,0.6,108,876.71,792,414.17,0,947,87.6984021846357,1.74738842780734,32,,
2019,4,8,11,0,36.5,12,1.2,0.9,104,955.99,802,633.09,0,946.2,91.340135374763,2.34420723402744,32,,
2019,4,8,12,0,37.1,37,8,1.2,218,994.98,561,802.2,0,945.4,99.8655784629828,3.67124631597286,37,,
2019,4,8,13,0,37.2,54,18.9,1.3,291,1013.26,288,907.11,0,945,92.4241500791445,3.69848432779319,47,,
2019,4,8,14,0,36.9,65,46.4,1.2,243,1018.27,40,940.21,0,945,105.923683209662,5.29681550378381,59,,
2019,4,8,15,0,36.6,74,58.8,1.1,118,1010.17,0,897.88,0,945.1,113.780653200686,6.32582954462658,72,,
2019,4,8,16,0,35.6,80,29.8,1.3,30,986.99,3,783.67,0,945.3,126.209539578033,8.38476631486574,85,,
2019,4,8,17,0,33.9,86,12.9,1.8,0,940.13,0,606.42,0,945.7,140.476151810656,8.13811278271775,99,,
2019,4,8,18,0,32.2,93,32.6,2.2,0,848.6,0,383.13,0,946.2,152.857668689208,6.34287282859353,112,,
2019,4,8,19,0,31,100,31.2,2.4,0,623.87,0,140.02,0,946.5,197.777873481744,5.36166321759306,126,,
2019,4,8,20,0,30.2,109,33.1,2.5,0,0,0,0,0,946.6,195.836442693351,5.38418425855792,139,,
2019,4,8,21,0,29.5,124,36.4,2.5,0,0,0,0,0,946.8,202.09144106421,6.82527449888287,151,,
2019,4,8,22,0,28.9,154,32.8,2.6,0,0,0,0,0,946.8,218.335493295472,8.85421067452468,160,,
2019,4,8,23,0,28.4,-160,31.7,2.7,0,0,0,0,0,946.7,232.65844697858,10.3810498139718,161,,
2019,4,9,0,0,28,-127,30.8,2.8,0,0,0,0,0,946.5,236.776004204887,11.0286760396507,153,,
2019,4,9,1,0,27.5,-111,30.1,3,0,0,0,0,0,946.4,242.453730103296,11.2249700394032,141,,
2019,4,9,2,0,27.1,-101,32.4,3.1,0,0,0,0,0,946.3,242.385619364767,9.05939293062993,128,,
2019,4,9,3,0,26.7,-93,29.6,3.2,0,0,0,0,0,946.2,237.171823871802,7.70270906538761,114,,
2019,4,9,4,0,27,-87,30.5,3.4,0,0,0,0,0,946.4,238.094728135799,7.09533263797696,101,,
2019,4,9,5,0,28.2,-81,35.3,3.5,21,0,0,0,0,946.9,248.018746748388,6.01116946167068,87,,
2019,4,9,6,0,29.3,-74,39.9,3.7,131,0,17,0,0,947.4,251.479532278776,4.95585845222168,74,,
2019,4,9,7,0,31,-66,38,3.8,273,0,27,0,0,947.7,248.628899489726,3.56964551388315,61,,
2019,4,9,8,0,33.1,-55,23.1,3.8,337,0,182,0,0,947.8,242.39753629268,3.18691924838392,49,,
2019,4,9,9,0,35.2,-39,20.9,3.9,379,639.17,268,159.17,0,947.9,238.129548079252,2.79660466322102,39,,
2019,4,9,10,0,36.7,-16,8.6,3.7,231,838.04,589,396.21,0,947.5,236.081950524038,2.47133518961301,32,,
2019,4,9,11,0,37.4,12,1.4,3.5,118,920.96,769,609.69,0,946.8,235.05566660023,2.6258256744349,32,,
2019,4,9,12,0,38.1,36,9.4,3.2,243,962.81,509,775.54,0,946,244.772788442048,3.29043456325929,38,,
2019,4,9,13,0,38.2,53,20.1,3,323,983.23,231,879,0,945.7,264.305216147415,3.81965574578972,47,,
2019,4,9,14,0,37.7,65,23.2,2.9,256,520.54,125,769.52,0,945.6,253.407419691681,4.5692884011496,59,,
2019,4,9,15,0,37.3,73,8.7,2.8,103,483.8,148,722.89,0,945.5,233.319479028192,8.09492438049853,72,,
2019,4,9,16,0,36.3,80,13.6,2.9,28,404.81,28,613.01,0,945.9,241.26069208407,8.65120988429698,85,,
2019,4,9,17,0,34.8,86,34.3,3.2,0,22.36,0,176.99,0,946.8,238.019765662267,10.0665290543354,99,,
2019,4,9,18,0,33.4,92,26.2,3.5,0,23.99,0,201.47,0,947.7,239.023213589317,10.4651731657243,113,,
2019,4,9,19,0,32.1,99,13.4,3.5,0,582.51,0,130.01,0,948.2,233.927267990233,9.39981117155357,126,,
2019,4,9,20,0,30.9,109,12.9,3.2,0,0,0,0,0,948.4,237.911411031773,8.9628392541169,139,,
2019,4,9,21,0,29.8,124,12.9,2.9,0,0,0,0,0,948.5,241.273856649165,9.0289866888991,152,,
2019,4,9,22,0,28.9,154,30.9,2.8,0,0,0,0,0,948.5,244.43798411564,9.18808115340818,161,,
2019,4,9,23,0,28.3,-160,27.1,2.9,0,0,0,0,0,948.5,248.569431138925,10.989711360106,161,,
2019,4,10,0,0,27.7,-127,31.8,2.9,0,0,0,0,0,948.4,254.07991485187,12.2748903876318,153,,
2019,4,10,1,0,27.2,-110,29.7,3.1,0,0,0,0,0,948.4,258.676349065725,12.5722157300729,141,,
2019,4,10,2,0,26.9,-100,29.7,3.3,0,0,0,0,0,948.4,260.319876507725,9.94236502673795,128,,
2019,4,10,3,0,26.5,-93,32.7,3.6,0,0,0,0,0,948.5,259.65023091372,7.0879121770398,114,,
2019,4,10,4,0,27,-87,36,4.4,0,0,0,0,0,948.6,255.034742967179,5.899284186924,101,,
2019,4,10,5,0,28.5,-81,21.9,5.9,27,0,5,0,0,948.8,252.408917006092,5.4542488980065,87,,
2019,4,10,6,0,29.9,-74,31.2,7.4,151,0,14,0,0,949,251.579018198117,5.2164866686994,74,,
2019,4,10,7,0,31.6,-66,32.4,7.7,282,0,37,0,0,949,253.328943371285,3.13163013451358,61,,
2019,4,10,8,0,33.7,-55,24.3,6.8,335,0,172,0,0,948.8,255.544068262998,3.09808560609726,49,,
2019,4,10,9,0,35.7,-38,22.6,5.8,392,619.9,234,154.03,0,948.6,252.26103303467,3.35889619435913,39,,
2019,4,10,10,0,36.9,-15,32.4,5.3,479,174.26,119,273.63,0,948,243.980269457608,3.86425658221695,33,,
2019,4,10,11,0,37.4,12,17.8,5,366,904.12,366,597.33,0,947.2,237.250852596102,4.42613430844063,32,,
2019,4,10,12,0,37.9,36,14.1,4.7,292,947.21,413,761.3,0,946.3,232.134481135194,4.27001493475315,38,,
2019,4,10,13,0,37.9,53,24.1,4.5,344,968.64,173,863.83,0,945.8,257.369662362287,4.96780251652756,48,,
2019,4,10,14,0,37.4,64,22.3,4.3,250,429.12,132,708.91,0,945.7,315.324514305825,2.82847249207737,59,,
2019,4,10,15,0,36.9,73,41,4.2,154,967.3,8,855.24,0,945.6,354.015458673568,3.26376609151833,72,,
2019,4,10,16,0,36.1,80,45.7,4.3,26,944.04,0,744.8,0,946,53.0852893871219,1.21644801599938,85,,
2019,4,10,17,0,35,86,30.9,4.8,0,898.24,0,574.55,0,946.7,48.0493734687749,0.718978218548473,99,,
2019,4,10,18,0,33.9,92,42.3,5.2,0,0,0,125.44,0,947.4,222.420133475066,1.28034547294026,113,,
2019,4,10,19,0,32.7,99,50.1,5.2,0,0,0,36.91,0,947.7,256.362765733746,6.26282099128423,126,,
2019,4,10,20,0,31.3,108,50.9,4.7,0,0,0,0,0,947.8,268.016540141814,10.8347084920129,140,,
2019,4,10,21,0,30,123,47.4,4.2,0,0,0,0,0,947.8,275.428084383064,10.6137483446309,152,,
2019,4,10,22,0,29.1,154,58.3,4.2,0,0,0,0,0,947.8,279.742348722034,9.62676713243687,161,,
2019,4,10,23,0,28.6,-159,60,4.5,0,0,0,0,0,947.7,283.05706430447,8.97397481272256,162,,
2019,4,11,0,0,28.2,-126,59.9,4.8,0,0,0,0,0,947.7,295.697306261227,7.95448051635302,153,,
2019,4,11,1,0,27.8,-109,47.9,5.2,0,0,0,0,0,947.7,321.908822448824,5.39493873903584,141,,
2019,4,11,2,0,27.4,-100,47.5,5.7,0,0,0,0,0,947.7,357.490711008477,4.19920097984123,128,,
2019,4,11,3,0,27.1,-93,48,6.1,0,0,0,0,0,947.7,357.451077119357,3.95310690869749,114,,
2019,4,11,4,0,27.6,-86,58.1,6.8,0,0,0,0,0,947.9,344.527154361474,4.87591349559875,101,,
2019,4,11,5,0,28.8,-80,35.8,7.8,27,0,0,0,0,948.3,353.304768850378,5.3607541839032,87,,
2019,4,11,6,0,30.1,-74,32.6,8.8,147,0,13,0,0,948.7,356.15126699114,5.58679544076228,74,,
2019,4,11,7,0,31.5,-65,19.2,9.2,225,0,148,0,0,948.8,352.639365895751,6.25070519462038,61,,
2019,4,11,8,0,33.1,-54,17.6,8.9,282,0,260,0,0,948.6,356.222563359748,6.46323720141622,49,,
2019,4,11,9,0,34.8,-38,11.2,8.6,263,617.26,444,152.17,0,948.3,359.049599368554,6.12584274087258,39,,
2019,4,11,10,0,35.7,-15,10.9,8.3,278,820.5,498,385.2,0,947.8,39.5638729718863,8.48700792134235,33,,
2019,4,11,11,0,36.1,12,16,8,354,906.08,380,596.07,0,947.1,27.6491114951017,7.81864559746998,33,,
2019,4,11,12,0,36.4,36,9.4,7.7,245,949.94,484,760.44,0,946.3,22.2730084128394,7.59401450625898,38,,
2019,4,11,13,0,36.4,53,13.1,7.5,251,972.07,331,863.38,0,945.9,22.6394880708359,6.31044629156116,48,,
2019,4,11,14,0,36,64,25.1,7.4,267,978.81,93,895.85,0,945.8,17.6728613514911,6.53502657402099,60,,
2019,4,11,15,0,35.6,73,26.9,7.2,157,401.47,33,667.94,0,945.7,24.666573802042,5.87650077196773,72,,
2019,4,11,16,0,35.1,79,46.4,7,31,144.29,0,531.73,0,946,31.9930663896214,4.71722468823156,86,,
2019,4,11,17,0,34.3,86,50.4,6.8,0,899.8,0,571.66,0,946.5,47.2731149519226,4.01371455698685,99,,
2019,4,11,18,0,33.6,92,12.3,6.6,0,213.85,0,258.54,0,947,58.9891421395646,5.80098849345663,113,,
2019,4,11,19,0,32.6,99,47.9,6.6,0,567.01,0,122.11,0,947.2,66.2192996395233,5.53180711052611,127,,
2019,4,11,20,0,31.4,108,51.4,7,0,0,0,0,0,947.1,71.1708637022098,3.29319184648874,140,,
2019,4,11,21,0,30.1,123,53.3,7.4,0,0,0,0,0,947,31.6197900389393,2.89034268009157,152,,
2019,4,11,22,0,29.2,154,54.9,7.9,0,0,0,0,0,946.9,18.5102041818648,3.51826964123035,161,,
2019,4,11,23,0,28.4,-158,52.5,8.6,0,0,0,0,0,946.8,13.8005051094837,3.74931962791677,162,,
2019,4,12,0,0,27.7,-125,53.4,9.2,0,0,0,0,0,946.7,14.0299890708847,3.2700684161798,154,,
2019,4,12,1,0,27.1,-109,64,9.5,0,0,0,0,0,946.7,13.1950575265223,2.03509498045485,141,,
2019,4,12,2,0,26.5,-99,60.4,9.2,0,0,0,0,0,946.7,343.439223531318,2.042709956533,128,,
2019,4,12,3,0,25.9,-92,65.7,9,0,0,0,0,0,946.8,353.470720062015,2.88641507316046,114,,
2019,4,12,4,0,25.8,-86,56.6,9.2,0,0,0,0,0,947.1,3.32876166411728,3.36130093177825,101,,
2019,4,12,5,0,26.3,-80,44.9,10,23,0,7,0,0,947.5,350.069931768597,3.78328603797689,87,,
2019,4,12,6,0,26.7,-73,28.1,10.8,145,0,22,0,0,948,7.52578983795161,4.5626945171422,74,,
2019,4,12,7,0,27.9,-65,33.2,10.6,260,0,47,0,0,948.2,15.8445348715442,4.64922979545089,61,,
2019,4,12,8,0,29.8,-54,14.3,9.7,249,0,311,0,0,948.1,16.370944622121,3.87988950417095,49,,
2019,4,12,9,0,31.7,-38,7.1,8.7,203,68.46,532,64.52,0,948,16.691109793406,3.20941793071885,40,,
2019,4,12,10,0,32.9,-15,2.7,8.2,143,819.11,699,382.71,0,947.7,38.9456130222352,3.53587247067028,33,,
2019,4,12,11,0,33.6,12,16.3,8.2,337,904.01,390,592.45,0,947,47.6824956126229,3.7660582524238,33,,
2019,4,12,12,0,34.2,36,42,8.1,427,946.97,38,755.44,0,946.3,61.7390416579734,4.09274867699188,39,,
2019,4,12,13,0,34.3,52,42.1,8.1,365,325.69,21,623.15,0,946,70.7404340064332,2.61839241561214,48,,
2019,4,12,14,0,33.9,64,25.3,8.2,259,204.91,96,609.14,0,946.1,62.6680486544883,1.88104442754813,60,,
2019,4,12,15,0,33.5,72,29.3,8.2,157,52.25,24,476.94,0,946.2,88.4184924274472,3.12545467241822,73,,
2019,4,12,16,0,32.7,79,42,8.4,31,253.85,0,520.97,0,946.6,94.3627757534206,4.51637204822802,86,,
2019,4,12,17,0,31.6,85,38.1,8.9,0,0,0,201.2,0,947.5,112.339803876699,3.84248381503374,99,,
2019,4,12,18,0,30.5,91,34.6,9.3,0,2.55,0,234.68,0,948.4,133.658483932893,3.19034457898218,113,,
2019,4,12,19,0,29.7,98,38.5,9.6,0,2.53,0,47.09,0,948.9,151.545483931574,2.6472846621727,127,,
2019,4,12,20,0,29.1,107,43,9.8,0,0,0,0,0,949,158.860111059835,3.21567008205626,140,,
2019,4,12,21,0,28.5,122,44.2,10,0,0,0,0,0,949.1,172.764333485619,4.83454708844134,153,,
2019,4,12,22,0,28,154,56.6,10.3,0,0,0,0,0,949.1,175.794149229347,5.90551674462936,162,,
2019,4,12,23,0,27.5,-158,54.2,10.6,0,0,0,0,0,949.1,182.141174033544,6.49575696129282,162,,
2019,4,13,0,0,27,-124,54,10.9,0,0,0,0,0,949.1,186.192311041105,6.16020614932149,154,,
2019,4,13,1,0,26.5,-108,43.6,11.1,0,0,0,0,0,949,181.201240728089,5.42223876827152,141,,
2019,4,13,2,0,26.1,-99,42.6,11.2,0,0,0,0,0,948.8,176.812634105906,4.1346814910431,128,,
2019,4,13,3,0,25.7,-92,43.3,11.2,0,0,0,0,0,948.7,175.476303752482,4.00846594175183,115,,
2019,4,13,4,0,25.7,-86,48.9,11.2,0,0,0,0,0,948.9,191.479473419681,3.41591907794158,101,,
2019,4,13,5,0,26.1,-80,39.3,11.1,23,0,6,0,0,949.2,242.567524834202,2.76401872503489,87,,
2019,4,13,6,0,26.6,-73,15.6,11,115,0,79,0,0,949.6,302.469994324697,2.69940310427436,74,,
2019,4,13,7,0,27.5,-64,16.3,10.8,200,0,180,0,0,949.7,295.888309870174,2.80933863274519,61,,
2019,4,13,8,0,28.9,-53,9.5,10.5,201,0,383,0,0,949.4,306.481221292554,3.11425373858323,50,,
2019,4,13,9,0,30.4,-37,14.1,10.2,294,1.34,378,73.27,0,949.1,302.315818891625,2.66712007024838,40,,
2019,4,13,10,0,31.6,-14,26.8,10.1,455,795.48,174,371.36,0,948.5,288.542772784976,3.93066290363242,34,,
2019,4,13,11,0,32.5,12,14.7,10.1,331,311.15,403,440.15,0,947.8,293.105346062258,3.1257308578511,34,,
2019,4,13,12,0,33.4,35,26.7,10.1,425,113.04,155,164.81,0,947.1,11.0734313624771,1.91057133642311,39,,
2019,4,13,13,0,33.8,52,36.6,10.1,390,27.69,27,296.61,0,946.7,68.6515737741774,3.09033194084911,49,,
2019,4,13,14,0,33.6,64,33.8,10.2,256,92.82,45,244.32,0,946.5,112.18453686824,4.34424943677723,60,,
2019,4,13,15,0,33.5,72,39.1,10.2,145,13.13,7,348.77,0,946.4,159.514320056015,5.64578153243438,73,,
2019,4,13,16,0,33,79,9.9,10.4,33,33.66,4,344.34,0,946.6,164.565712941015,8.36376004512126,86,,
2019,4,13,17,0,32.3,85,4,10.9,0,48.15,0,160.69,0,947,181.169603480938,9.79480249671612,100,,
2019,4,13,18,0,31.6,91,27,11.4,0,0,0,177.43,0,947.4,195.511250989517,8.60621780782682,113,,
2019,4,13,19,0,30.9,98,0.8,11.5,0,2.57,0,44.34,0,947.6,199.521529908475,8.44176905885343,127,,
2019,4,13,20,0,30.2,107,0,11.4,0,0,0,0,0,947.5,205.849800203554,7.77747742345531,140,,
2019,4,13,21,0,29.6,122,0.7,11.3,0,0,0,0,0,947.4,219.924048341121,6.45258393339477,153,,
2019,4,13,22,0,29,153,23,11.2,0,0,0,0,0,947.2,236.52670935903,5.11915347050245,162,,
2019,4,13,23,0,28.4,-157,24.2,11.1,0,0,0,0,0,946.9,260.786288701001,4.65435248620056,163,,
2019,4,14,0,0,27.9,-124,24.3,11,0,0,0,0,0,946.6,294.298812615982,5.10903408283058,154,,
2019,4,14,1,0,27.2,-108,23.7,11,0,0,0,0,0,946.4,303.842612893784,5.86461805523687,142,,
2019,4,14,2,0,26.4,-98,21.5,11.3,0,0,0,0,0,946.4,318.047304271657,6.13538557263122,128,,
2019,4,14,3,0,25.5,-91,20.8,11.5,0,0,0,0,0,946.3,320.878871240136,6.74212014032246,115,,
2019,4,14,4,0,25.5,-85,37.5,11.9,0,0,0,0,0,946.4,315.967867920356,5.40099011419931,101,,
2019,4,14,5,0,26.4,-79,21.5,12.6,21,0,11,0,0,946.6,313.468654231202,5.99600879573733,87,,
2019,4,14,6,0,27.3,-72,2,13.2,61,0,164,0,0,946.9,322.044792981798,5.44936911551115,74,,
2019,4,14,7,0,28.6,-64,0.8,13.4,87,0,358,0,0,946.9,318.049601712091,5.24171929257274,61,,
2019,4,14,8,0,30.2,-53,1.9,13.1,121,0,505,0,0,946.6,318.541139718003,4.2010408265091,50,,
2019,4,14,9,0,31.9,-37,3.7,12.8,165,598.45,582,144.56,0,946.4,335.45620370128,3.16057704283824,40,,
2019,4,14,10,0,33.3,-14,7.2,12.3,233,805.76,555,373.53,0,945.9,349.083354321874,2.72511871738839,34,,
2019,4,14,11,0,34.4,12,22.3,11.7,432,6.86,228,297.79,0,945.1,25.9202730442002,2.52766677552196,34,,
2019,4,14,12,0,35.4,35,33.4,11.1,471,32.97,48,415.51,0,944.3,42.327176190201,2.26126923764708,40,,
2019,4,14,13,0,35.6,52,26.6,10.7,367,39.1,103,381.47,0,943.9,83.2533428784857,1.02978656442801,49,,
2019,4,14,14,0,34.9,63,38.3,10.7,237,46.59,53,429.95,0,943.9,60.8583278567011,1.63620298870904,61,,
2019,4,14,15,0,34.3,72,58.7,10.8,99,72.94,0,305.14,0,943.9,24.4447319423633,2.08531757096411,73,,
2019,4,14,16,0,33.3,79,47.4,11,18,58.11,0,243.97,0,944.1,26.6321803060487,1.25402784732316,86,,
2019,4,14,17,0,32,85,30.2,11.5,0,53.99,0,389.02,0,944.6,3.8544661124555,1.2722480776034,100,,
2019,4,14,18,0,30.6,91,57.1,12,0,0.02,0,208.44,0,945.1,346.197107125832,1.58863809789981,114,,
2019,4,14,19,0,29.7,97,56.2,12.6,0,0,0,22.18,0,945.4,249.508897578873,1.58493526196072,127,,
2019,4,14,20,0,29.3,106,62,13.3,0,0,0,0,0,945.6,246.626414569066,2.95364237019024,141,,
2019,4,14,21,0,28.8,121,53.5,14,0,0,0,0,0,945.8,252.641118964763,3.31126792092056,153,,
2019,4,14,22,0,28.2,153,33.2,14.6,0,0,0,0,0,945.8,261.352166503266,3.27184795565744,163,,
2019,4,14,23,0,27.6,-157,31.6,15,0,0,0,0,0,945.7,273.848331582902,2.96795156544453,163,,
2019,4,15,0,0,27,-123,32.8,15.5,0,0,0,0,0,945.6,271.344845134065,3.16132600658352,154,,
2019,4,15,1,0,26.4,-107,1.2,15.9,0,0,0,0,0,945.5,267.328300021025,4.68894349913309,142,,
2019,4,15,2,0,25.8,-98,4.4,16.3,0,0,0,0,0,945.5,279.567720566275,5.031244898644,128,,
2019,4,15,3,0,25.3,-91,12.3,16.7,0,0,0,0,0,945.6,305.616658622712,5.48786654980298,115,,
2019,4,15,4,0,25.2,-85,0.9,17.1,0,0,0,0,0,945.9,323.30596788441,6.40661133108006,101,,
2019,4,15,5,0,25.4,-79,15.9,17.4,22,0,3,0,0,946.5,314.882260588022,8.04904351309776,88,,
2019,4,15,6,0,25.6,-72,63.4,17.7,72,0,0,0,0,947,312.774683589092,8.81239998824276,74,,
2019,4,15,7,0,26.2,-64,70.2,17.6,134,0,0,0,0,947.3,311.781278408773,7.47518098565569,62,,
2019,4,15,8,0,27.3,-52,51.8,17.1,308,0,0,0,0,947.2,320.06039235334,7.86127999260625,50,,
2019,4,15,9,0,28.3,-36,33.6,16.6,414,638.78,103,150.74,0,947.1,316.301713856419,8.50970464713654,40,,
2019,4,15,10,0,29.2,-14,26.8,16.2,450,39.35,170,250.36,0,946.6,300.905426526698,8.0625065871772,35,,
2019,4,15,11,0,30.1,12,40.2,15.9,497,935.27,12,603.3,0,945.7,321.33797150289,7.30905766409564,34,,
2019,4,15,12,0,30.9,35,27.7,15.6,428,979.78,137,770.43,0,944.8,330.421407385497,8.40406998815813,40,,
2019,4,15,13,0,31.3,51,13.2,15.3,240,1002.48,321,874.88,0,944.4,323.454382665142,10.3714392367466,49,,
2019,4,15,14,0,31.1,63,15.2,15.2,193,1009.93,199,907.51,0,944.3,341.384920902921,8.60245504896401,61,,
2019,4,15,15,0,31,71,10,15,95,1004.27,123,865.91,0,944.3,9.56263142168041,7.62124938947644,73,,
2019,4,15,16,0,30.5,78,23.9,15.2,29,983.21,7,753.15,0,944.6,11.744685755795,7.96350409820379,87,,
2019,4,15,17,0,29.7,84,24.3,16,0,936.57,0,577.19,0,945.3,10.4966293903804,4.84311011314761,100,,
2019,4,15,18,0,28.8,90,27.1,16.7,0,841.02,0,355.32,0,946,26.5502168395943,2.54222271088701,114,,
2019,4,15,19,0,28.1,97,0.9,16.8,0,590.75,0,115.39,0,946.4,13.5788419074853,2.80990884461345,127,,
2019,4,15,20,0,27.5,106,0,16.1,0,0,0,0,0,946.4,39.3477048511619,1.91561038622055,141,,
2019,4,15,21,0,26.8,121,0.3,15.5,0,0,0,0,0,946.5,94.0900987896023,1.24512872291448,153,,
2019,4,15,22,0,26.2,153,29.5,15,0,0,0,0,0,946.5,149.733186856431,3.060868611071,163,,
2019,4,15,23,0,25.7,-156,38.8,14.5,0,0,0,0,0,946.5,161.773222124554,3.0218618489376,163,,
2019,4,16,0,0,25.1,-122,39,14.1,0,0,0,0,0,946.6,180.456514684954,3.44052660364804,154,,
2019,4,16,1,0,24.6,-107,1.4,13.6,0,0,0,0,0,946.6,187.904778668576,5.28338188893204,142,,
2019,4,16,2,0,24,-97,6,13.1,0,0,0,0,0,946.6,173.466787786003,5.79824531972945,128,,
2019,4,16,3,0,23.5,-91,12.6,12.5,0,0,0,0,0,946.5,169.081927717144,7.63006927105957,115,,
2019,4,16,4,0,23.6,-85,0.4,12.6,0,0,0,0,0,946.9,162.851559093666,6.76951088951291,101,,
2019,4,16,5,0,24.5,-78,1.9,13.3,16,0,19,0,0,947.6,158.932343626917,5.83522046452974,88,,
2019,4,16,6,0,25.3,-72,0.6,14,46,0,185,0,0,948.3,162.239962996342,4.82766215191942,74,,
2019,4,16,7,0,26.4,-63,0.7,14.1,66,0,386,0,0,948.6,155.429281241886,5.82416888976092,62,,
2019,4,16,8,0,27.8,-52,0,13.6,68,0,580,0,0,948.5,156.196062880235,6.74561983472194,50,,
2019,4,16,9,0,29.1,-36,2.6,13.2,119,670.86,648,155.25,0,948.4,152.806024859754,7.16271334092643,41,,
2019,4,16,10,0,30.2,-14,5.2,12.7,169,879.91,650,398.98,0,948,156.025729941087,8.30613117990865,35,,
2019,4,16,11,0,31.2,12,3.3,12.3,136,962.07,703,616.24,0,947.2,153.874908283591,9.53642230004244,35,,
2019,4,16,12,0,32.2,35,7.1,11.9,187,1002.18,555,783.46,0,946.3,159.172776338889,12.3911812085959,40,,
2019,4,16,13,0,32.5,51,5.7,11.3,144,1021.29,482,886.55,0,945.9,154.864183965458,12.4776361997223,50,,
2019,4,16,14,0,32.2,63,2.3,10.6,83,1019.67,380,911.91,0,945.8,156.912533086062,12.8187111162791,61,,
2019,4,16,15,0,31.8,71,1.6,9.9,50,1004.66,198,862.43,0,945.8,162.216716001064,12.6217185387442,74,,
2019,4,16,16,0,31.2,78,1.5,9.7,17,974.48,27,743.25,0,946.2,166.52647334519,14.1981407101984,87,,
2019,4,16,17,0,30.1,84,0,10,0,922.55,0,565.75,0,947.1,169.575161448583,14.5475089019756,100,,
2019,4,16,18,0,29,90,0,10.3,0,820.52,0,344.49,0,947.9,171.189132422756,14.0473384618162,114,,
2019,4,16,19,0,27.9,97,0,9.9,0,560.98,0,108.43,0,948.4,174.17696533791,12.5438843769207,128,,
2019,4,16,20,0,26.6,105,0,8.9,0,0,0,0,0,948.6,177.088663425435,12.3701237233994,141,,
2019,4,16,21,0,25.4,120,0,7.8,0,0,0,0,0,948.7,183.63454562236,10.9778463047889,154,,
2019,4,16,22,0,24.4,152,7.3,7.3,0,0,0,0,0,948.8,190.080221684827,10.2469848715492,163,,
2019,4,16,23,0,23.6,-155,18.7,7.3,0,0,0,0,0,948.7,194.153458987803,10.0985752937951,164,,
2019,4,17,0,0,22.8,-121,30.5,7.3,0,0,0,0,0,948.6,190.60835227274,10.4431011691362,154,,
2019,4,17,1,0,22.2,-106,1.1,7.4,0,0,0,0,0,948.6,185.611526998756,10.5968298032682,142,,
2019,4,17,2,0,21.7,-97,6.8,7.6,0,0,0,0,0,948.7,188.20546328411,9.47528739801963,128,,
2019,4,17,3,0,21.2,-90,9.4,7.8,0,0,0,0,0,948.8,187.331338165472,8.42375979151957,115,,
2019,4,17,4,0,21.4,-84,0.2,8.1,0,0,0,0,0,949.3,182.1654875658,8.1735988886619,101,,
2019,4,17,5,0,22.3,-78,0,8.6,13,0,24,0,0,950.1,180.539806697815,7.87534951667662,88,,
2019,4,17,6,0,23.2,-71,0,9,45,0,189,0,0,950.9,187.194927056768,6.79951958220425,75,,
2019,4,17,7,0,24.6,-63,0,9.3,61,0,397,0,0,951.2,186.769780955539,6.16395497768146,62,,
2019,4,17,8,0,26.4,-52,0.5,9.5,78,0,568,0,0,951.2,180.493826600502,5.89458921333019,50,,
2019,4,17,9,0,28.2,-36,0.6,9.7,88,620.28,695,144.53,0,951.1,174.631005283374,5.34361833646387,41,,
2019,4,17,10,0,29.7,-13,0,9.7,89,829.33,769,377,0,950.6,167.871719069564,6.54446627874273,35,,
2019,4,17,11,0,30.8,12,0,9.7,88,915.21,771,586.74,0,949.6,173.429317288511,6.11031041827543,35,,
2019,4,17,12,0,31.9,35,0,9.6,83,958,706,749.01,0,948.7,181.621519625317,5.24405747725065,41,,
2019,4,17,13,0,32.4,51,0.7,9.6,84,978.71,564,849.26,0,948.1,193.759800118772,5.87924979428668,50,,
2019,4,17,14,0,32.3,62,0.7,9.4,71,984.35,389,879.21,0,947.9,192.384247061976,6.86627167453369,61,,
2019,4,17,15,0,32.1,71,4.7,9.3,71,976.05,158,836.08,0,947.7,194.3019471701,8.6021263668487,74,,
2019,4,17,16,0,31.5,78,8.7,9.5,26,951.54,7,723.51,0,947.9,199.23678184112,9.20086165833644,87,,
2019,4,17,17,0,30.4,84,0,10.1,0,386.15,0,449.36,0,948.5,200.542017872634,8.20481292571978,101,,
2019,4,17,18,0,29.3,90,0.4,10.8,0,800.75,0,334.09,0,949.1,200.169094102125,8.41786770625278,114,,
2019,4,17,19,0,28.4,96,39,10.7,0,0,0,35.67,0,949.4,204.158833685983,7.39714768652676,128,,
2019,4,17,20,0,27.7,105,39.8,10,0,0,0,0,0,949.3,205.692267193418,6.63149141186745,141,,
2019,4,17,21,0,27.1,120,43.8,9.3,0,0,0,0,0,949.2,201.856595702306,6.97741968931185,154,,
2019,4,17,22,0,26.6,152,31.8,9,0,0,0,0,0,949.1,204.288754911042,6.85614222543254,164,,
2019,4,17,23,0,26.3,-155,28.9,9,0,0,0,0,0,948.8,197.389484560124,6.83505025285511,164,,
2019,4,18,0,0,26,-121,30.9,9,0,0,0,0,0,948.5,191.600516659477,6.17622745780091,155,,
2019,4,18,1,0,25.7,-105,30,9.1,0,0,0,0,0,948.2,179.727270016986,7.44854424550192,142,,
2019,4,18,2,0,25.4,-96,31.6,9.3,0,0,0,0,0,948.1,174.791536939761,7.57733392889722,129,,
2019,4,18,3,0,25.1,-90,34.5,9.4,0,0,0,0,0,948,170.550552613412,7.21078053028719,115,,
2019,4,18,4,0,25.5,-84,42.6,9.9,0,0,0,0,0,948.1,172.868355441419,7.83399907427225,101,,
2019,4,18,5,0,26.7,-78,22.9,10.8,21,0,9,0,0,948.6,172.073174913644,7.6195881396217,88,,
2019,4,18,6,0,27.8,-71,13.1,11.6,96,0,100,0,0,949.2,171.056258903361,7.23637520680899,75,,
2019,4,18,7,0,29.1,-63,2.7,11.8,90,0,341,0,0,949.3,172.103985530052,6.19912278993281,62,,
2019,4,18,8,0,30.4,-51,1.1,11.4,99,0,523,0,0,949,173.014401623539,6.16675612169115,51,,
2019,4,18,9,0,31.7,-35,0.7,11.1,103,0,658,49.42,0,948.7,181.059899848627,7.1923838813325,41,,
2019,4,18,10,0,32.7,-13,0.2,10.9,102,0,734,201.63,0,948.1,173.980194132706,6.59043118391073,36,,
2019,4,18,11,0,33.4,12,9,11,242,49.57,522,225.89,0,947.2,179.742866529244,8.63239350476441,35,,
2019,4,18,12,0,34.1,34,18.3,11.1,318,43.75,314,352.32,0,946.2,192.489942698728,9.98970177944065,41,,
2019,4,18,13,0,34.2,51,24.5,11,324,515.96,157,720.01,0,945.7,192.261068234667,11.2403053034253,50,,
2019,4,18,14,0,33.9,62,43.7,10.9,247,988.49,5,879.09,0,945.5,194.141294092936,12.1371729073788,62,,
2019,4,18,15,0,33.5,71,52.7,10.7,108,980.03,0,835.53,0,945.4,191.191083564697,14.1316442816207,74,,
2019,4,18,16,0,32.9,77,43,11,17,955.32,0,722.41,0,945.5,190.845706249071,14.4730706032813,87,,
2019,4,18,17,0,31.9,83,48,11.7,0,905.73,0,549.27,0,945.8,192.787404043411,14.7926920601231,101,,
2019,4,18,18,0,30.9,89,60.4,12.4,0,804.87,0,332.36,0,946.2,193.371145274417,14.7995714005648,114,,
2019,4,18,19,0,30.1,96,47,12.4,0,539.8,0,100.58,0,946.4,194.086057662054,14.9936003339078,128,,
2019,4,18,20,0,29.4,104,43.3,11.7,0,0,0,0,0,946.4,198.369803197761,16.8710381630085,141,,
2019,4,18,21,0,28.7,119,42.7,11,0,0,0,0,0,946.5,204.813023326694,16.6802328840895,154,,
2019,4,18,22,0,28,152,32.5,10.6,0,0,0,0,0,946.5,197.613910559094,15.1802586183989,164,,
2019,4,18,23,0,27.3,-154,29,10.6,0,0,0,0,0,946.6,198.363613807804,16.6154930560094,164,,
2019,4,19,0,0,26.5,-120,28.7,10.6,0,0,0,0,0,946.6,200.8111523664,15.38263776466,155,,
2019,4,19,1,0,25.8,-105,30.1,10.7,0,0,0,0,0,946.7,196.910862565361,14.7878406061507,142,,
2019,4,19,2,0,25,-96,31.8,10.8,0,0,0,0,0,946.7,193.695209146144,13.2841157286878,129,,
2019,4,19,3,0,24.2,-89,26.7,10.9,0,0,0,0,0,946.8,189.133264243713,12.3558454049176,115,,
2019,4,19,4,0,24,-83,26.5,11.3,0,0,0,0,0,947.1,187.670660827374,12.2344780312296,101,,
2019,4,19,5,0,24.2,-77,38,12,14,0,15,0,0,947.6,191.843044101646,12.6960591305544,88,,
2019,4,19,6,0,24.4,-71,0.4,12.7,56,0,163,0,0,948.1,197.89336680872,12.1421410806811,75,,
2019,4,19,7,0,25.1,-62,0,12.4,76,0,364,0,0,948.3,199.830483871581,10.3980330450493,62,,
2019,4,19,8,0,26.3,-51,0.5,11.2,95,0,531,0,0,948.2,202.369718292047,10.3873021994594,51,,
2019,4,19,9,0,27.4,-35,0.8,10,107,615.88,653,140.97,0,948.1,198.372672495381,10.1011509337888,41,,
2019,4,19,10,0,28.4,-13,0,9.3,98,830.55,743,373.53,0,947.7,199.791256771737,9.92234826739112,36,,
2019,4,19,11,0,29.1,12,5.2,9,186,917.93,613,583.39,0,947,201.44129734978,10.2695776884679,36,,
2019,4,19,12,0,29.9,34,4.5,8.8,165,961.64,574,745.83,0,946.3,191.735841489174,11.4267351014115,41,,
2019,4,19,13,0,30,50,0.1,8.4,85,518.17,554,718.13,0,945.8,183.080169062152,11.4818682192914,50,,
2019,4,19,14,0,29.5,62,1.1,7.9,82,987.3,366,874.6,0,945.7,181.818225727054,12.6829257626551,62,,
2019,4,19,15,0,29,70,5.9,7.4,74,500.24,146,699.94,0,945.6,183.758654064824,14.602319516174,74,,
2019,4,19,16,0,28.1,77,4,7.1,21,443.66,13,597.75,0,946,183.694162822298,15.3447514622142,87,,
2019,4,19,17,0,26.7,83,5.9,6.9,0,900.05,0,542.64,0,946.9,188.182980357235,17.8698084177151,101,,
2019,4,19,18,0,25.4,89,30.9,6.7,0,796.74,0,326.32,0,947.8,191.71067366152,19.5957532305787,115,,
2019,4,19,19,0,24,95,30.2,6.1,0,525.64,0,96.31,0,948.4,192.072476117165,19.7455426690493,128,,
2019,4,19,20,0,22.5,104,28.4,5.1,0,0,0,0,0,948.8,193.724191246628,19.5143929435325,142,,
2019,4,19,21,0,21,119,28.8,4.2,0,0,0,0,0,949.2,195.06377015946,19.0614391042774,154,,
2019,4,19,22,0,19.8,151,31.6,3.5,0,0,0,0,0,949.4,201.844986406623,19.0136892938475,164,,
2019,4,19,23,0,18.9,-153,25.3,3.2,0,0,0,0,0,949.5,200.338676889963,18.1303449531307,164,,
2019,4,20,0,0,18,-119,28.9,2.8,0,0,0,0,0,949.6,199.68003086982,18.3406869482016,155,,
2019,4,20,1,0,17.2,-104,8.2,2.5,0,0,0,0,0,949.7,199.535230728708,16.426185734835,142,,
2019,4,20,2,0,16.5,-96,5.7,2.2,0,0,0,0,0,949.8,200.086328148973,15.9465370080336,129,,
2019,4,20,3,0,15.8,-89,6.7,1.8,0,0,0,0,0,949.9,199.426524252764,15.5617537535046,115,,
2019,4,20,4,0,15.5,-83,1.7,1.9,0,0,0,0,0,950.4,198.311859502699,14.9565905463487,101,,
2019,4,20,5,0,15.6,-77,18.2,2.2,20,0,10,0,0,951.2,198.181384301026,13.9462897029482,88,,
2019,4,20,6,0,15.7,-70,2.8,2.5,56,0,176,0,0,952.1,195.418016265718,14.1052075240513,75,,
2019,4,20,7,0,16.8,-62,3,1.8,89,0,368,0,0,952.5,194.857621672479,13.3445532878671,62,,
2019,4,20,8,0,18.7,-51,11.4,0,214,0,380,0,0,952.5,192.078063520857,13.1425393613211,51,,
2019,4,20,9,0,20.5,-35,8.5,-1.7,205,148.37,543,71.39,0,952.5,188.246969021881,13.1277115099332,42,,
2019,4,20,10,0,22.2,-13,6,-3.1,176,67.61,664,46.24,0,952,193.752452723274,17.6469907326935,36,,
2019,4,20,11,0,23.5,12,5.5,-4.1,167,67.69,679,181.76,0,951.2,193.178502650667,21.0751300100732,36,,
2019,4,20,12,0,24.9,34,4.2,-5.1,135,196.71,654,569.51,0,950.3,189.915563202048,23.1825466837806,42,,
2019,4,20,13,0,25.4,50,9.8,-5.9,179,251.79,440,602.25,0,949.8,193.000231035566,23.180392435747,51,,
2019,4,20,14,0,25,61,13.9,-6.4,181,985.63,235,869.72,0,949.7,192.628831915769,22.9578347086913,62,,
2019,4,20,15,0,24.6,70,22,-7,124,975.48,76,824.64,0,949.5,192.121981516014,20.0890148253028,75,,
2019,4,20,16,0,23.7,77,4.1,-6.8,20,98.4,17,418.08,0,950,193.773909568446,20.1944068134341,88,,
2019,4,20,17,0,22.2,83,0,-5.9,0,128.01,0,400.29,0,951,188.739394479881,19.7926677106732,101,,
2019,4,20,18,0,20.7,89,0,-5.1,0,796.05,0,322.95,0,952,186.648941673742,19.4671914087405,115,,
2019,4,20,19,0,19.4,95,0,-4.9,0,14.13,0,33.89,0,952.6,191.971789692418,18.8519212924292,128,,
2019,4,20,20,0,18.3,104,0,-5.5,0,0,0,0,0,952.7,194.893811935536,17.7210966081605,142,,
2019,4,20,21,0,17.2,118,0.1,-6.1,0,0,0,0,0,952.9,194.874673460773,17.9256257141612,155,,
2019,4,20,22,0,16.2,151,9.5,-6.3,0,0,0,0,0,952.9,192.499533290779,17.0731698694321,165,,
2019,4,20,23,0,15.5,-152,0.5,-6.1,0,0,0,0,0,952.9,199.059752125466,15.8990203126945,165,,
2019,4,21,0,0,14.7,-118,2.9,-5.9,0,0,0,0,0,952.9,201.481935244616,15.8841189709405,155,,
2019,4,21,1,0,14,-104,0.3,-5.8,0,0,0,0,0,952.9,200.371877033795,15.1044583362281,142,,
2019,4,21,2,0,13.5,-95,0,-5.8,0,0,0,0,0,952.9,202.310015929548,14.5200314239019,129,,
2019,4,21,3,0,12.9,-89,0,-5.8,0,0,0,0,0,952.9,207.226632429958,13.9868182655685,115,,
2019,4,21,4,0,12.9,-83,0,-5.4,0,0,0,0,0,953.1,208.978011122697,12.5558338732587,102,,
2019,4,21,5,0,13.6,-77,0,-4.6,11,0,26,0,0,953.6,215.843844293719,12.3890502106742,88,,
2019,4,21,6,0,14.3,-70,0,-3.9,37,0,208,0,0,954,211.084177897723,11.8725440422852,75,,
2019,4,21,7,0,15.6,-61,0,-4,47,0,434,0,0,954.2,192.402643601153,10.4230753611679,62,,
2019,4,21,8,0,17.7,-50,0.2,-5,55,0,624,0,0,954.1,190.556790822729,10.6610813737652,51,,
2019,4,21,9,0,19.7,-34,0.1,-5.9,54,622.24,769,139.35,0,954,185.918781988305,10.9097677285477,42,,
2019,4,21,10,0,21.6,-13,0,-6.7,53,839.71,846,373.1,0,953.5,181.019302088221,11.4235906943003,36,,
2019,4,21,11,0,23.3,12,0,-7.4,53,927.56,846,583.9,0,952.6,186.407928812538,12.4641980825269,36,,
2019,4,21,12,0,25,34,0,-8,52,971.24,772,746.78,0,951.6,192.526479112346,12.5561958190094,42,,
2019,4,21,13,0,25.6,50,0,-8.5,50,992.61,631,847.24,0,951.1,185.239607834857,11.0024760910853,51,,
2019,4,21,14,0,25.3,61,0,-8.8,46,997.81,437,876.11,0,950.9,187.614340376149,10.7659771240268,62,,
2019,4,21,15,0,25.1,70,0,-9,36,989.06,213,831.53,0,950.7,189.312020791502,12.000981592719,75,,
2019,4,21,16,0,24.1,76,0,-8.8,11,963.95,28,717.24,0,950.9,192.146243884937,11.6784630753397,88,,
2019,4,21,17,0,22.5,82,0,-8.1,0,915.42,0,543.87,0,951.6,200.405914237362,11.247874991944,101,,
2019,4,21,18,0,20.9,88,0,-7.4,0,813.66,0,325.96,0,952.2,204.258424141682,11.2374952027563,115,,
2019,4,21,19,0,19.6,95,0,-7.2,0,535.65,0,93.11,0,952.6,205.154902718422,11.4309399817101,129,,
2019,4,21,20,0,18.6,103,0,-7.3,0,0,0,0,0,952.7,208.094912241881,11.6447747013422,142,,
2019,4,21,21,0,17.6,117,0,-7.5,0,0,0,0,0,952.7,215.288889110894,11.5754537214753,155,,
2019,4,21,22,0,16.9,151,0,-7.3,0,0,0,0,0,952.7,216.400382499026,11.5785269166268,165,,
2019,4,21,23,0,16.3,-152,0,-6.8,0,0,0,0,0,952.5,218.503473442005,11.2749724151423,165,,
2019,4,22,0,0,15.7,-118,0,-6.4,0,0,0,0,0,952.3,214.669589179525,9.73107602425965,155,,
2019,4,22,1,0,15.1,-103,0,-5.9,0,0,0,0,0,952.2,228.300059501728,8.79526825553492,142,,
2019,4,22,2,0,14.6,-95,0,-5.3,0,0,0,0,0,952.2,231.8292481137,7.79184733601515,129,,
2019,4,22,3,0,14.1,-88,0,-4.8,0,0,0,0,0,952.2,236.318551458368,8.14067158747498,115,,
2019,4,22,4,0,14.4,-82,0,-3.9,0,0,0,0,0,952.4,244.100749916591,9.52338463888268,102,,
2019,4,22,5,0,15.4,-76,0,-2.8,10,0,25,0,0,952.8,237.506966403172,8.95785256343471,88,,
2019,4,22,6,0,16.5,-70,0,-1.8,36,0,203,0,0,953.2,218.470430823406,7.71814470177862,75,,
2019,4,22,7,0,18.1,-61,0,-1.7,46,0,425,0,0,953.2,210.172227464814,8.6436404092216,63,,
2019,4,22,8,0,20.2,-50,0.2,-2.6,55,0,612,0,0,952.9,199.836231287328,9.26849968227035,51,,
2019,4,22,9,0,22.3,-34,0.6,-3.6,63,636.8,743,140.49,0,952.6,198.41701053771,9.95504969907824,42,,
2019,4,22,10,0,24.2,-12,0,-4.1,55,856.64,828,377.53,0,952.1,198.308218477674,10.3972848668517,37,,
2019,4,22,11,0,25.8,12,0,-4.3,56,944.43,827,590.82,0,951.2,197.988132959285,11.3228242720667,37,,
2019,4,22,12,0,27.5,34,0,-4.5,55,987.98,754,755.46,0,950.4,200.936581977452,11.3044714165923,42,,
2019,4,22,13,0,28.3,50,0,-4.5,52,1009.39,616,856.98,0,950,206.880333110102,11.5260564858878,51,,
2019,4,22,14,0,28.1,61,0,-4.4,47,1013.31,424,884.98,0,949.9,204.515264214531,10.7710723420527,63,,
2019,4,22,15,0,28,69,0,-4.2,36,1003.49,204,838.88,0,949.8,207.408498504618,10.7267660461255,75,,
2019,4,22,16,0,26.9,76,0,-3.7,11,977.45,26,722.61,0,950.1,213.039800061057,10.646729262273,88,,
2019,4,22,17,0,24.9,82,0,-2.9,0,927.88,0,546.89,0,950.8,210.057780589882,10.0453268181744,101,,
2019,4,22,18,0,22.9,88,0,-2.1,0,824.44,0,326.47,0,951.4,207.96411095714,9.61370333667639,115,,
2019,4,22,19,0,21.5,94,0,-1.9,0,539.87,0,91.37,0,951.8,216.070672235047,9.427594033228,129,,
2019,4,22,20,0,20.7,103,0,-2.1,0,0,0,0,0,952,221.827143826151,9.32478728316151,142,,
2019,4,22,21,0,20,117,0,-2.4,0,0,0,0,0,952.1,219.374808737944,9.18077096511499,155,,
2019,4,22,22,0,19.4,150,0,-2.3,0,0,0,0,0,952.1,215.446083278185,9.69933616323049,165,,
2019,4,22,23,0,18.9,-151,0,-1.9,0,0,0,0,0,952,210.580484634381,9.18289816301705,165,,
2019,4,23,0,0,18.4,-117,0,-1.5,0,0,0,0,0,951.9,204.918498186983,9.53975102796028,155,,
2019,4,23,1,0,17.9,-103,0,-1.2,0,0,0,0,0,951.8,191.280067311561,6.32875638862731,142,,
2019,4,23,2,0,17.4,-94,0,-1,0,0,0,0,0,951.8,178.235070490494,6.46761303263041,129,,
2019,4,23,3,0,17,-88,0,-0.7,0,0,0,0,0,951.7,170.884960738224,6.7808007176891,115,,
2019,4,23,4,0,17.3,-82,0,-0.2,0,0,0,0,0,951.8,167.742905445874,7.4150050950623,102,,
2019,4,23,5,0,18.5,-76,0,0.6,10,0,24,0,0,952.2,166.908980889125,8.15716720686775,88,,
2019,4,23,6,0,19.6,-69,0,1.3,36,0,196,0,0,952.5,164.433347111946,8.19497065147477,75,,
2019,4,23,7,0,21.4,-61,0,1.6,48,0,412,0,0,952.6,161.78546552099,7.36078598621013,63,,
2019,4,23,8,0,23.9,-49,0.7,1.3,66,0,583,0,0,952.5,164.463048880943,8.0355950032893,52,,
2019,4,23,9,0,26.4,-34,1.7,1,87,636.38,693,138.97,0,952.3,163.712769209692,8.92849447798069,42,,
2019,4,23,10,0,28.2,-12,0,0.9,60,857.15,806,375.63,0,951.8,161.661567091564,9.3991207050209,37,,
2019,4,23,11,0,29.4,12,1.3,0.8,84,944.8,770,588.43,0,950.9,156.560732705703,10.9802625623887,37,,
2019,4,23,12,0,30.5,33,0,0.8,59,987.98,733,752.45,0,950.1,160.546560488653,11.9644555144286,42,,
2019,4,23,13,0,31,49,0.6,0.6,64,1008.98,584,853.3,0,949.6,161.979696979988,12.1220354922582,52,,
2019,4,23,14,0,30.7,61,0.8,0.5,55,1013.49,400,881.51,0,949.6,168.483612679336,14.303308353686,63,,
2019,4,23,15,0,30.5,69,2.8,0.3,50,1004.22,174,835.71,0,949.6,168.059855385254,15.2954735795242,75,,
2019,4,23,16,0,29.5,76,2.2,0.5,14,978.7,18,719.73,0,950,167.1422044589,15.8184240281025,88,,
2019,4,23,17,0,27.9,82,0.9,1.1,0,928.8,0,543.83,0,950.8,164.09522536708,16.9211592653745,102,,
2019,4,23,18,0,26.3,88,6,1.7,0,824.32,0,323.3,0,951.6,164.93514044497,17.5399408655008,115,,
2019,4,23,19,0,25,94,0.2,1.8,0,534.38,0,88.45,0,952,171.46523360083,15.7641167441083,129,,
2019,4,23,20,0,24,102,0,1.2,0,0,0,0,0,952,174.781192565167,15.6309499101961,142,,
2019,4,23,21,0,23.1,116,0,0.7,0,0,0,0,0,952.1,175.138711982917,15.6733379652705,155,,
2019,4,23,22,0,22.3,150,0,0.5,0,0,0,0,0,952.1,177.491558504458,16.4181448654999,166,,
2019,4,23,23,0,21.7,-150,0,0.6,0,0,0,0,0,952.1,179.553818656911,18.5393026797974,166,,
2019,4,24,0,0,21.2,-116,0,0.6,0,0,0,0,0,952.1,179.40397220218,18.7623429823647,155,,
2019,4,24,1,0,20.7,-102,0,0.7,0,0,0,0,0,952.2,180.542709337699,16.0910025229851,143,,
2019,4,24,2,0,20.2,-94,0,0.6,0,0,0,0,0,952.2,181.935755363459,14.1096604407354,129,,
2019,4,24,3,0,19.8,-88,0,0.5,0,0,0,0,0,952.2,182.595120693215,13.2870182836675,115,,
2019,4,24,4,0,20.2,-82,0,0.6,0,0,0,0,0,952.6,184.47714728144,12.5107632505128,102,,
2019,4,24,5,0,21.5,-76,0,0.8,10,0,22,0,0,953.1,184.218091684675,11.5781447126236,88,,
2019,4,24,6,0,22.8,-69,0,1,37,0,189,0,0,953.7,183.138288965693,10.9890674745442,75,,
2019,4,24,7,0,24.4,-60,0,1.1,49,0,401,0,0,953.9,181.693881229437,10.1762297963616,63,,
2019,4,24,8,0,26.4,-49,0,1,56,0,586,0,0,953.7,178.401504334446,9.80059693740184,52,,
2019,4,24,9,0,28.3,-33,0.3,0.9,64,627.33,713,135.99,0,953.5,177.502063268365,10.3065764078956,43,,
2019,4,24,10,0,29.7,-12,0,1,64,278.11,785,283.05,0,953,175.435740814986,11.5835176818027,37,,
2019,4,24,11,0,30.6,12,0,1.1,65,375.26,785,476.26,0,952.2,173.01066818958,12.7114182961142,37,,
2019,4,24,12,0,31.4,33,0,1.3,62,976.87,715,741.8,0,951.5,178.74987583805,13.9718916193669,43,,
2019,4,24,13,0,31.6,49,0,1.2,56,214.16,584,602.79,0,951.1,181.16690866864,14.5731968252439,52,,
2019,4,24,14,0,31.1,60,0,0.8,50,571.84,398,751.54,0,951.2,182.761892655794,15.5648630597448,63,,
2019,4,24,15,0,30.6,69,0,0.4,39,353.9,186,636.82,0,951.2,184.605162805074,16.2516618408314,75,,
2019,4,24,16,0,29.6,76,0,0.2,10,484.02,21,605.11,0,951.5,183.586248890974,16.6180655628403,88,,
2019,4,24,17,0,28,82,0,0.1,0,914.09,0,532.75,0,951.9,187.727636610365,16.5047827413743,102,,
2019,4,24,18,0,26.5,87,0,0,0,81.56,0,211.83,0,952.4,188.735143823037,16.5941537448142,115,,
2019,4,24,19,0,25.2,94,0,-0.1,0,512.9,0,83.71,0,952.7,188.112812111707,16.0860555793204,129,,
2019,4,24,20,0,24.3,102,0,-0.4,0,0,0,0,0,952.7,188.761448809295,16.0576177140394,143,,
2019,4,24,21,0,23.3,116,0,-0.7,0,0,0,0,0,952.8,191.016121469079,15.6826106952841,156,,
2019,4,24,22,0,22.5,150,0,-0.7,0,0,0,0,0,952.8,194.863528275762,15.2757463133913,166,,
2019,4,24,23,0,21.9,-149,0,-0.4,0,0,0,0,0,952.7,197.6127030434,15.0931021174488,166,,
2019,4,25,0,0,21.3,-115,0,-0.1,0,0,0,0,0,952.7,199.607762037728,14.9475446633235,156,,
2019,4,25,1,0,20.7,-102,0,0.2,0,0,0,0,0,952.6,197.976759302466,12.3565080238144,143,,
2019,4,25,2,0,20.2,-93,0,0.7,0,0,0,0,0,952.5,201.00840253783,11.6070703534808,129,,
2019,4,25,3,0,19.7,-87,0,1.3,0,0,0,0,0,952.5,199.213060995494,10.7922677263846,115,,
2019,4,25,4,0,19.9,-81,0,2,0,0,0,0,0,952.6,194.742015692268,10.2553535708166,102,,
2019,4,25,5,0,21,-75,0,2.9,10,0,21,0,0,953,190.791825084195,9.63904236009783,88,,
2019,4,25,6,0,22,-69,0,3.8,39,0,184,0,0,953.3,190.494027358657,8.38624799904838,75,,
2019,4,25,7,0,23.5,-60,0,4.4,52,0,394,0,0,953.3,188.215580177286,8.93932791844178,63,,
2019,4,25,8,0,25.6,-49,0,4.9,58,0,578,0,0,953.1,188.092519945378,8.35254454333966,52,,
2019,4,25,9,0,27.6,-33,0,5.3,62,619.11,712,133.17,0,952.8,184.224652927001,8.16655985913528,43,,
2019,4,25,10,0,29.1,-12,0,5,63,842.58,782,365.99,0,952.3,186.711995217776,9.65977215357477,38,,
2019,4,25,11,0,29.9,12,0,4.2,63,931.41,782,575.87,0,951.5,190.892250219749,10.481595259322,38,,
2019,4,25,12,0,30.8,33,0,3.3,62,974.99,710,737.52,0,950.7,193.57813342146,10.7654313847703,43,,
2019,4,25,13,0,30.9,49,0.6,2.8,66,996,564,836.65,0,950.3,194.398546902667,10.9488015155219,52,,
2019,4,25,14,0,30.4,60,0,2.6,50,1000.23,392,863.87,0,950.2,193.832628771778,11.1749658021166,63,,
2019,4,25,15,0,30,69,0,2.4,37,990.37,182,817.89,0,950.2,191.8346519249,10.7231797971849,76,,
2019,4,25,16,0,29.1,75,0,2.5,10,963.83,20,702.62,0,950.4,189.711540206909,10.5128547380247,89,,
2019,4,25,17,0,27.8,81,0,3,0,912.22,0,528.38,0,950.9,191.96851485864,11.0755512745801,102,,
2019,4,25,18,0,26.5,87,0,3.5,0,804.32,0,310.63,0,951.3,198.234988665955,10.5976176549244,116,,
2019,4,25,19,0,25.4,93,0,3.8,0,503.39,0,80.51,0,951.7,197.867661310042,9.84086910237206,129,,
2019,4,25,20,0,24.5,101,0,3.9,0,0,0,0,0,952.1,198.398213438869,9.55374912702961,143,,
2019,4,25,21,0,23.6,115,0,4.1,0,0,0,0,0,952.4,197.822753817358,9.02178306162482,156,,
2019,4,25,22,0,22.9,149,0,4.2,0,0,0,0,0,952.5,197.86947684617,8.65472142056125,166,,
2019,4,25,23,0,22.2,-149,0,4.2,0,0,0,0,0,952.5,197.471000349664,8.16886350494813,166,,
2019,4,26,0,0,21.6,-115,0,4.2,0,0,0,0,0,952.4,201.012751109101,8.50606521107083,156,,
2019,4,26,1,0,20.9,-101,0,4.1,0,0,0,0,0,952.4,200.787822656302,10.0141075132503,143,,
2019,4,26,2,0,20.3,-93,0,4,0,0,0,0,0,952.4,194.470369175327,9.39488535089123,129,,
2019,4,26,3,0,19.7,-87,0,3.8,0,0,0,0,0,952.4,194.606728992001,9.52646558628188,116,,
2019,4,26,4,0,19.8,-81,0,4,0,0,0,0,0,952.6,195.259695316767,8.83071660506044,102,,
2019,4,26,5,0,20.6,-75,0,4.3,9,0,21,0,0,953.1,193.220963157303,8.52267402039644,89,,
2019,4,26,6,0,21.5,-68,0,4.7,35,0,185,0,0,953.5,189.793101229905,7.78522632935991,76,,
2019,4,26,7,0,22.7,-60,0,5.2,47,0,396,0,0,953.7,182.017308835478,7.10198879997749,63,,
2019,4,26,8,0,24.4,-48,0,5.8,52,0,580,0,0,953.5,178.436264029842,7.29950144147874,52,,
2019,4,26,9,0,26.1,-33,0,6.5,56,614.33,712,130.95,0,953.4,180.781899256515,7.44586784214621,43,,
2019,4,26,10,0,27.2,-12,0,6.5,59,842.63,778,363.92,0,952.9,183.684080411863,8.20811527520272,38,,
2019,4,26,11,0,28,12,0,5.8,59,933.38,777,574.36,0,952.1,185.979039608237,8.88789433249222,38,,
2019,4,26,12,0,28.7,33,0,5.1,58,978.45,706,736.89,0,951.3,184.482672271107,9.54454565093138,43,,
2019,4,26,13,0,28.8,49,0,4.6,53,1000.83,574,837.02,0,950.9,187.511207838024,9.32194626767387,52,,
2019,4,26,14,0,28.3,60,0,4.2,47,1005.13,389,864.2,0,950.8,193.185483480561,9.58830260130339,63,,
2019,4,26,15,0,27.7,68,0,3.8,36,995.39,179,818.03,0,950.8,192.450493341357,9.45630215739608,76,,
2019,4,26,16,0,26.8,75,0,3.5,9,968.99,19,702.42,0,951,189.377073485719,9.6123608507754,89,,
2019,4,26,17,0,25.6,81,0,3.4,0,917.81,0,527.85,0,951.5,193.428279196971,10.1923863547322,102,,
2019,4,26,18,0,24.4,87,0,3.2,0,809.75,0,309.44,0,952.1,204.596756230864,11.0361424672209,116,,
2019,4,26,19,0,23.4,93,0,3,0,503.66,0,78.49,0,952.4,205.09427667895,12.2970301156589,129,,
2019,4,26,20,0,22.6,101,0,2.9,0,0,0,0,0,952.7,204.198046523419,11.2754466766563,143,,
2019,4,26,21,0,21.7,114,0,2.8,0,0,0,0,0,952.9,205.082365919814,10.303090873682,156,,
2019,4,26,22,0,21,149,0,2.7,0,0,0,0,0,953.1,206.439661498443,10.0811245884616,166,,
2019,4,26,23,0,20.5,-148,0,2.5,0,0,0,0,0,953.1,207.556738862197,10.124460923068,166,,
2019,4,27,0,0,19.9,-114,0,2.3,0,0,0,0,0,953.2,208.700692279832,9.94809153252025,156,,
2019,4,27,1,0,19.4,-100,0,2.1,0,0,0,0,0,953.3,208.690505760763,8.66467131930236,143,,
2019,4,27,2,0,18.9,-93,0,2,0,0,0,0,0,953.4,204.749155285384,7.76311559903839,129,,
2019,4,27,3,0,18.3,-86,0,1.8,0,0,0,0,0,953.5,203.425512068301,7.42842084178669,116,,
2019,4,27,4,0,18.5,-81,0,2.2,0,0,0,0,0,953.7,195.685763160132,6.74725353652792,102,,
2019,4,27,5,0,19.4,-75,0,3.1,9,0,20,0,0,954.2,183.482326901163,6.55889347515246,89,,
2019,4,27,6,0,20.2,-68,0,4,37,0,182,0,0,954.6,178.490581758655,6.67409886893019,76,,
2019,4,27,7,0,21.5,-59,0,4.2,51,0,390,0,0,954.7,166.673393923533,6.72795374813964,63,,
2019,4,27,8,0,23.3,-48,0,3.8,59,0,573,0,0,954.4,166.401429416469,6.81193875463833,52,,
2019,4,27,9,0,25,-32,0.2,3.4,68,623.02,700,130.92,0,954,168.250382834164,7.50073007584128,44,,
2019,4,27,10,0,26.3,-12,0,2.9,65,851.44,775,365.08,0,953.4,174.229789561226,8.00510573484895,38,,
2019,4,27,11,0,27.2,12,0,2.4,65,941.79,775,576.36,0,952.5,179.945232535851,8.41374439100948,38,,
2019,4,27,12,0,28.1,33,0,1.9,63,986.33,705,739.23,0,951.5,184.324227638283,9.16644279140037,44,,
2019,4,27,13,0,28.4,48,0,1.7,60,1008.66,570,839.64,0,951,189.175740801198,10.6557222731084,53,,
2019,4,27,14,0,28,60,0,1.5,52,1012.16,386,866.16,0,950.9,186.703849977619,10.6388934482003,64,,
2019,4,27,15,0,27.6,68,0,1.4,38,1002.13,177,819.43,0,950.9,185.828074656444,10.4994453943929,76,,
2019,4,27,16,0,26.8,75,0,1.7,9,975.46,19,703.06,0,951,189.147331383636,11.5966727596715,89,,
2019,4,27,17,0,25.7,81,0,2.4,0,923.86,0,527.56,0,951.4,193.216538924438,12.2502780114081,102,,
2019,4,27,18,0,24.5,86,0,3.2,0,814.72,0,308.12,0,951.8,197.77729969632,11.9123768645086,116,,
2019,4,27,19,0,23.5,92,0,3.4,0,502.35,0,76.33,0,952.1,195.464156304199,12.3369791905869,130,,
2019,4,27,20,0,22.7,100,0,3.2,0,0,0,0,0,952.2,192.695649537987,13.2613558393166,143,,
2019,4,27,21,0,21.8,114,0,3,0,0,0,0,0,952.4,189.84367766828,13.9391288994785,156,,
2019,4,27,22,0,21.2,148,0,2.9,0,0,0,0,0,952.4,199.283164153912,12.1955205409788,167,,
2019,4,27,23,0,20.7,-147,0,3,0,0,0,0,0,952.4,206.808208393332,11.9785984998401,167,,
2019,4,28,0,0,20.3,-113,0,3.1,0,0,0,0,0,952.4,204.557203163144,12.1063895487282,156,,
2019,4,28,1,0,19.9,-100,0,3.1,0,0,0,0,0,952.4,217.817877966067,11.2888243522996,143,,
2019,4,28,2,0,19.5,-92,0,3,0,0,0,0,0,952.4,215.341351617108,10.3530269635696,129,,
2019,4,28,3,0,19.2,-86,0,2.8,0,0,0,0,0,952.4,207.838062331188,8.73328161570411,116,,
2019,4,28,4,0,19.6,-80,0,3,0,0,0,0,0,952.6,202.005515322507,7.73531802313216,102,,
2019,4,28,5,0,21,-74,0,3.4,10,0,18,0,0,953.2,196.8407077603,7.4156139989393,89,,
2019,4,28,6,0,22.4,-68,0,3.8,38,0,174,0,0,953.7,198.058405193992,7.33384496992684,76,,
2019,4,28,7,0,23.8,-59,0,4.3,51,0,379,0,0,953.8,197.327117600978,6.96443807139417,64,,
2019,4,28,8,0,25.4,-48,0,5,58,0,560,0,0,953.4,196.852032510128,7.1548402713308,53,,
2019,4,28,9,0,27,-32,0,5.7,61,625.27,692,129.81,0,953.1,192.854719027557,7.30403748608575,44,,
2019,4,28,10,0,28.1,-11,0,5.8,60,854.57,763,364.1,0,952.4,190.09626748522,8.42319835858726,39,,
2019,4,28,11,0,28.8,12,0,5.3,60,942.62,763,574.19,0,951.4,191.711854263098,9.71766267478367,39,,
2019,4,28,12,0,29.5,33,0,4.8,59,984.85,692,735.21,0,950.4,192.990756311839,9.76527821090637,44,,
2019,4,28,13,0,29.7,48,0,4.5,54,1004.81,560,833.39,0,949.9,190.275784014993,9.21802687261851,53,,
2019,4,28,14,0,29.3,59,0,4.3,48,1008.82,376,860.03,0,949.8,196.622321425363,10.1179932920833,64,,
2019,4,28,15,0,29,68,0,4,38,998.76,168,813.33,0,949.7,196.683125701847,10.953001292211,76,,
2019,4,28,16,0,28.1,74,0,4.1,9,971.96,16,697.25,0,949.9,192.718266059964,11.9050333564444,89,,
2019,4,28,17,0,26.7,80,0,4.4,0,920.69,0,522.64,0,950.3,199.322936138404,13.1632899970974,102,,
2019,4,28,18,0,25.2,86,0,4.7,0,811.21,0,304.12,0,950.7,199.69540159861,12.8784184367686,116,,
2019,4,28,19,0,24.3,92,0,4.8,0,493.79,0,73.41,0,950.9,199.528685701563,11.8742271167431,130,,
2019,4,28,20,0,23.9,100,0,4.6,0,0,0,0,0,951,204.264379765875,11.4741633730398,143,,
2019,4,28,21,0,23.4,113,0,4.5,0,0,0,0,0,951,208.123864765536,11.32052229456,156,,
2019,4,28,22,0,23,148,0,4.6,0,0,0,0,0,951,211.930075953544,11.5519698532692,167,,
2019,4,28,23,0,22.7,-146,0,4.9,0,0,0,0,0,950.8,216.197019826583,12.1439619295662,167,,
2019,4,29,0,0,22.4,-112,0,5.3,0,0,0,0,0,950.7,218.448246604532,11.810031690519,156,,
2019,4,29,1,0,22,-99,0,5.6,0,0,0,0,0,950.5,222.578021878004,11.9562840565092,143,,
2019,4,29,2,0,21.7,-92,0,5.9,0,0,0,0,0,950.3,216.789754769519,9.82340111659141,129,,
2019,4,29,3,0,21.4,-86,0,6.2,0,0,0,0,0,950.1,212.020182238485,8.25132376691338,116,,
2019,4,29,4,0,21.8,-80,0,6.6,0,0,0,0,0,950.1,212.0949797614,7.43273996702856,102,,
2019,4,29,5,0,23.1,-74,0.2,7.1,12,0,12,0,0,950.3,208.092015451509,6.68605948572143,89,,
2019,4,29,6,0,24.3,-67,0.3,7.7,50,0,149,0,0,950.4,201.30997999489,6.59962119669451,76,,
2019,4,29,7,0,25.7,-59,0.3,8.1,69,0,343,0,0,950.3,194.935336276286,6.88084493817241,64,,
2019,4,29,8,0,27.1,-47,0.1,8.4,74,0,523,0,0,950,195.778063810275,7.16848446084068,53,,
2019,4,29,9,0,28.6,-32,0.3,8.7,81,609.36,647,125.82,0,949.6,197.728348332056,8.21006269933333,44,,
2019,4,29,10,0,29.5,-11,0.1,8.6,78,836.78,719,355.51,0,949.1,201.368507783812,9.19849235637052,39,,
2019,4,29,11,0,30,12,0,8.3,77,926.36,718,562.81,0,948.4,200.837280280294,8.78511935838409,39,,
2019,4,29,12,0,30.5,32,0,7.9,76,969.48,647,721.88,0,947.6,198.956444482124,8.15267754503665,44,,
2019,4,29,13,0,30.5,48,0,7.6,78,989.66,508,818.69,0,947.2,194.825856663767,7.69325583812002,53,,
2019,4,29,14,0,30.1,59,0.5,7.3,75,995.94,322,846.55,0,947.2,198.027439636185,8.53177463796779,64,,
2019,4,29,15,0,29.7,67,0.8,7.1,55,987.9,132,801.75,0,947.1,205.630432185031,9.860603860748,76,,
2019,4,29,16,0,29,74,1.6,6.8,13,962.93,7,687.96,0,947.3,212.450458104065,9.9151518040342,89,,
2019,4,29,17,0,28.1,80,0,6.5,0,908.6,0,513.35,0,947.7,214.693729633127,9.23070578537098,103,,
2019,4,29,18,0,27.1,86,0.3,6.1,0,794.92,0,296.18,0,948.1,220.80200046958,9.12278906084141,116,,
2019,4,29,19,0,26.4,92,32.7,5.8,0,469.78,0,69.01,0,948.3,216.451808548608,10.1975643952422,130,,
2019,4,29,20,0,26,99,32.2,5.3,0,0,0,0,0,948.3,216.028654101887,10.9781544907472,143,,
2019,4,29,21,0,25.5,112,32.6,4.9,0,0,0,0,0,948.3,220.357950539586,11.3589787366801,157,,
2019,4,29,22,0,24.9,147,31.7,4.5,0,0,0,0,0,948.2,224.500840696616,12.3109977755967,167,,
2019,4,29,23,0,24.2,-145,27.4,4.1,0,0,0,0,0,948.1,226.590624719261,13.2491402262318,167,,
2019,4,30,0,0,23.5,-112,30.7,3.8,0,0,0,0,0,948.1,231.444197085316,13.9313932248513,156,,
2019,4,30,1,0,22.7,-99,30.2,3.8,0,0,0,0,0,948.1,245.252094789049,12.6239473049787,143,,
2019,4,30,2,0,21.7,-91,41.4,4.2,0,0,0,0,0,948.1,245.258122560911,10.77895762774,129,,
2019,4,30,3,0,20.7,-85,43.1,4.5,0,0,0,0,0,948.2,246.003350653135,9.08612490976425,116,,
2019,4,30,4,0,20.4,-80,1.5,5.2,0,0,0,0,0,948.4,248.828354421105,7.39771788131531,102,,
2019,4,30,5,0,20.9,-74,0.7,6.1,11,0,14,0,0,948.9,250.126310558125,5.95206655912218,89,,
2019,4,30,6,0,21.5,-67,1,7,43,0,164,0,0,949.4,248.358188058851,4.9462610890484,76,,
2019,4,30,7,0,22.4,-59,0,7.3,51,0,377,0,0,949.5,235.757521985649,3.59588489924177,64,,
2019,4,30,8,0,23.9,-47,0,6.9,56,0,562,0,0,949.4,215.966199682905,3.27219001953616,53,,
2019,4,30,9,0,25.4,-32,0,6.6,57,607.96,698,124.15,0,949.2,214.561476642826,3.33933207895567,44,,
2019,4,30,10,0,26.6,-11,0,5.7,57,840.96,772,354.96,0,948.6,228.671607599354,4.05195355578898,39,,
2019,4,30,11,0,27.5,12,0,4.2,56,933.29,774,563.94,0,947.7,235.440567518808,4.9374190608198,39,,
2019,4,30,12,0,28.5,32,0,2.8,55,978.74,705,725.1,0,946.8,248.172059354096,6.45040021701169,45,,
2019,4,30,13,0,28.7,48,0,1.2,52,1001.16,571,824.05,0,946.3,251.356089080638,6.08464900160305,53,,
2019,4,30,14,0,28.2,59,0.8,-0.4,52,1004.88,377,850,0,946.3,246.559059474458,6.63731864926247,64,,
2019,4,30,15,0,27.7,67,19.6,-2,98,994.37,72,803,0,946.3,250.105635104092,7.46058481124831,77,,
2019,4,30,16,0,26.6,74,2.5,-3,12,966.88,10,687.06,0,946.7,249.706679451951,7.61288562079985,89,,
2019,4,30,17,0,25.1,80,0,-3.5,0,912.19,0,511.95,0,947.6,240.931167063533,6.7124846196873,103,,
2019,4,30,18,0,23.6,85,0,-4,0,797.5,0,294.25,0,948.4,237.622544762588,8.19117205796796,116,,
2019,4,30,19,0,22.2,91,0,-4.7,0,0.28,0,29.05,0,948.9,242.945169230979,10.210931315288,130,,
2019,4,30,20,0,20.8,99,0,-5.6,0,0,0,0,0,949,241.388670638928,9.53535743203346,144,,
2019,4,30,21,0,19.4,112,0,-6.4,0,0,0,0,0,949.2,238.274748692046,9.96095936993181,157,,
2019,4,30,22,0,18.3,147,0,-6.7,0,0,0,0,0,949.2,233.942409884615,9.06479872188486,168,,
2019,4,30,23,0,17.5,-145,0,-6.4,0,0,0,0,0,949,237.756937739114,9.75892068848482,167,,
2019,5,1,0,0,16.6,-111,0.1,-6.1,0,0,0,0,0,948.9,247.290717403618,10.3403721489286,156,,
2019,5,1,1,0,15.9,-98,2.1,-5.7,0,0,0,0,0,948.8,245.197824810946,11.3599568210475,143,,
2019,5,1,2,0,15.2,-91,4.2,-5.1,0,0,0,0,0,948.8,246.096384395058,10.8350366482174,130,,
2019,5,1,3,0,14.6,-85,14.8,-4.5,0,0,0,0,0,948.9,246.988818339556,10.7112222059288,116,,
2019,5,1,4,0,14.7,-79,0.6,-3.4,0,0,0,0,0,949.1,237.683587322879,8.29247434477989,102,,
2019,5,1,5,0,15.5,-74,0.2,-1.6,9,0,19,0,0,949.4,231.717144898938,7.60969921176932,89,,
2019,5,1,6,0,16.3,-67,3.9,0.2,54,0,156,0,0,949.8,219.118095847818,6.92272769765153,76,,
2019,5,1,7,0,17.5,-58,9.4,0.4,118,0,289,0,0,949.8,231.574882647351,8.08280292351302,64,,
2019,5,1,8,0,19.3,-47,2.4,-0.9,82,0,539,0,0,949.6,229.104204481526,7.95882112453143,53,,
2019,5,1,9,0,21,-31,1.5,-2.3,77,568.73,686,116.57,0,949.3,220.699033734246,7.764115332376,45,,
2019,5,1,10,0,22.4,-11,0,-3.3,55,805.98,788,340.93,0,948.7,214.109280122154,8.79829408870864,40,,
2019,5,1,11,0,23.7,12,0.7,-4,68,899.33,766,543.96,0,947.6,206.226492789493,9.65350813178424,40,,
2019,5,1,12,0,24.9,32,0,-4.7,52,945.25,713,700.56,0,946.5,208.423876763197,11.383619876475,45,,
2019,5,1,13,0,25.5,47,2.1,-5.3,73,967.63,540,796.48,0,946,220.165026035075,11.4954666845685,54,,
2019,5,1,14,0,25.4,59,5.5,-5.6,91,971.32,316,821.47,0,945.8,225.544005800202,12.548867555673,65,,
2019,5,1,15,0,25.2,67,1.5,-6,42,461.35,160,649.48,0,945.7,238.842291247049,10.5538674032822,77,,
2019,5,1,16,0,24.4,74,0,-5.7,7,218.48,16,480.48,0,946,230.937594340992,11.4051323978323,90,,
2019,5,1,17,0,22.8,80,0,-4.8,0,358.72,0,396,0,946.7,237.401273305143,13.2100794147684,103,,
2019,5,1,18,0,21.1,85,0,-3.8,0,235.79,0,194.27,0,947.4,228.429507800017,12.4685459926678,116,,
2019,5,1,19,0,19.9,91,0,-3.1,0,0.2,0,6.97,0,947.8,219.852479437105,12.0637816923868,130,,
2019,5,1,20,0,18.9,98,0,-2.5,0,0,0,0,0,948,213.065639074922,14.8637441084778,144,,
2019,5,1,21,0,17.9,111,0,-2,0,0,0,0,0,948.3,212.817062327447,16.2537291767451,157,,
2019,5,1,22,0,17.2,146,0,-1.6,0,0,0,0,0,948.4,221.224211093257,17.3978041161743,168,,
2019,5,1,23,0,16.5,-144,0,-1.4,0,0,0,0,0,948.4,232.33547800318,19.0435734292298,168,,
2019,5,2,0,0,15.9,-110,0,-1.2,0,0,0,0,0,948.4,243.200950035357,17.7688841607638,157,,
2019,5,2,1,0,15.4,-98,0,-1,0,0,0,0,0,948.4,246.781868330028,14.7632950766234,143,,
2019,5,2,2,0,14.9,-91,0,-0.8,0,0,0,0,0,948.5,247.589286319219,12.6941127444201,130,,
2019,5,2,3,0,14.4,-85,0.1,-0.7,0,0,0,0,0,948.5,252.474167610517,11.1675088949111,116,,
2019,5,2,4,0,14.9,-79,13.6,-0.1,0,0,0,0,0,949,264.249457672776,11.4211483234094,102,,
2019,5,2,5,0,16.3,-73,9.7,0.9,12,0,11,0,0,949.7,275.855670024377,13.9753353355009,89,,
2019,5,2,6,0,17.7,-66,18.5,1.9,104,0,64,0,0,950.5,280.002959314595,14.9776789507644,76,,
2019,5,2,7,0,19.2,-58,18.1,1.7,186,0,166,0,0,950.8,287.712655816896,14.3030458811597,64,,
2019,5,2,8,0,21,-47,23.4,0.4,297,0,176,0,0,950.7,294.739508869748,14.0384516596383,53,,
2019,5,2,9,0,22.8,-31,15,-0.9,248,0,395,40.54,0,950.6,300.854253546385,14.0374606851064,45,,
2019,5,2,10,0,24.3,-11,0.4,-1.5,66,219.63,755,241.16,0,950.1,302.214156972342,14.2157669476551,40,,
2019,5,2,11,0,25.5,12,0,-1.5,58,890.85,764,536.85,0,949.3,302.974824431773,14.2110427374787,40,,
2019,5,2,12,0,26.8,32,0,-1.4,57,85.79,693,455.84,0,948.4,322.190273042496,10.2147520069016,45,,
2019,5,2,13,0,27.4,47,0,-1.3,53,64.75,559,290.52,0,948,332.43676577053,9.85212442863515,54,,
2019,5,2,14,0,27.3,58,0,-1.1,46,959.73,374,809.13,0,948,331.459681838706,12.1259437760988,65,,
2019,5,2,15,0,27.2,67,0,-0.9,34,120.85,165,523.2,0,948,331.587138614022,11.8316538710123,77,,
2019,5,2,16,0,26.2,73,0,-0.6,7,68.04,14,408.35,0,948.4,333.992139037655,11.2442957808923,90,,
2019,5,2,17,0,24.2,79,0,0,0,110.27,0,87.93,0,949.1,329.456575561102,10.432175262456,103,,
2019,5,2,18,0,22.3,85,0,0.5,0,0,0,89.51,0,949.8,323.968176814661,10.4000927700983,117,,
2019,5,2,19,0,21,91,0,0.2,0,0,0,3.47,0,950.3,314.767148630097,10.9385386190584,130,,
2019,5,2,20,0,20.2,98,0,-1,0,0,0,0,0,950.5,315.917250835886,10.8651490739245,144,,
2019,5,2,21,0,19.4,110,0,-2.2,0,0,0,0,0,950.7,316.413406215983,10.6349080508864,157,,
2019,5,2,22,0,18.7,146,0,-2.8,0,0,0,0,0,950.7,312.642288603179,10.7428517302442,168,,
2019,5,2,23,0,18.2,-143,0,-2.7,0,0,0,0,0,950.7,315.101405248983,10.9521622922126,168,,
2019,5,3,0,0,17.7,-109,0,-2.7,0,0,0,0,0,950.7,321.039104705569,10.710495867184,157,,
2019,5,3,1,0,17.3,-97,0,-2.6,0,0,0,0,0,950.7,325.782898671451,9.43364830089197,143,,
2019,5,3,2,0,16.8,-90,0,-2.6,0,0,0,0,0,950.8,336.160384139188,8.66950384634189,130,,
2019,5,3,3,0,16.4,-84,0,-2.5,0,0,0,0,0,950.8,346.745272525336,7.42852302569385,116,,
2019,5,3,4,0,16.9,-79,0,-2.1,0,0,0,0,0,951.2,354.901985508941,7.07880697829705,103,,
2019,5,3,5,0,18.2,-73,0.2,-1.3,9,0,15,0,0,952,353.740481863736,7.5960903198698,89,,
2019,5,3,6,0,19.6,-66,0.3,-0.4,37,0,167,0,0,952.8,357.628668483805,7.93259726357528,76,,
2019,5,3,7,0,21.5,-58,0,-0.3,49,0,375,0,0,953.1,5.24402668907385,7.60603108881386,64,,
2019,5,3,8,0,23.7,-46,0,-0.7,55,0,556,0,0,952.9,15.9039721970685,7.64002992496813,54,,
2019,5,3,9,0,26,-31,0,-1.1,58,0,687,30.48,0,952.8,27.2753755344214,6.75056669941955,45,,
2019,5,3,10,0,27.6,-11,0,-1,62,31.76,752,198.73,0,952.3,41.7245008295058,6.097383268689,40,,
2019,5,3,11,0,28.5,12,0,-0.5,62,113.57,750,382.17,0,951.6,25.9293752998761,5.26014943170452,40,,
2019,5,3,12,0,29.3,32,0,0,60,23.32,681,340.27,0,950.9,11.9666477106604,5.40286783428656,45,,
2019,5,3,13,0,29.6,47,0,0.3,52,183.07,551,565.16,0,950.5,28.3024860777494,6.36672899995294,54,,
2019,5,3,14,0,29.3,58,0,0.2,46,111.23,368,541.93,0,950.5,36.5185121233358,7.14063050393974,65,,
2019,5,3,15,0,29,66,0,0.2,34,75.04,160,390.21,0,950.4,48.0161396765285,8.28120873334598,77,,
2019,5,3,16,0,28.1,73,0,0.4,7,79.29,13,363.3,0,950.6,59.051812851091,8.75821058766435,90,,
2019,5,3,17,0,26.6,79,0,1,0,127.58,0,348.23,0,951.1,60.7734271125049,8.50443382369962,103,,
2019,5,3,18,0,25.1,84,0,1.5,0,47.93,0,161.65,0,951.6,59.8648057451376,7.63330102054747,117,,
2019,5,3,19,0,23.6,90,0,1.6,0,400.61,0,55.65,0,951.9,58.5489772963204,7.59197168244889,130,,
2019,5,3,20,0,22.1,97,0,1.2,0,0,0,0,0,952,61.2235783503361,7.01925687062552,144,,
2019,5,3,21,0,20.6,110,0,0.8,0,0,0,0,0,952.2,60.5109550549624,7.77686435506239,157,,
2019,5,3,22,0,19.6,145,0,0.4,0,0,0,0,0,952.2,59.1961979158905,7.09440233472391,168,,
2019,5,3,23,0,19.1,-142,0,0,0,0,0,0,0,952.1,74.6761225828205,6.38678637748187,168,,
2019,5,4,0,0,18.5,-109,0,-0.4,0,0,0,0,0,952.1,77.2420491946213,6.08742019872268,157,,
2019,5,4,1,0,18.1,-97,0,-0.9,0,0,0,0,0,952,93.5335541106485,6.20294585991973,143,,
2019,5,4,2,0,17.7,-90,0,-1.4,0,0,0,0,0,952.1,98.8239243489406,6.89779270074557,130,,
2019,5,4,3,0,17.3,-84,0,-1.9,0,0,0,0,0,952.1,93.7755369326039,6.76065158667908,116,,
2019,5,4,4,0,18,-79,0,-2.3,0,0,0,0,0,952.4,90.8706161185594,6.42252445271442,103,,
2019,5,4,5,0,19.7,-73,0.7,-2.4,9,0,14,0,0,952.9,90.221643132336,6.04682825742932,89,,
2019,5,4,6,0,21.4,-66,0.9,-2.6,39,0,164,0,0,953.4,91.8867801474987,6.05006312036658,77,,
2019,5,4,7,0,23.2,-57,0,-2.7,49,0,372,0,0,953.6,88.1880793670891,6.29993295735485,65,,
2019,5,4,8,0,25.1,-46,0,-2.8,55,0,553,0,0,953.5,88.9061647069119,6.54797623894208,54,,
2019,5,4,9,0,26.9,-31,0,-3,59,0,684,32.3,0,953.4,91.7980645530224,7.22212204931129,45,,
2019,5,4,10,0,28.2,-11,0,-2.7,60,17.45,752,181.33,0,952.9,101.47495646365,8.56147797545235,40,,
2019,5,4,11,0,29,12,0,-1.9,60,52.72,750,276.47,0,952.1,117.011622670002,8.32600941162141,41,,
2019,5,4,12,0,29.7,31,0,-1.1,58,48.63,680,389.31,0,951.2,116.194437410695,10.4866894273995,46,,
2019,5,4,13,0,29.9,47,0,-0.7,53,81.99,547,473.02,0,950.8,129.868604907157,11.6999356098985,54,,
2019,5,4,14,0,29.6,58,0,-0.6,46,97.67,365,421.48,0,950.9,133.363163452072,12.657875167403,65,,
2019,5,4,15,0,29.4,66,0,-0.6,33,71.08,159,226.64,0,950.9,137.771691626958,12.1696974216693,77,,
2019,5,4,16,0,28.3,73,0,-0.2,7,43.94,13,206.5,0,951.2,143.591178554897,11.9635392049118,90,,
2019,5,4,17,0,26.4,79,0,0.3,0,105.16,0,86.29,0,951.7,148.890730197289,12.5868774566893,103,,
2019,5,4,18,0,24.5,84,0,0.8,0,0,0,76.47,0,952.2,152.71969850712,12.7142078291945,117,,
2019,5,4,19,0,23.1,90,0,0.9,0,0,0,18.43,0,952.6,154.069630296697,12.1740707337241,131,,
2019,5,4,20,0,22.1,97,0,0.6,0,0,0,0,0,952.7,152.837035194549,12.6872618395619,144,,
2019,5,4,21,0,21,109,0,0.4,0,0,0,0,0,952.8,156.159430782328,12.6099431976367,158,,
2019,5,4,22,0,20.3,144,0,0.2,0,0,0,0,0,952.8,158.836838020576,12.5272621823535,169,,
2019,5,4,23,0,19.8,-141,0,0.1,0,0,0,0,0,952.8,159.890193513159,12.1995040895387,168,,
2019,5,5,0,0,19.2,-108,0,0,0,0,0,0,0,952.7,160.897100511856,12.3631865344346,157,,
2019,5,5,1,0,18.8,-96,0,-0.1,0,0,0,0,0,952.7,156.016036606411,11.8762792963334,143,,
2019,5,5,2,0,18.4,-89,0,-0.4,0,0,0,0,0,952.6,156.054046933408,11.3176944206341,130,,
2019,5,5,3,0,18,-84,0,-0.7,0,0,0,0,0,952.4,156.541415387653,10.7348427941722,116,,
2019,5,5,4,0,18.8,-78,0,-1.1,0,0,0,0,0,952.6,157.585565197814,9.8960371171438,103,,
2019,5,5,5,0,20.7,-72,0.4,-1.6,8,0,15,0,0,952.9,156.702744123347,9.22472197233231,89,,
2019,5,5,6,0,22.6,-66,0.6,-2.2,36,0,167,0,0,953.3,158.577579990757,9.10137419772843,77,,
2019,5,5,7,0,24.5,-57,0,-2.6,45,0,377,0,0,953.3,154.019633658245,8.7297822977037,65,,
2019,5,5,8,0,26.4,-46,0.2,-2.9,54,0,554,0,0,953,157.806638164169,8.80037280766874,54,,
2019,5,5,9,0,28.4,-30,0.3,-3.2,58,0,686,30.96,0,952.7,159.313778414066,9.05646665917418,46,,
2019,5,5,10,0,29.7,-10,0,-3.4,55,79.6,760,93.5,0,952.1,160.588958894356,10.0144071230921,41,,
2019,5,5,11,0,30.5,12,0,-3.7,54,59.71,760,133.97,0,951.1,163.060213121953,11.0740527151001,41,,
2019,5,5,12,0,31.2,31,0,-4,53,17.57,690,268.74,0,950.1,166.078334547869,11.8356002657465,46,,
2019,5,5,13,0,31.4,46,0,-4.4,49,50.1,557,303.58,0,949.6,166.763325209309,11.5487793006083,55,,
2019,5,5,14,0,30.9,58,0,-5,43,94.87,371,241.09,0,949.5,167.979492905458,11.7215620418664,65,,
2019,5,5,15,0,30.5,66,0,-5.6,32,45.15,161,457.31,0,949.4,170.329600603295,12.1607356865624,77,,
2019,5,5,16,0,28.9,73,0,-5.9,6,68.08,12,434.45,0,949.6,173.175723629541,12.32525765859,90,,
2019,5,5,17,0,26.3,78,0,-5.7,0,80.14,0,332.21,0,950,177.192650628231,12.350345665922,103,,
2019,5,5,18,0,23.7,84,0,-5.6,0,0,0,131.29,0,950.5,181.497533043181,12.4333361795321,117,,
2019,5,5,19,0,22,89,0,-5.3,0,378.28,0,51.1,0,950.8,181.194746533486,12.0252699145115,131,,
2019,5,5,20,0,21.3,96,0,-4.9,0,0,0,0,0,950.9,184.020529325201,12.0992148906379,144,,
2019,5,5,21,0,20.5,108,0,-4.5,0,0,0,0,0,951,185.298222623858,12.697885294732,158,,
2019,5,5,22,0,19.9,144,0,-4.2,0,0,0,0,0,951,188.365377913766,12.6769027349453,169,,
2019,5,5,23,0,19.5,-140,0,-4,0,0,0,0,0,950.9,188.335270359221,12.3719093587619,168,,
2019,5,6,0,0,19.1,-107,0,-3.8,0,0,0,0,0,950.8,186.762162064824,12.6769966170669,157,,
2019,5,6,1,0,18.7,-96,0,-3.7,0,0,0,0,0,950.7,187.661831404006,10.960049128698,144,,
2019,5,6,2,0,18.4,-89,0,-3.5,0,0,0,0,0,950.7,182.527727877622,9.48912679923281,130,,
2019,5,6,3,0,18.1,-83,0,-3.3,0,0,0,0,0,950.6,177.114683890784,9.30858359373762,116,,
2019,5,6,4,0,18.6,-78,0,-3.2,0,0,0,0,0,950.9,174.750274569019,8.70831119125182,103,,
2019,5,6,5,0,19.8,-72,0.4,-3,8,0,14,0,0,951.4,171.740093146389,8.51006161757666,90,,
2019,5,6,6,0,21.1,-65,0.8,-2.9,36,0,165,0,0,951.9,170.962656474339,8.57908656582791,77,,
2019,5,6,7,0,22.9,-57,0,-2.1,45,0,377,0,0,952.1,166.465637762362,8.32888248927859,65,,
2019,5,6,8,0,25.3,-45,0,-0.6,50,0,557,0,0,951.9,165.44907703443,8.75335346264433,54,,
2019,5,6,9,0,27.7,-30,0,0.8,53,525.15,688,103.52,0,951.7,166.317330799482,9.82562729838155,46,,
2019,5,6,10,0,29.3,-10,0,1.4,55,46.39,754,213,0,951.3,169.91587144976,11.4224357483325,41,,
2019,5,6,11,0,30.2,12,0,1,55,868.62,750,515.14,0,950.5,173.114551651167,12.5120219482817,41,,
2019,5,6,12,0,31.1,31,0,0.7,54,385.17,677,535.28,0,949.7,173.930346623385,13.4463578757006,46,,
2019,5,6,13,0,31.2,46,0,0.8,51,137.41,542,486.21,0,949.2,172.881354541874,14.2778200377403,55,,
2019,5,6,14,0,30.6,57,0,1.3,45,77.21,359,490.5,0,949.1,175.728958042889,15.3118929099822,66,,
2019,5,6,15,0,30,66,0,1.8,33,106.54,153,451.23,0,949,178.813144358573,16.1986497523951,78,,
2019,5,6,16,0,28.7,72,0,2.6,6,235.44,11,482.06,0,949.3,181.485597534808,17.0444696450853,90,,
2019,5,6,17,0,26.8,78,0,3.7,0,20.56,0,261.44,0,949.9,184.447159714427,17.6386287508813,104,,
2019,5,6,18,0,25,84,0,4.8,0,208.12,0,171.48,0,950.6,188.149989746574,17.5832831462241,117,,
2019,5,6,19,0,23.5,89,0,5.6,0,378.57,0,49.91,0,951.1,192.046612783768,16.4914580666692,131,,
2019,5,6,20,0,22.6,96,0,6.2,0,0,0,0,0,951.5,195.098395755535,16.1828990040602,144,,
2019,5,6,21,0,21.6,108,0,6.8,0,0,0,0,0,951.9,197.872949962207,16.1784365968499,158,,
2019,5,6,22,0,20.8,143,0,7,0,0,0,0,0,952.1,198.865127235269,16.0569822343473,169,,
2019,5,6,23,0,20,-139,0,7,0,0,0,0,0,952.3,199.397796711423,15.3385142975245,169,,
2019,5,7,0,0,19.2,-107,0,7,0,0,0,0,0,952.4,199.041798426057,14.7763816911132,157,,
2019,5,7,1,0,18.5,-95,0,6.8,0,0,0,0,0,952.5,198.880763047015,13.0284913140265,144,,
2019,5,7,2,0,17.9,-89,0,6.6,0,0,0,0,0,952.4,199.284171367708,11.3471891046525,130,,
2019,5,7,3,0,17.3,-83,0,6.3,0,0,0,0,0,952.4,192.718119399445,11.0402429625596,116,,
2019,5,7,4,0,17.4,-78,0,6.2,0,0,0,0,0,952.6,186.837490859584,10.3705401700583,103,,
2019,5,7,5,0,18.4,-72,0.3,6.3,8,0,13,0,0,953.1,186.163861569,9.35084130100296,90,,
2019,5,7,6,0,19.3,-65,1.1,6.4,39,0,157,0,0,953.6,185.616535421078,8.46240937931308,77,,
2019,5,7,7,0,20.6,-57,0,5.9,48,0,366,0,0,953.9,179.804943446808,6.87101858368183,65,,
2019,5,7,8,0,22.3,-45,0,4.9,53,0,547,0,0,953.8,180.889180293787,6.5475714667082,54,,
2019,5,7,9,0,24,-30,0,3.9,56,0,679,27.07,0,953.8,181.056540401089,6.99716838335545,46,,
2019,5,7,10,0,25.5,-10,0,3.1,58,15.76,747,82.41,0,953.4,184.698658302712,8.34823037379552,41,,
2019,5,7,11,0,26.8,12,0,2.6,57,27.76,746,288.65,0,952.7,189.439925804719,8.90939052880317,41,,
2019,5,7,12,0,28,31,0,2,56,40.69,675,213.4,0,951.9,196.660412874744,8.51726728757692,46,,
2019,5,7,13,0,28.4,46,0,1.4,53,96.87,541,203.7,0,951.6,195.189289849466,8.1718058575323,55,,
2019,5,7,14,0,27.9,57,0,0.9,46,55.76,358,427.41,0,951.7,194.349354722225,8.93857970351908,66,,
2019,5,7,15,0,27.4,65,0,0.4,33,67.19,153,48.08,0,951.7,196.058238258815,9.81612596503447,78,,
2019,5,7,16,0,26.3,72,0,0.3,6,213.41,11,461.35,0,952,198.163238257297,10.5524833027677,91,,
2019,5,7,17,0,24.8,78,0,0.7,0,62.63,0,315.43,0,952.5,200.089504280131,11.1004509895416,104,,
2019,5,7,18,0,23.3,83,0,1,0,747.84,0,262.69,0,953.1,205.642152070734,10.7060706362779,117,,
2019,5,7,19,0,22,89,0,0.8,0,390.51,0,49.71,0,953.4,209.631958742277,10.3263615981528,131,,
2019,5,7,20,0,21,96,0,0.1,0,0,0,0,0,953.6,213.418583771172,10.6320723732486,145,,
2019,5,7,21,0,20,107,0,-0.6,0,0,0,0,0,953.8,214.459155042479,11.094391103241,158,,
2019,5,7,22,0,19.1,142,0,-0.9,0,0,0,0,0,953.9,220.097735327462,11.3713256655748,169,,
2019,5,7,23,0,18.5,-138,0,-1,0,0,0,0,0,953.8,225.002532699516,11.771670187502,169,,
2019,5,8,0,0,17.8,-106,0,-1,0,0,0,0,0,953.8,228.557426769146,12.204047197214,157,,
2019,5,8,1,0,17.2,-95,0,-1,0,0,0,0,0,953.7,233.675386757131,10.3850424366603,144,,
2019,5,8,2,0,16.6,-88,0,-1,0,0,0,0,0,953.6,238.002784417538,9.81067219801382,130,,
2019,5,8,3,0,16,-83,0,-1,0,0,0,0,0,953.5,237.071873686791,6.99073283987138,116,,
2019,5,8,4,0,16.2,-77,0,-0.7,0,0,0,0,0,953.7,230.485446066568,5.05845751810199,103,,
2019,5,8,5,0,17.1,-72,1.7,0,10,0,10,0,0,954.2,230.661489351552,2.52024783278601,90,,
2019,5,8,6,0,18.1,-65,7.8,0.6,64,0,118,0,0,954.7,214.494568116809,1.54504075333083,77,,
2019,5,8,7,0,19.5,-56,1.6,0.5,59,0,351,0,0,954.9,217.637219041961,1.22817994550721,65,,
2019,5,8,8,0,21.2,-45,0.3,-0.1,56,0,546,0,0,954.8,222.11561289968,1.04259729725427,55,,
2019,5,8,9,0,22.9,-30,0,-0.8,55,569.67,683,107.37,0,954.6,240.492243300866,1.66518905090162,46,,
2019,5,8,10,0,24.2,-10,0,-1.4,56,819.51,751,331.47,0,954.2,265.219069205122,1.40327398281161,42,,
2019,5,8,11,0,25.2,11,0,-1.9,55,915.63,749,535.18,0,953.5,246.073044266732,1.26075820425676,42,,
2019,5,8,12,0,26.2,31,0,-2.4,53,961.96,678,691.69,0,952.7,175.071772766518,8.58986675131893,47,,
2019,5,8,13,0,26.4,46,1.5,-2.8,66,984.26,519,787.15,0,952.5,163.260246180206,10.197489229452,55,,
2019,5,8,14,0,25.8,57,1.3,-3,58,989.39,339,812.72,0,952.6,164.11193945706,11.2415786008518,66,,
2019,5,8,15,0,25.1,65,0,-3.2,33,979.71,151,766.83,0,952.8,165.420147435047,11.8377030223649,78,,
2019,5,8,16,0,24.3,72,0,-3.1,6,952.28,10,653.31,0,953.2,168.249761559942,12.312094137284,91,,
2019,5,8,17,0,23.3,78,1.7,-2.8,0,895.27,0,481.35,0,954,173.820118761151,12.6234252825775,104,,
2019,5,8,18,0,22.2,83,12.2,-2.4,0,773.13,0,267.97,0,954.7,175.894787199629,12.7076727618911,117,,
2019,5,8,19,0,21.2,88,27,-2,0,407.04,0,49.79,0,955.2,178.750150040019,13.0531739108396,131,,
2019,5,8,20,0,20.2,95,30.2,-1.4,0,0,0,0,0,955.4,179.953469027004,13.9484644610729,145,,
2019,5,8,21,0,19.3,106,28.3,-0.9,0,0,0,0,0,955.6,182.896179423951,14.6195457290722,158,,
2019,5,8,22,0,18.5,141,3.8,-0.3,0,0,0,0,0,955.8,187.37093567659,14.3444095127082,170,,
2019,5,8,23,0,17.9,-137,11.8,0.1,0,0,0,0,0,955.8,191.200767904544,14.2193012620931,169,,
2019,5,9,0,0,17.3,-105,11.9,0.6,0,0,0,0,0,955.9,195.799450466854,13.7166672519274,157,,
2019,5,9,1,0,16.8,-95,0.4,1.1,0,0,0,0,0,956,195.605643776674,12.9533852513877,144,,
2019,5,9,2,0,16.3,-88,0,1.5,0,0,0,0,0,956.1,190.754978220576,10.3454670808832,130,,
2019,5,9,3,0,15.9,-82,0,2,0,0,0,0,0,956.3,184.398191854203,9.2223326960679,116,,
2019,5,9,4,0,16.1,-77,0,2.4,0,0,0,0,0,956.6,183.145935823364,8.25842427224782,103,,
2019,5,9,5,0,16.9,-71,0.7,2.9,8,0,12,0,0,957.1,179.813124594258,7.17182116029138,90,,
2019,5,9,6,0,17.8,-65,1.1,3.4,37,0,159,0,0,957.6,176.757547961954,5.73176306525167,77,,
2019,5,9,7,0,18.9,-56,0,3.4,45,0,371,0,0,957.9,158.399691759171,4.13819397890642,65,,
2019,5,9,8,0,20.3,-45,0,3.1,50,0,554,0,0,957.8,152.036671098836,4.58170697715904,55,,
2019,5,9,9,0,21.8,-30,0,2.8,53,544.77,688,102.45,0,957.8,156.971229362325,7.78843345424854,46,,
2019,5,9,10,0,23,-10,0,1.9,54,797.52,756,321.83,0,957.5,156.052174440944,8.98829832374626,42,,
2019,5,9,11,0,24.1,11,0,0.5,54,895.88,753,522.43,0,956.9,157.218590114584,10.4009337432081,42,,
2019,5,9,12,0,25.2,31,0,-0.8,52,943.8,681,677.09,0,956.2,160.208591606056,13.1973061634269,47,,
2019,5,9,13,0,25.3,46,0,-1.8,48,967.26,546,771.77,0,955.9,153.542575232826,14.010100175648,55,,
2019,5,9,14,0,24.7,57,0,-2.4,43,972.6,360,797.05,0,956,155.355633877898,14.1821516578121,66,,
2019,5,9,15,0,24,65,0,-3.1,31,962.82,151,751.75,0,956,159.397775776164,15.0186130544584,78,,
2019,5,9,16,0,23.1,72,0,-3.2,5,934.95,10,639.71,0,956.3,161.741119783269,15.3461285669923,91,,
2019,5,9,17,0,22,77,0,-3,0,878.81,0,470.95,0,956.8,164.889047771497,15.4028293203711,104,,
2019,5,9,18,0,20.8,83,0,-2.7,0,757.02,0,261.15,0,957.4,168.773407158375,15.6700916583684,117,,
2019,5,9,19,0,19.8,88,0,-2.6,0,389.41,0,47.21,0,957.8,173.336723771744,14.8455210183291,131,,
2019,5,9,20,0,18.8,95,0,-2.7,0,0,0,0,0,958,177.777796379758,14.2051213753053,145,,
2019,5,9,21,0,17.7,106,0,-2.7,0,0,0,0,0,958.2,177.681438112134,12.4586592505821,158,,
2019,5,9,22,0,16.8,141,0,-2.7,0,0,0,0,0,958.4,178.334322024802,11.4298980372121,170,,
2019,5,9,23,0,16.1,-136,0,-2.7,0,0,0,0,0,958.5,177.721040928659,10.9103061856463,169,,
2019,5,10,0,0,15.3,-105,0,-2.7,0,0,0,0,0,958.6,176.577934014917,9.82160235346582,157,,
2019,5,10,1,0,14.6,-94,0,-2.4,0,0,0,0,0,958.7,179.115533304658,8.87934327837342,144,,
2019,5,10,2,0,13.9,-88,0,-1.9,0,0,0,0,0,958.8,178.747643915357,8.41172863064348,130,,
2019,5,10,3,0,13.2,-82,0,-1.3,0,0,0,0,0,958.9,172.930050050301,8.53750106559657,117,,
2019,5,10,4,0,13.1,-77,0,-0.6,0,0,0,0,0,959.3,168.220833392884,8.32367408993727,103,,
2019,5,10,5,0,13.7,-71,0.5,0.4,8,0,11,0,0,960.1,166.99512137076,8.10631103156443,90,,
2019,5,10,6,0,14.2,-64,2.2,1.4,45,0,142,0,0,960.9,168.390230535219,8.19097099433506,77,,
2019,5,10,7,0,15.2,-56,0,1.6,49,0,356,0,0,961.2,162.697002100003,7.56493666398044,65,,
2019,5,10,8,0,16.6,-44,0,1,54,0,536,0,0,961,159.905800185781,7.42452526459342,55,,
2019,5,10,9,0,18,-29,0,0.4,57,555.73,666,102.63,0,960.8,161.017879609119,7.77012571988236,47,,
2019,5,10,10,0,19.3,-10,0,0,56,811.15,735,324.53,0,960.2,164.345429237348,7.99161550482133,42,,
2019,5,10,11,0,20.4,11,0,-0.4,56,909.83,733,527.22,0,959.1,167.858687131231,8.35875295321058,42,,
2019,5,10,12,0,21.6,30,0,-0.8,54,957.74,661,683.37,0,958.1,169.880207805391,8.58272106961943,47,,
2019,5,10,13,0,21.9,45,0,-1.1,52,981.28,526,778.97,0,957.4,169.409234455483,7.12131165712187,56,,
2019,5,10,14,0,21.4,56,0,-1.4,47,986.81,343,804.6,0,957.2,173.838499518857,7.97185519089062,66,,
2019,5,10,15,0,20.9,65,0,-1.8,36,977.41,138,759.07,0,957,172.91145298037,9.1164635628741,78,,
2019,5,10,16,0,20.2,71,0,-1.9,6,950.1,8,646.16,0,957.4,167.35056814637,9.47185658034311,91,,
2019,5,10,17,0,19.3,77,0,-1.8,0,892.97,0,475.05,0,958.1,163.33931771366,9.41460024895011,104,,
2019,5,10,18,0,18.4,82,0,-1.8,0,769.51,0,262.63,0,958.9,164.037544012465,9.27540174201713,118,,
2019,5,10,19,0,17.4,88,0,-1.8,0,396.15,0,46.51,0,959.4,163.189591937579,9.23834858320568,131,,
2019,5,10,20,0,16.5,94,0,-1.8,0,0,0,0,0,959.4,167.709415017344,10.2023992321434,145,,
2019,5,10,21,0,15.6,105,0,-1.9,0,0,0,0,0,959.4,174.121466730258,10.4096353995599,158,,
2019,5,10,22,0,14.9,140,0,-1.7,0,0,0,0,0,959.3,181.192170351205,10.1538747962993,170,,
2019,5,10,23,0,14.4,-135,0,-1.2,0,0,0,0,0,959,184.975902029158,10.7664484738552,169,,
2019,5,11,0,0,13.8,-104,0,-0.7,0,0,0,0,0,958.7,185.400199101413,11.4994988047348,157,,
2019,5,11,1,0,13.4,-94,0,-0.3,0,0,0,0,0,958.5,183.103646223651,11.6179134452281,144,,
2019,5,11,2,0,12.9,-87,0,0,0,0,0,0,0,958.4,181.241692460267,10.642848198385,130,,
2019,5,11,3,0,12.4,-82,0,0.4,0,0,0,0,0,958.3,185.770806553039,8.23691864679403,117,,
2019,5,11,4,0,12.6,-77,0,0.8,0,0,0,0,0,958.4,190.082431890275,7.00659502012706,103,,
2019,5,11,5,0,13.5,-71,0.8,1.3,7,0,12,0,0,958.8,187.608846835344,6.43162981100298,90,,
2019,5,11,6,0,14.3,-64,2,1.8,38,0,151,0,0,959.2,186.904975912607,6.04383652181863,77,,
2019,5,11,7,0,15.5,-56,0.1,1.7,41,0,368,0,0,959.2,184.170754255913,4.13595311805983,66,,
2019,5,11,8,0,17.1,-44,0,1,45,0,550,0,0,958.9,176.274976365036,4.20808601279812,55,,
2019,5,11,9,0,18.6,-29,0,0.4,47,542.38,681,99.41,0,958.6,166.360952551898,4.65465020349313,47,,
2019,5,11,10,0,20.1,-10,0,-0.2,47,796.75,748,317.58,0,957.9,158.07937962901,5.54528340630667,42,,
2019,5,11,11,0,21.3,11,0,-0.6,47,894.07,745,516.64,0,956.9,152.678750711489,6.09348684557552,43,,
2019,5,11,12,0,22.5,30,0,-1.1,47,940.29,672,669.36,0,955.8,147.704852409021,6.40446607486269,47,,
2019,5,11,13,0,23,45,0,-1.4,46,961.91,536,762.02,0,955.2,143.506063161327,6.04903162149312,56,,
2019,5,11,14,0,22.6,56,0,-1.5,41,965.77,353,785.92,0,955,160.91835393454,5.01765943705789,66,,
2019,5,11,15,0,22.2,64,0,-1.6,29,954.31,148,739.77,0,954.9,182.332484592053,6.43918169549468,78,,
2019,5,11,16,0,21.3,71,0,-1.5,4,924.52,9,627.69,0,955.1,171.337908382978,8.42837437709076,91,,
2019,5,11,17,0,19.9,77,0,-1.2,0,865.67,0,459.74,0,955.7,176.184364765658,8.85918253714359,104,,
2019,5,11,18,0,18.5,82,0,-0.9,0,739.91,0,252.14,0,956.3,180.606449013387,7.7698055042096,118,,
2019,5,11,19,0,17.4,87,0,-0.9,0,363.02,0,42.99,0,956.5,178.158679193593,8.38334999684663,131,,
2019,5,11,20,0,16.5,94,0,-1.2,0,0,0,0,0,956.4,179.442545266174,9.20365259942221,145,,
2019,5,11,21,0,15.7,104,0,-1.5,0,0,0,0,0,956.3,178.155258851508,9.69617854895696,158,,
2019,5,11,22,0,15,139,0,-1.7,0,0,0,0,0,956.1,178.854949516969,10.7360589670528,170,,
2019,5,11,23,0,14.4,-134,0,-1.7,0,0,0,0,0,955.8,179.665629813884,11.3357165919459,170,,
2019,5,12,0,0,13.9,-103,0,-1.7,0,0,0,0,0,955.5,182.421992757113,12.022067328166,158,,
2019,5,12,1,0,13.3,-93,0,-1.8,0,0,0,0,0,955.2,181.825408873037,13.6198479321309,144,,
2019,5,12,2,0,12.8,-87,0,-1.9,0,0,0,0,0,955,183.204676795666,13.1415294327889,130,,
2019,5,12,3,0,12.3,-82,0,-2,0,0,0,0,0,954.8,179.460882791128,10.3714378875886,117,,
2019,5,12,4,0,12.7,-76,0,-1.7,0,0,0,0,0,954.8,177.046853039768,7.73285650861324,103,,
2019,5,12,5,0,13.9,-71,0.8,-1.1,7,0,11,0,0,955.1,175.592266809438,7.47129293598255,90,,
2019,5,12,6,0,15.2,-64,2.6,-0.5,41,0,144,0,0,955.3,174.810967479304,7.7308789895,78,,
2019,5,12,7,0,16.6,-55,0.1,-0.8,42,0,364,0,0,955.3,171.784293566619,6.64236572178089,66,,
2019,5,12,8,0,18.3,-44,0,-1.8,45,0,547,0,0,955.1,172.760846063406,7.53263120949888,55,,
2019,5,12,9,0,20.1,-29,0,-2.9,47,526.09,678,95.82,0,954.8,173.979694421134,8.34279529731929,47,,
2019,5,12,10,0,21.4,-10,0,-3.7,48,785.47,745,311.73,0,954.2,167.956540080655,8.61132152018028,43,,
2019,5,12,11,0,22.4,11,0,-4.2,48,884.74,743,509.41,0,953.3,167.212138291254,9.79372517961199,43,,
2019,5,12,12,0,23.4,30,0,-4.8,47,932.39,671,661.57,0,952.4,165.649511009404,11.3784245234392,48,,
2019,5,12,13,0,23.8,45,0,-5.2,44,955.16,536,754.26,0,951.9,169.967174859113,13.4754351841443,56,,
2019,5,12,14,0,23.5,56,0,-5.4,40,959.98,352,778.67,0,951.9,170.930118480608,15.9053702133381,67,,
2019,5,12,15,0,23.3,64,0,-5.7,29,949.34,145,733.39,0,951.9,170.726875389633,16.650712144731,78,,
2019,5,12,16,0,22.3,71,0,-5.5,4,920.21,9,622.37,0,952.2,170.026275611547,16.5067686847158,91,,
2019,5,12,17,0,20.7,77,0,-4.9,0,862.07,0,455.68,0,952.7,172.233718235811,17.6889278890261,104,,
2019,5,12,18,0,19.1,82,0,-4.3,0,736.5,0,249.26,0,953.2,174.99148649477,19.4169692352466,118,,
2019,5,12,19,0,17.7,87,0,-4.2,0,356.86,0,41.5,0,953.5,177.062118393036,18.4412634448901,131,,
2019,5,12,20,0,16.7,93,0,-4.7,0,0,0,0,0,953.5,178.163722393503,18.6491900321702,145,,
2019,5,12,21,0,15.7,104,0,-5.2,0,0,0,0,0,953.5,179.84571039542,18.866290046112,159,,
2019,5,12,22,0,14.9,138,0,-5.4,0,0,0,0,0,953.4,182.322938263889,19.0810973182846,170,,
2019,5,12,23,0,14.4,-133,0,-5.4,0,0,0,0,0,953.2,184.958616361287,18.2587528013914,170,,
2019,5,13,0,0,13.9,-103,0,-5.3,0,0,0,0,0,953.1,186.566709732425,18.3771361025342,158,,
2019,5,13,1,0,13.5,-93,0,-5.3,0,0,0,0,0,953,183.822034256287,15.9451828752061,144,,
2019,5,13,2,0,13.1,-87,0,-5.2,0,0,0,0,0,952.8,184.906305703106,14.4828923967985,130,,
2019,5,13,3,0,12.7,-81,0,-5.2,0,0,0,0,0,952.7,182.54216809053,13.0362211250605,117,,
2019,5,13,4,0,13.3,-76,0,-4.7,0,0,0,0,0,953,184.111368475177,11.8781547772337,103,,
2019,5,13,5,0,14.8,-70,0.2,-3.9,7,0,11,0,0,953.5,185.21543067687,10.7436750657348,90,,
2019,5,13,6,0,16.3,-64,1.5,-3.1,38,0,147,0,0,954.1,186.420247213775,10.5151418211404,78,,
2019,5,13,7,0,18.2,-55,0,-3.1,43,0,360,0,0,954.3,183.426508927513,9.21567077466307,66,,
2019,5,13,8,0,20.3,-44,0,-3.9,48,0,542,0,0,954.2,184.112852910205,9.42265749636674,56,,
2019,5,13,9,0,22.4,-29,0,-4.7,50,526.58,673,94.58,0,954.2,186.993017018464,10.0749475629267,47,,
2019,5,13,10,0,23.9,-10,0,-5.3,49,790.3,743,311.44,0,953.7,192.012365413753,10.810925761962,43,,
2019,5,13,11,0,24.8,11,0,-5.6,49,890.19,741,509.88,0,952.9,194.031358365858,11.4388873342494,43,,
2019,5,13,12,0,25.7,30,0,-5.9,47,938.07,669,662.61,0,952.1,191.569686063194,12.3484900755135,48,,
2019,5,13,13,0,25.9,45,0,-6.2,45,961.01,535,755.7,0,951.7,189.76580936412,12.9890243840752,56,,
2019,5,13,14,0,25.4,56,0,-6.5,40,966.75,351,780.88,0,951.6,190.026293054138,14.1139401353011,67,,
2019,5,13,15,0,24.9,64,0,-6.9,30,957.09,143,736.11,0,951.6,192.106997059713,15.6645704513617,79,,
2019,5,13,16,0,23.8,71,0,-6.7,4,929.02,8,625.19,0,951.9,193.800946135651,17.4406373087672,91,,
2019,5,13,17,0,22,76,0,-6.1,0,870.36,0,457.3,0,952.6,192.208597670406,18.4000473669467,104,,
2019,5,13,18,0,20.2,82,0,-5.5,0,743.6,0,249.44,0,953.3,195.471987364274,18.3195814997999,118,,
2019,5,13,19,0,18.9,87,0,-5.4,0,359.34,0,40.66,0,953.7,196.834477159329,18.6012381670754,131,,
2019,5,13,20,0,18,93,0,-5.7,0,0,0,0,0,953.8,196.865215637467,18.64894445515,145,,
2019,5,13,21,0,17.2,103,0,-5.9,0,0,0,0,0,954,198.804025670877,18.4816722851021,159,,
2019,5,13,22,0,16.5,137,0,-6.1,0,0,0,0,0,954.1,202.630983805416,18.2732180029341,171,,
2019,5,13,23,0,15.9,-132,0,-6.1,0,0,0,0,0,954,207.310566629759,17.487263935056,170,,
2019,5,14,0,0,15.3,-102,0,-6.2,0,0,0,0,0,953.9,210.344301641724,17.3120829633094,158,,
2019,5,14,1,0,14.8,-92,0,-6.2,0,0,0,0,0,953.9,215.616471007103,14.6165809253109,144,,
2019,5,14,2,0,14.4,-86,0,-6.2,0,0,0,0,0,953.9,212.401882191856,12.7876951408535,130,,
2019,5,14,3,0,14,-81,0.1,-6.3,0,0,0,0,0,953.9,205.338604419787,11.172438378171,117,,
2019,5,14,4,0,14.5,-76,16.8,-5.8,0,0,0,0,0,954.1,204.448030732104,10.2124626684852,103,,
2019,5,14,5,0,16,-70,4.5,-5,7,0,10,0,0,954.6,201.873850773642,8.05230155670384,90,,
2019,5,14,6,0,17.4,-63,1.2,-4.2,36,0,149,0,0,955,196.277608402671,7.31668137306911,78,,
2019,5,14,7,0,19.1,-55,0,-4.3,42,0,360,0,0,955.1,188.981524289672,6.73092112505435,66,,
2019,5,14,8,0,21,-44,0,-5.5,47,0,542,0,0,954.9,183.558247996843,6.86081340231548,56,,
2019,5,14,9,0,23,-29,0,-6.7,48,528.94,674,93.58,0,954.6,174.058597726713,8.18835583723623,48,,
2019,5,14,10,0,24.4,-10,0,-7.6,49,793.67,742,310.63,0,954.1,173.626589328641,9.67676437256487,43,,
2019,5,14,11,0,25.3,11,0,-8.4,49,893.26,740,509.11,0,953.3,179.488788309486,10.9375674095884,43,,
2019,5,14,12,0,26.2,30,0,-9.2,48,940.49,669,661.56,0,952.5,182.983962620775,12.9821467058223,48,,
2019,5,14,13,0,26.4,45,0,-9.8,45,962.73,534,754.18,0,952.1,185.071987609411,13.5644406288043,56,,
2019,5,14,14,0,25.8,55,0,-10.2,40,967.53,350,778.65,0,952.1,185.403135264087,13.7717138546007,67,,
2019,5,14,15,0,25.2,64,0,-10.6,29,956.89,143,733.23,0,952,190.579310637048,14.1264533662659,79,,
2019,5,14,16,0,24,70,0,-10.4,4,927.74,8,621.86,0,952.3,196.301462687366,14.5982029126562,91,,
2019,5,14,17,0,22.1,76,0,-9.6,0,869.71,0,454.75,0,952.9,199.666210235376,15.8084475048448,104,,
2019,5,14,18,0,20.2,81,0,-8.9,0,743.07,0,247.5,0,953.5,204.519454361681,15.954081534145,118,,
2019,5,14,19,0,18.8,86,0,-9,0,355.87,0,39.43,0,953.8,207.423971671532,15.4945161991847,131,,
2019,5,14,20,0,17.9,93,0,-10,0,0,0,0,0,953.9,206.097443082331,15.2015136043909,145,,
2019,5,14,21,0,17,102,0,-10.9,0,0,0,0,0,954,203.395877368854,15.0108183017135,159,,
2019,5,14,22,0,16.2,136,0,-11.4,0,0,0,0,0,953.9,209.580308555896,15.1050499907532,171,,
2019,5,14,23,0,15.6,-131,0,-11.4,0,0,0,0,0,953.8,215.882889018459,16.3676303821869,170,,
2019,5,15,0,0,15,-101,0,-11.5,0,0,0,0,0,953.7,216.049250339959,16.8270887058411,158,,
2019,5,15,1,0,14.5,-92,0,-11.4,0,0,0,0,0,953.5,214.86468312937,16.4621990656346,144,,
2019,5,15,2,0,14.1,-86,0,-11.4,0,0,0,0,0,953.3,211.223546591985,13.5346760256018,131,,
2019,5,15,3,0,13.6,-81,0,-11.3,0,0,0,0,0,953.1,209.948129267116,11.2208164026654,117,,
2019,5,15,4,0,14.1,-76,0,-10.8,0,0,0,0,0,953.3,208.093493201972,10.0868167132813,104,,
2019,5,15,5,0,15.5,-70,0.4,-9.7,6,0,10,0,0,954,206.066641143275,10.2408594614357,90,,
2019,5,15,6,0,16.9,-63,1.2,-8.7,35,0,148,0,0,954.7,204.969169753807,9.59609409082647,78,,
2019,5,15,7,0,18.8,-55,0,-8.5,41,0,359,0,0,954.8,206.315331454279,7.61316443276742,66,,
2019,5,15,8,0,21.3,-43,0,-9.1,45,0,539,0,0,954.5,202.318004720899,7.24166581264363,56,,
2019,5,15,9,0,23.7,-28,0,-9.7,48,525.17,668,91.77,0,954.3,199.687169264452,7.35150798916294,48,,
2019,5,15,10,0,25.3,-10,0,-10.1,51,793.09,732,308.49,0,953.7,194.142808121026,7.67374662353222,43,,
2019,5,15,11,0,26.2,11,0,-10.2,51,893.24,728,506.77,0,952.8,194.09080272719,8.00624817285841,44,,
2019,5,15,12,0,27,30,0,-10.3,50,940.62,656,659.05,0,951.9,191.030663785957,9.41182038866737,48,,
2019,5,15,13,0,27.2,44,0,-9.9,45,962.91,525,751.56,0,951.6,193.802157945516,10.6752008048554,57,,
2019,5,15,14,0,26.8,55,0,-8.9,40,504.64,342,663.93,0,951.6,200.779706804445,11.6816586647017,67,,
2019,5,15,15,0,26.4,64,0,-7.9,29,496.94,138,623.2,0,951.7,198.945264250156,11.2250265908023,79,,
2019,5,15,16,0,25,70,0,-7.5,4,926.37,7,618.53,0,951.9,199.937833661454,12.2907588080062,91,,
2019,5,15,17,0,22.7,76,0,-7.6,0,867.91,0,451.73,0,952.2,201.311160662847,14.2303730499647,105,,
2019,5,15,18,0,20.4,81,0,-7.6,0,740.27,0,244.97,0,952.5,205.134777388075,17.3537280874559,118,,
2019,5,15,19,0,18.8,86,0,-7.9,0,349.15,0,38.05,0,952.6,206.643568500605,17.8918282193622,132,,
2019,5,15,20,0,17.8,92,0,-8.4,0,0,0,0,0,952.5,210.537109582525,17.5513213248409,145,,
2019,5,15,21,0,16.8,102,0,-8.9,0,0,0,0,0,952.5,210.105653558341,17.9347062931543,159,,
2019,5,15,22,0,16.1,135,0,-8.9,0,0,0,0,0,952.3,215.835253216054,18.0876683344541,171,,
2019,5,15,23,0,15.5,-130,0,-8.5,0,0,0,0,0,952.1,219.102069189762,19.0570750312644,170,,
2019,5,16,0,0,15,-101,0,-8.1,0,0,0,0,0,951.8,225.996322099521,19.381685207435,158,,
2019,5,16,1,0,14.6,-92,0,-7.7,0,0,0,0,0,951.6,229.095270309232,18.9161074506837,144,,
2019,5,16,2,0,14.3,-86,0,-7.2,0,0,0,0,0,951.5,230.64582803458,16.2876796060241,131,,
2019,5,16,3,0,14,-81,0,-6.7,0,0,0,0,0,951.4,233.576869309583,12.9278057551686,117,,
2019,5,16,4,0,14.7,-75,0,-5.8,0,0,0,0,0,951.5,231.692748582901,12.3008006528443,104,,
2019,5,16,5,0,16.2,-70,0.4,-4.5,6,0,9,0,0,952,238.200668463354,10.1482665763464,91,,
2019,5,16,6,0,17.7,-63,0.1,-3.3,32,0,145,0,0,952.4,239.149736151951,9.84169333316633,78,,
2019,5,16,7,0,19.8,-54,0,-3.1,44,0,344,0,0,952.4,239.919285086874,8.17523497590939,66,,
2019,5,16,8,0,22.5,-43,0,-4,50,0,519,0,0,952.1,238.547808745608,7.85298956425528,56,,
2019,5,16,9,0,25.3,-28,0,-4.9,53,526.42,645,90.58,0,951.8,241.088945960208,7.59493911266862,48,,
2019,5,16,10,0,27,-10,0,-5.4,53,797.93,711,308.05,0,951.2,249.504001724431,7.55228043050579,44,,
2019,5,16,11,0,27.9,11,0,-5.3,53,899.96,708,507.69,0,950.4,248.114346564418,7.75400889556304,44,,
2019,5,16,12,0,28.7,30,0,-5.3,52,948.8,637,661.47,0,949.5,251.754242324294,7.94630485751438,49,,
2019,5,16,13,0,28.9,44,0,-5.4,49,972.46,506,755.43,0,949.1,248.565014715902,9.12728725477125,57,,
2019,5,16,14,0,28.3,55,0,-5.7,43,976.53,328,779.53,0,949,246.797543903359,9.92361621489664,67,,
2019,5,16,15,0,27.7,63,0.7,-6,32,965.23,128,733.52,0,949,248.613226541758,10.8608115486314,79,,
2019,5,16,16,0,26.3,70,0.1,-6.3,4,935.41,6,621.39,0,949.2,249.293888124247,12.1182884103343,92,,
2019,5,16,17,0,24,76,0,-6.7,0,877.78,0,454,0,949.7,252.854990357387,12.4146205391023,105,,
2019,5,16,18,0,21.7,81,0,-7.2,0,750.5,0,246,0,950.2,254.845715993906,13.0431140421761,118,,
2019,5,16,19,0,20.2,86,0,-7.7,0,356.07,0,37.51,0,950.4,257.407558762672,13.6683291799319,132,,
2019,5,16,20,0,19.5,92,0,-8.4,0,0,0,0,0,950.3,258.929368202625,14.0740326822879,145,,
2019,5,16,21,0,18.8,101,0,-9.1,0,0,0,0,0,950.2,261.273619962106,13.6932302474224,159,,
2019,5,16,22,0,18.1,135,0,-9.6,0,0,0,0,0,950.1,264.45873250273,13.747353483174,171,,
2019,5,16,23,0,17.4,-129,0,-9.8,0,0,0,0,0,949.9,266.865882528281,13.7779143190033,170,,
2019,5,17,0,0,16.8,-100,0,-10.1,0,0,0,0,0,949.7,265.356423676554,14.2257843754854,158,,
2019,5,17,1,0,16.1,-91,0,-10,0,0,0,0,0,949.5,262.307806389286,15.9003870697092,144,,
2019,5,17,2,0,15.5,-85,0,-9.5,0,0,0,0,0,949.4,266.610015873634,14.5254168646931,131,,
2019,5,17,3,0,14.9,-80,0,-9.1,0,0,0,0,0,949.2,270.280500130695,12.0202502124409,117,,
2019,5,17,4,0,15.1,-75,0,-8,0,0,0,0,0,949.4,278.113770039894,9.24495692222352,104,,
2019,5,17,5,0,16.2,-69,0,-6.3,6,0,9,0,0,949.9,282.11724442236,8.00249041421216,91,,
2019,5,17,6,0,17.3,-63,1.9,-4.6,41,0,128,0,0,950.4,287.218188716288,7.61464613293544,78,,
2019,5,17,7,0,18.9,-54,0,-3,46,0,334,0,0,950.6,296.530764782042,8.46567683074961,67,,
2019,5,17,8,0,21,-43,0,-1.3,53,0,507,0,0,950.6,302.273127944726,6.65752688576206,56,,
2019,5,17,9,0,23.1,-28,0,0.3,57,1.39,631,47.06,0,950.6,296.043869213342,7.2956381580219,48,,
2019,5,17,10,0,24.5,-9,0,1.3,60,259.18,694,231.36,0,950.3,293.124775215604,9.05146502683609,44,,
2019,5,17,11,0,25.2,11,0,1.5,60,282.97,692,405.02,0,949.7,300.439408366923,9.02078954814357,44,,
2019,5,17,12,0,25.9,29,0,1.8,58,335.99,624,517.42,0,949,306.149587690314,11.1118431959142,49,,
2019,5,17,13,0,25.8,44,0,2.2,52,973.83,498,753.54,0,948.8,310.971096729741,11.0867952849403,57,,
2019,5,17,14,0,24.9,55,0,2.6,45,980.04,323,779.2,0,948.9,308.91154219685,8.01671119745728,67,,
2019,5,17,15,0,24,63,0,3,31,970.93,128,734.64,0,949,318.315222120066,7.70034978627199,79,,
2019,5,17,16,0,22.8,70,0,3.3,4,943.43,6,623.56,0,949.3,313.004019036745,8.23648739874818,92,,
2019,5,17,17,0,21.3,75,0,3.5,0,884.36,0,454.73,0,949.9,318.209432536729,10.9082594364549,105,,
2019,5,17,18,0,19.8,80,0,3.8,0,755.04,0,245.49,0,950.4,329.436724165564,10.0709604389937,118,,
2019,5,17,19,0,18.6,85,0,3.8,0,0,0,8.64,0,950.9,321.038929482667,7.61055096685719,132,,
2019,5,17,20,0,17.5,91,0,3.7,0,0,0,0,0,951.4,306.949400653627,6.53093037055207,145,,
2019,5,17,21,0,16.4,100,0,3.5,0,0,0,0,0,951.8,299.056005604806,7.40907464413836,159,,
2019,5,17,22,0,15.4,134,0,3.4,0,0,0,0,0,952,304.436552186161,8.25562015097048,171,,
2019,5,17,23,0,14.5,-128,0,3.3,0,0,0,0,0,952,311.574594521777,10.0308747327665,171,,
2019,5,18,0,0,13.6,-99,0,3.3,0,0,0,0,0,952,311.55740697627,10.0282067155133,158,,
2019,5,18,1,0,12.8,-91,0,3.2,0,0,0,0,0,951.9,290.622530383828,7.96350986813533,144,,
2019,5,18,2,0,12,-85,0,3.1,0,0,0,0,0,951.6,290.283400492741,6.75086324547865,131,,
2019,5,18,3,0,11.3,-80,0,3,0,0,0,0,0,951.4,296.143178109291,5.68300374400985,117,,
2019,5,18,4,0,11.2,-75,0,3,0,0,0,0,0,951.6,307.309085471328,5.40724989577305,104,,
2019,5,18,5,0,11.7,-69,0,3.1,5,0,10,0,0,952,320.974103732244,5.4406207450486,91,,
2019,5,18,6,0,12.2,-63,0.3,3.2,33,0,146,0,0,952.5,328.640180761497,5.62210386812727,78,,
2019,5,18,7,0,13.6,-54,0,2.6,45,0,350,0,0,952.7,337.641042526446,5.00097982727995,67,,
2019,5,18,8,0,15.8,-43,0,1.4,51,0,529,0,0,952.6,351.748124946467,5.25358777426536,56,,
2019,5,18,9,0,18.1,-28,0,0.2,54,529.41,659,88.2,0,952.6,8.40218120816496,5.05018354346706,48,,
2019,5,18,10,0,20,-9,0,-0.9,56,805.4,725,306.37,0,952.1,12.1399620636707,5.62581116056829,44,,
2019,5,18,11,0,21.5,11,0,-1.7,56,131.45,723,380.95,0,951.4,13.5517827608989,6.33274689147911,44,,
2019,5,18,12,0,23.1,29,0,-2.5,54,353.57,652,519.96,0,950.6,20.1969562185424,5.97289487915011,49,,
2019,5,18,13,0,23.7,44,0,-3.2,51,974.43,519,751.16,0,950.3,22.9410212940666,4.72971944297455,57,,
2019,5,18,14,0,23.5,55,0,-3.8,44,979.54,338,776.04,0,950.3,42.8272012058116,2.6313150947038,68,,
2019,5,18,15,0,23.3,63,0,-4.4,30,969.28,135,730.84,0,950.3,65.1792446579439,1.99213318148578,79,,
2019,5,18,16,0,22.3,70,0,-4.6,4,940.51,7,619.39,0,950.7,63.5478162218755,1.49169437874842,92,,
2019,5,18,17,0,20.4,75,0,-4.3,0,357.08,0,365.55,0,951.4,74.1488804955579,0.974175383542458,105,,
2019,5,18,18,0,18.5,80,0,-4.1,0,205.38,0,171.18,0,952.2,129.465375863524,1.89184826397418,118,,
2019,5,18,19,0,17,85,0,-4.3,0,0,0,21.67,0,952.6,147.948352474143,3.59860317708372,132,,
2019,5,18,20,0,16,91,0,-5,0,0,0,0,0,952.7,148.912063655204,3.12370840690557,145,,
2019,5,18,21,0,14.9,100,0,-5.6,0,0,0,0,0,952.8,157.501760080539,2.98009666009008,159,,
2019,5,18,22,0,14.1,132,0,-6,0,0,0,0,0,952.9,166.678745406372,3.11863086152157,171,,
2019,5,18,23,0,13.5,-127,0,-6.1,0,0,0,0,0,952.9,171.263569712872,3.59987836977587,171,,
2019,5,19,0,0,12.8,-99,0,-6.1,0,0,0,0,0,952.9,176.445214463961,3.21268363287439,158,,
2019,5,19,1,0,12.3,-90,0,-6.2,0,0,0,0,0,952.7,211.830878514857,3.59943497029579,144,,
2019,5,19,2,0,11.9,-85,0,-6.3,0,0,0,0,0,952.5,211.282041637338,4.44649217282747,131,,
2019,5,19,3,0,11.4,-80,0,-6.3,0,0,0,0,0,952.2,222.576829200119,3.76529835893455,117,,
2019,5,19,4,0,12,-75,0,-5.9,0,0,0,0,0,952.4,212.534091492658,4.03963090066414,104,,
2019,5,19,5,0,13.6,-69,0,-5.2,5,0,9,0,0,952.9,213.140824954836,5.46676272076751,91,,
2019,5,19,6,0,15.2,-62,0.8,-4.5,35,0,141,0,0,953.4,187.90775419862,4.06201783170284,78,,
2019,5,19,7,0,17.4,-54,0,-4.5,45,0,344,0,0,953.6,146.665412688427,3.1699201286981,67,,
2019,5,19,8,0,20.1,-43,0,-5.3,51,0,521,0,0,953.4,146.933951969993,3.0995901365204,57,,
2019,5,19,9,0,22.9,-28,0,-6,55,520.08,648,85.74,0,953.3,147.498148234035,3.61261163361599,49,,
2019,5,19,10,0,24.8,-9,0,-6.2,58,797.75,712,301.95,0,952.8,141.10539179887,3.84421036273431,44,,
2019,5,19,11,0,26,11,0,-5.9,58,900.24,709,500.59,0,952,137.887673969965,3.01135066549458,44,,
2019,5,19,12,0,27.2,29,0,-5.6,57,948.63,637,653.37,0,951.1,131.409948905357,3.57848028425596,49,,
2019,5,19,13,0,27.6,44,0,-5.4,52,971.52,506,746.41,0,950.7,177.292492878083,1.48557342152064,57,,
2019,5,19,14,0,27.2,54,0,-5.4,45,977.97,327,772.19,0,950.6,197.946776735927,1.55981052096923,68,,
2019,5,19,15,0,26.8,63,0,-5.4,32,969.02,127,728.04,0,950.5,173.725747618897,1.99991545905775,79,,
2019,5,19,16,0,25.4,69,0,-5.1,4,941.55,6,617.6,0,950.6,155.567766584916,2.95584600804812,92,,
2019,5,19,17,0,23.2,75,0,-4.5,0,882.52,0,449.74,0,950.9,158.43773128773,3.80502082342499,105,,
2019,5,19,18,0,21,80,0,-3.8,0,752.37,0,241.52,0,951.3,159.257862872743,5.49231893271483,118,,
2019,5,19,19,0,19.3,85,0,-3.8,0,345.81,0,34.28,0,951.5,167.745647455363,6.91897679530343,132,,
2019,5,19,20,0,18.1,90,0,-4.4,0,0,0,0,0,951.7,169.58411314065,7.38707789732714,145,,
2019,5,19,21,0,17,99,0.2,-5,0,0,0,0,0,952,178.115188253457,7.9454520168563,159,,
2019,5,19,22,0,16.1,131,6,-5.5,0,0,0,0,0,952.1,188.072280281452,8.04018807650459,172,,
2019,5,19,23,0,15.5,-126,5.7,-6,0,0,0,0,0,952,195.427213937513,8.28233450749653,171,,
2019,5,20,0,0,14.9,-98,8.6,-6.5,0,0,0,0,0,952,198.268625680439,8.79835491604023,158,,
2019,5,20,1,0,14.4,-90,0.4,-7,0,0,0,0,0,952,199.00194576199,10.1499471738653,145,,
2019,5,20,2,0,13.9,-84,0,-7.4,0,0,0,0,0,951.9,193.855469381268,9.69172031745892,131,,
2019,5,20,3,0,13.4,-80,0,-7.8,0,0,0,0,0,951.9,188.890761221846,8.97479145223917,117,,
2019,5,20,4,0,14.1,-75,0,-7.9,0,0,0,0,0,952.1,187.796335040892,8.3229114358175,104,,
2019,5,20,5,0,15.8,-69,0,-7.6,5,0,8,0,0,952.5,191.629179870567,7.57732490905014,91,,
2019,5,20,6,0,17.6,-62,0.6,-7.3,35,0,134,0,0,953,196.987574075441,6.84546330249093,79,,
2019,5,20,7,0,19.8,-54,0,-7,47,0,331,0,0,953.2,192.604795620334,6.06803167857058,67,,
2019,5,20,8,0,22.6,-43,0,-6.9,54,0,505,0,0,953.1,191.861250733717,6.6896182869989,57,,
2019,5,20,9,0,25.4,-28,0,-6.8,57,536.39,631,86.25,0,953.1,187.582029726633,7.78664487767276,49,,
2019,5,20,10,0,27.2,-9,0,-6.3,59,818.99,696,306.49,0,952.7,183.064449958927,9.35291916763555,45,,
2019,5,20,11,0,28.1,11,0,-5.4,60,919.76,692,507.5,0,951.9,174.936992065446,9.07414558630309,45,,
2019,5,20,12,0,28.9,29,0,-4.5,58,966.68,622,661.66,0,951.1,179.302076851714,10.2620891328095,49,,
2019,5,20,13,0,29,43,0,-3.9,55,988.36,492,755.17,0,950.8,185.730568661329,11.2668302332708,57,,
2019,5,20,14,0,28.3,54,0,-3.4,47,995.21,315,781.57,0,950.9,188.44576963406,11.7557729164175,68,,
2019,5,20,15,0,27.7,63,0,-2.9,32,986.92,121,737.33,0,950.9,184.61571605394,12.7672788956703,79,,
2019,5,20,16,0,26.3,69,0,-2.4,4,960.4,5,626,0,951.2,188.902265772155,15.7796302124851,92,,
2019,5,20,17,0,24.2,75,0,-1.9,0,902.22,0,456.18,0,951.7,194.610162303566,14.6204148155604,105,,
2019,5,20,18,0,22.2,80,0,-1.5,0,772.86,0,245.17,0,952.2,196.854377399675,14.443901151374,118,,
2019,5,20,19,0,20.7,85,0,-1,0,361.68,0,34.28,0,952.5,197.831507887767,15.3088810240547,132,,
2019,5,20,20,0,19.6,90,0,-0.4,0,0,0,0,0,952.6,200.368382924469,16.1287029881405,145,,
2019,5,20,21,0,18.6,98,0,0.1,0,0,0,0,0,952.6,203.484480696611,17.4099285137617,159,,
2019,5,20,22,0,17.7,130,0,0.5,0,0,0,0,0,952.7,206.223564439106,17.7432160095779,172,,
2019,5,20,23,0,17,-125,0,0.9,0,0,0,0,0,952.7,208.49165693105,17.4837367133193,171,,
2019,5,21,0,0,16.3,-98,0,1.3,0,0,0,0,0,952.7,208.250854173887,17.7855785187057,158,,
2019,5,21,1,0,15.6,-90,0,1.6,0,0,0,0,0,952.6,211.926529860285,16.4070069621971,145,,
2019,5,21,2,0,15.1,-84,0,1.7,0,0,0,0,0,952.5,213.734112763078,14.1193168283738,131,,
2019,5,21,3,0,14.6,-79,0,1.9,0,0,0,0,0,952.4,209.283206283508,12.8668013804419,117,,
2019,5,21,4,0,15.2,-74,0,1.9,0,0,0,0,0,952.6,209.883499582927,12.1055262605693,104,,
2019,5,21,5,0,16.7,-69,0,1.8,5,0,7,0,0,953.1,212.676872907741,11.8151770249447,91,,
2019,5,21,6,0,18.3,-62,0,1.7,35,0,129,0,0,953.5,215.218290259581,11.6235420896112,79,,
2019,5,21,7,0,20.4,-53,0,1.1,50,0,320,0,0,953.7,223.903532680796,9.95378185536958,67,,
2019,5,21,8,0,23.2,-42,0,-0.1,58,0,492,0,0,953.6,229.396652417816,9.94530193663,57,,
2019,5,21,9,0,25.9,-28,0,-1.3,61,541.73,618,85.48,0,953.6,227.383374123852,10.2978806457723,49,,
2019,5,21,10,0,27.7,-9,0,-2.4,62,828.86,683,307.5,0,953.1,221.715436067855,11.2769254700997,45,,
2019,5,21,11,0,28.8,11,0,-3.2,62,928.52,681,509.26,0,952.3,223.377972620943,11.4038228409776,45,,
2019,5,21,12,0,29.8,29,0,-4.1,60,974.48,613,663.73,0,951.4,221.059593655173,12.6140447371903,50,,
2019,5,21,13,0,30,43,0,-4.6,57,995.26,484,757.12,0,951.1,225.200714319348,14.3133132622032,58,,
2019,5,21,14,0,29.3,54,0,-4.6,50,998.67,309,781.3,0,951.1,229.578099963127,14.2955181295375,68,,
2019,5,21,15,0,28.7,62,6.6,-4.7,46,987.13,96,734.94,0,951.2,231.725092343181,13.8927018608855,80,,
2019,5,21,16,0,27.8,69,0.2,-5,4,957.21,4,621.91,0,951.5,229.388561472609,14.3306920676696,92,,
2019,5,21,17,0,26.5,75,0,-5.3,0,898.88,0,452.8,0,952,230.569085846984,14.3782486758629,105,,
2019,5,21,18,0,25.2,79,0.1,-5.7,0,768.91,0,242.67,0,952.4,235.726753205998,13.9827760873621,118,,
2019,5,21,19,0,23.6,84,19.9,-5.6,0,354.67,0,33.13,0,952.8,245.394019492028,11.5185568502215,132,,
2019,5,21,20,0,21.7,90,20.8,-5.1,0,0,0,0,0,952.9,249.078193255739,10.3458570520472,146,,
2019,5,21,21,0,19.8,98,26.6,-4.5,0,0,0,0,0,953.1,249.371804759962,10.6971626877341,159,,
2019,5,21,22,0,18.4,129,21.6,-4.5,0,0,0,0,0,953.2,255.696824212694,10.1784474138145,172,,
2019,5,21,23,0,17.5,-124,23.7,-4.9,0,0,0,0,0,953.2,261.538974513258,9.78965972036267,171,,
2019,5,22,0,0,16.6,-97,23.8,-5.3,0,0,0,0,0,953.1,264.960836946129,8.84228721304797,158,,
2019,5,22,1,0,16.1,-89,30,-5.8,0,0,0,0,0,953.1,262.479449644929,10.5000408587996,145,,
2019,5,22,2,0,15.8,-84,30.2,-6.2,0,0,0,0,0,953.1,263.607701184974,8.02651016709857,131,,
2019,5,22,3,0,15.5,-79,24.1,-6.7,0,0,0,0,0,953,268.897228544198,7.50138938969993,117,,
2019,5,22,4,0,16,-74,30.1,-7,0,0,0,0,0,953.3,275.731649455195,6.53265967146298,104,,
2019,5,22,5,0,17.4,-68,11,-7.1,6,0,5,0,0,953.8,277.460998072153,6.3781968693136,91,,
2019,5,22,6,0,18.8,-62,2.2,-7.3,42,0,118,0,0,954.4,284.198591492927,7.03923465792491,79,,
2019,5,22,7,0,21.1,-53,0.3,-6.9,56,0,310,0,0,954.6,279.706100636023,8.31826739742783,67,,
2019,5,22,8,0,24.3,-42,1.5,-5.9,79,0,459,0,0,954.5,282.916410802159,7.84694100441398,57,,
2019,5,22,9,0,27.4,-28,7.9,-5,163,532.31,455,83.07,0,954.4,285.245827004407,7.90313930302443,49,,
2019,5,22,10,0,29.4,-9,21.5,-4.2,330,819.74,250,302.69,0,954,290.509033903166,7.71564983594471,45,,
2019,5,22,11,0,30.2,11,5.4,-3.7,141,919.47,556,502.63,0,953.2,295.962878935548,7.62070640302293,45,,
2019,5,22,12,0,31.1,29,0,-3.1,59,964.9,608,655.46,0,952.5,301.942245702061,7.6275346318914,50,,
2019,5,22,13,0,31.1,43,0,-2.7,53,984.92,482,747.56,0,952.1,319.818286871708,7.27069496497496,58,,
2019,5,22,14,0,30.3,54,0,-2.4,45,990.31,310,772.94,0,952,335.889966985988,6.19704794646793,68,,
2019,5,22,15,0,29.6,62,0,-2,30,980.42,119,728.1,0,952,312.482444029213,6.47798560411922,80,,
2019,5,22,16,0,28.6,69,0,-2.1,3,148.71,5,474.64,0,952.1,296.987602414471,4.74311078913906,92,,
2019,5,22,17,0,27.3,74,0,-2.5,0,303.17,0,348.11,0,952.5,301.25633472532,4.4187785177447,105,,
2019,5,22,18,0,26.1,79,0,-2.9,0,761.55,0,239.42,0,952.9,289.008333093599,3.44169254603814,118,,
2019,5,22,19,0,24.6,84,0,-2.9,0,343.97,0,31.86,0,953.2,297.259233222004,2.71159599063858,132,,
2019,5,22,20,0,22.9,89,0,-2.3,0,0,0,0,0,953.5,267.932059197237,4.1123291512701,146,,
2019,5,22,21,0,21.2,97,0,-1.8,0,0,0,0,0,953.7,295.69912639481,5.99181607459096,159,,
2019,5,22,22,0,19.8,128,0,-1.3,0,0,0,0,0,953.8,284.289090708327,7.17180770196612,172,,
2019,5,22,23,0,18.7,-123,0,-0.8,0,0,0,0,0,953.8,282.168241945809,10.2305877574439,171,,
2019,5,23,0,0,17.5,-97,0,-0.3,0,0,0,0,0,953.8,278.085570486744,11.5013978156632,158,,
2019,5,23,1,0,16.8,-89,0,0.3,0,0,0,0,0,953.8,265.617106292904,12.7170149515839,145,,
2019,5,23,2,0,16.4,-84,0,1.1,0,0,0,0,0,953.8,266.590285590076,12.530223991631,131,,
2019,5,23,3,0,16,-79,0,1.9,0,0,0,0,0,953.7,277.124595191184,11.5342327719388,118,,
2019,5,23,4,0,16.6,-74,0,2.5,0,0,0,0,0,954,281.102825766791,10.389635585905,104,,
2019,5,23,5,0,18.3,-68,0,3,4,0,7,0,0,954.6,274.927970818573,10.785848890399,91,,
2019,5,23,6,0,19.9,-62,0,3.5,32,0,127,0,0,955.2,267.561882912477,10.3529380195402,79,,
2019,5,23,7,0,22.2,-53,0,3.1,48,0,316,0,0,955.4,278.600845933986,8.33644362737456,67,,
2019,5,23,8,0,24.9,-42,0,1.9,56,0,483,0,0,955.2,277.561249237253,6.710764431789,57,,
2019,5,23,9,0,27.7,-27,0,0.6,62,519.72,604,80.39,0,955,293.30069355366,5.33337290318053,49,,
2019,5,23,10,0,29.4,-9,0,0.4,64,810.1,666,297.87,0,954.5,313.430756610045,5.228247080696,45,,
2019,5,23,11,0,30.1,10,0,1.2,65,912.59,661,497.15,0,953.7,314.442962523036,5.63541375574673,45,,
2019,5,23,12,0,30.8,28,0,2.1,64,960,593,650.08,0,952.9,314.603703610202,5.11863663258542,50,,
2019,5,23,13,0,31,43,0,2.4,58,981.7,467,742.85,0,952.5,311.965804102187,4.42846900055151,58,,
2019,5,23,14,0,30.5,54,0,2.1,49,985.96,298,767.43,0,952.4,300.253237708914,4.67551244417408,68,,
2019,5,23,15,0,30,62,0,1.9,32,974.83,113,722.1,0,952.4,300.131410592107,5.61804591983736,80,,
2019,5,23,16,0,28.9,69,0,1.4,3,945.05,4,610.77,0,952.5,302.594900882659,5.45230167422131,92,,
2019,5,23,17,0,27,74,0,0.8,0,883.95,0,442.85,0,952.9,296.653285785353,5.62515631368894,105,,
2019,5,23,18,0,25.1,79,0,0.1,0,750.06,0,235.21,0,953.4,291.0627922219,6.90231696659955,118,,
2019,5,23,19,0,23.8,84,0,-0.3,0,328.54,0,30.43,0,953.5,294.046220677134,5.35948195636846,132,,
2019,5,23,20,0,23.1,89,0,-0.4,0,0,0,0,0,953.5,307.632269090054,4.43379766661782,146,,
2019,5,23,21,0,22.4,97,0.1,-0.5,0,0,0,0,0,953.4,325.919757631576,2.96191522235986,159,,
2019,5,23,22,0,21.8,127,18,-0.5,0,0,0,0,0,953.3,358.511850217261,1.80141183104282,172,,
2019,5,23,23,0,21.3,-122,30.1,-0.4,0,0,0,0,0,953,33.609500101988,0.938288087579751,171,,
2019,5,24,0,0,20.8,-96,32.8,-0.2,0,0,0,0,0,952.8,99.0725724643535,1.36058779115303,158,,
2019,5,24,1,0,20.3,-89,30.5,-0.1,0,0,0,0,0,952.5,195.238548567154,0.773163284319114,145,,
2019,5,24,2,0,19.8,-83,31.4,0,0,0,0,0,0,952.2,244.585150695844,2.7848559979384,131,,
2019,5,24,3,0,19.3,-79,28.2,0.1,0,0,0,0,0,952,252.51658419977,4.23856682643699,118,,
2019,5,24,4,0,19.5,-74,1.1,0.3,0,0,0,0,0,952.1,258.830696484206,5.92844348137453,104,,
2019,5,24,5,0,20.4,-68,0.1,0.5,4,0,6,0,0,952.7,264.34084368927,7.04970848853375,91,,
2019,5,24,6,0,21.3,-61,1.5,0.8,37,0,116,0,0,953.3,268.80399623452,6.72405215053238,79,,
2019,5,24,7,0,22.8,-53,0.3,1.2,55,0,297,0,0,953.5,261.65978611526,3.60833545756112,68,,
2019,5,24,8,0,24.9,-42,4,1.7,103,0,403,0,0,953.3,258.87342041332,3.35993895540845,57,,
2019,5,24,9,0,27,-27,0,2.1,68,0,583,26.13,0,953,254.049421304841,4.98885859267656,50,,
2019,5,24,10,0,28.5,-9,0,2.5,72,0,640,93.41,0,952.6,261.278517291181,5.22821509302351,45,,
2019,5,24,11,0,29.3,10,1.7,2.8,98,30.35,599,165.81,0,951.9,264.706478777583,5.58595539002126,45,,
2019,5,24,12,0,30,28,9.7,3.1,193,20.9,385,313.78,0,951.3,271.885201821554,5.58854838586411,50,,
2019,5,24,13,0,30.2,43,10.1,3.4,159,464.82,303,601.45,0,950.9,261.761632025975,7.3843132570848,58,,
2019,5,24,14,0,29.8,54,10.6,3.9,125,180.06,172,574.51,0,950.8,256.661565017755,6.55098119818603,68,,
2019,5,24,15,0,29.4,62,13.3,4.3,69,954.45,50,706.36,0,950.7,258.919883098226,7.25548944290546,80,,
2019,5,24,16,0,28.8,68,29.7,4.4,5,936.15,0,603.67,0,951,254.099596814074,8.18334262336833,92,,
2019,5,24,17,0,27.8,74,25.8,4.2,0,876.16,0,437.81,0,951.5,249.350625611718,7.64267279360858,105,,
2019,5,24,18,0,26.9,79,25.1,4,0,743.15,0,232.2,0,952,244.767036781552,8.19131904707329,118,,
2019,5,24,19,0,25.6,84,35.2,3.6,0,320.53,0,29.42,0,952.2,239.958041855931,9.27697617253762,132,,
2019,5,24,20,0,24,89,42.3,3.1,0,0,0,0,0,952.2,235.115503054473,9.82819289356806,146,,
2019,5,24,21,0,22.5,96,45.5,2.6,0,0,0,0,0,952.1,237.897064623368,9.73917088870513,159,,
2019,5,24,22,0,21.4,126,45.2,2.4,0,0,0,0,0,952,258.287732668186,10.5239405485193,172,,
2019,5,24,23,0,21,-121,45.4,2.5,0,0,0,0,0,951.9,258.392810757081,13.41543032926,172,,
2019,5,25,0,0,20.5,-95,45.3,2.5,0,0,0,0,0,951.8,252.11845727002,13.7259209816615,158,,
2019,5,25,1,0,20.2,-88,30.4,2.6,0,0,0,0,0,951.6,252.206080165819,11.6432513185807,145,,
2019,5,25,2,0,19.9,-83,30.7,2.9,0,0,0,0,0,951.4,246.362747424779,10.3365121679828,131,,
2019,5,25,3,0,19.6,-78,30.1,3.1,0,0,0,0,0,951.2,242.567182892118,10.3609861879908,118,,
2019,5,25,4,0,19.9,-74,31.3,3.5,0,0,0,0,0,951.4,237.262894855904,10.6908144607713,104,,
2019,5,25,5,0,20.7,-68,27.3,4.1,6,0,1,0,0,952,241.112926643495,11.3768393014659,92,,
2019,5,25,6,0,21.5,-61,2.8,4.7,40,0,107,0,0,952.6,251.596325182419,12.0747943427014,79,,
2019,5,25,7,0,23,-53,1.4,4.8,63,0,281,0,0,952.8,252.276802302357,9.48143912179871,68,,
2019,5,25,8,0,25,-42,0.4,4.5,67,0,452,0,0,952.6,252.988643639096,8.61142862716378,58,,
2019,5,25,9,0,27,-27,0.8,4.2,81,515.56,560,77.35,0,952.4,248.224948038596,8.41316908217975,50,,
2019,5,25,10,0,28.4,-9,0,4,72,813.49,638,295.02,0,951.9,239.60675638196,7.84406920066783,46,,
2019,5,25,11,0,29.2,10,1,3.8,87,916.96,613,494.66,0,951.1,236.07305215885,7.7966892844554,46,,
2019,5,25,12,0,30,28,1,3.5,82,964.78,551,648.04,0,950.3,233.781469417603,7.52994935896287,50,,
2019,5,25,13,0,30.2,42,14.5,3.4,175,986.72,264,741.23,0,949.9,232.512521785106,6.11015308196299,58,,
2019,5,25,14,0,29.7,53,13.2,3.3,132,993.63,160,767.84,0,949.9,233.449434001603,7.10946702189492,68,,
2019,5,25,15,0,29.3,62,28.3,3.2,72,985.23,32,724.31,0,949.9,240.88756242196,7.41773749971643,80,,
2019,5,25,16,0,28.4,68,1.3,3.2,4,958.38,3,614.16,0,950.1,237.386436502695,7.98576539853616,92,,
2019,5,25,17,0,27.1,74,23.2,3.5,0,899.76,0,446.1,0,950.6,230.242930342432,7.74389188194699,105,,
2019,5,25,18,0,25.8,79,47.8,3.7,0,768.27,0,237.18,0,951.1,225.9159070398,7.80940952179779,119,,
2019,5,25,19,0,24.8,83,30.5,3.7,0,341.37,0,29.77,0,951.4,219.907519810643,9.20650158449379,132,,
2019,5,25,20,0,24,88,30.7,3.5,0,0,0,0,0,951.5,219.568951738288,8.63413672261475,146,,
2019,5,25,21,0,23.3,96,27.1,3.3,0,0,0,0,0,951.6,222.25519091616,7.83626543693108,159,,
2019,5,25,22,0,22.7,124,13.3,3.3,0,0,0,0,0,951.7,224.187833591563,9.13463429403697,172,,
2019,5,25,23,0,22.3,-120,12.7,3.4,0,0,0,0,0,951.6,227.27081453893,7.88593219842477,172,,
2019,5,26,0,0,21.9,-95,12.6,3.6,0,0,0,0,0,951.5,242.917536205741,7.07675493373634,159,,
2019,5,26,1,0,21.4,-88,0.4,3.7,0,0,0,0,0,951.5,258.902528103396,7.018297741212,145,,
2019,5,26,2,0,20.9,-83,0,3.8,0,0,0,0,0,951.4,256.79722905676,7.47161827237798,131,,
2019,5,26,3,0,20.3,-78,0.1,3.9,0,0,0,0,0,951.3,239.523534717386,7.74686602515474,118,,
2019,5,26,4,0,20.5,-73,16.7,4.2,0,0,0,0,0,951.6,238.754283382807,8.25259488475306,105,,
2019,5,26,5,0,21.5,-68,21.2,4.7,7,0,1,0,0,952.1,236.894742698784,7.20114116026874,92,,
2019,5,26,6,0,22.4,-61,2,5.2,35,0,114,0,0,952.6,240.002773299972,6.87484048081508,79,,
2019,5,26,7,0,23.7,-53,0,4.8,49,0,300,0,0,952.8,228.008830671917,6.22367800321486,68,,
2019,5,26,8,0,25.3,-42,0,3.6,59,0,464,0,0,952.6,212.013221581944,6.53684774076514,58,,
2019,5,26,9,0,26.9,-27,0,2.4,65,482.48,583,72.67,0,952.5,208.436108864935,6.3830612514306,50,,
2019,5,26,10,0,28.1,-9,0.6,1.6,81,784.9,625,284.73,0,952,209.329661256112,6.20511724967269,46,,
2019,5,26,11,0,28.8,10,2.3,1.2,107,892.12,584,481.04,0,951.2,215.487379893134,6.48046617417904,46,,
2019,5,26,12,0,29.6,28,12.3,0.7,207,942.54,356,632.63,0,950.4,225.409195269342,6.29744010520602,50,,
2019,5,26,13,0,29.7,42,12.3,0.4,181,966.46,266,725.38,0,950.1,228.785959926655,6.78711349256625,58,,
2019,5,26,14,0,29.2,53,22.3,0.4,149,973.36,118,751.63,0,950.2,230.093442797129,7.00698462275081,68,,
2019,5,26,15,0,28.8,61,50.3,0.4,65,964.57,0,708.78,0,950.2,230.983212300422,7.26467142330936,80,,
2019,5,26,16,0,27.9,68,35.2,0.6,5,936.97,0,600.36,0,950.5,230.429377285525,7.41861639712374,92,,
2019,5,26,17,0,26.7,74,38.5,1.1,0,876.68,0,434.9,0,951.1,229.640651773971,8.02752479903494,105,,
2019,5,26,18,0,25.5,78,12.3,1.6,0,742.76,0,229.8,0,951.6,230.197448740431,8.9383828989472,119,,
2019,5,26,19,0,24.6,83,38.7,1.9,0,314.32,0,28,0,951.9,230.960876728709,8.96665479025525,132,,
2019,5,26,20,0,23.9,88,36,2.1,0,0,0,0,0,952.1,233.482153655335,8.44715800431721,146,,
2019,5,26,21,0,23.2,95,42.7,2.4,0,0,0,0,0,952.2,239.876681352232,8.83331223325136,159,,
2019,5,26,22,0,22.6,123,28.8,2.8,0,0,0,0,0,952.2,247.166124802285,8.59536872606045,172,,
2019,5,26,23,0,22,-119,28.1,3.3,0,0,0,0,0,952.2,253.271261839228,8.35773528877135,172,,
2019,5,27,0,0,21.4,-94,27.9,3.9,0,0,0,0,0,952.2,255.190554567644,8.02045045756731,159,,
2019,5,27,1,0,20.9,-88,30.8,4.3,0,0,0,0,0,952.2,241.186142507611,7.10645808836592,145,,
2019,5,27,2,0,20.4,-83,31,4.5,0,0,0,0,0,952.2,245.860069240006,6.49368064094013,131,,
2019,5,27,3,0,20,-78,32.9,4.7,0,0,0,0,0,952.2,253.17731364852,4.93792718639821,118,,
2019,5,27,4,0,20.1,-73,33,4.8,0,0,0,0,0,952.5,226.416342572004,4.9564282830393,105,,
2019,5,27,5,0,20.7,-68,24.2,4.8,6,0,0,0,0,953,235.053586998375,7.86876297677595,92,,
2019,5,27,6,0,21.4,-61,32.6,4.8,85,0,9,0,0,953.5,240.975665212721,8.94417624463319,79,,
2019,5,27,7,0,22.3,-53,27.6,4.6,184,0,63,0,0,953.7,248.860994951174,6.48734937192593,68,,
2019,5,27,8,0,23.7,-42,40.6,4.1,304,0,2,0,0,953.5,247.735804155868,5.45334834675746,58,,
2019,5,27,9,0,25,-27,37.3,3.7,373,448.12,28,67.81,0,953.4,254.656602221883,4.01405046226249,50,,
2019,5,27,10,0,26.1,-9,52.4,3.4,330,748.83,3,271.87,0,953,267.183016763289,3.24990590851994,46,,
2019,5,27,11,0,26.9,10,71.1,3.4,201,271.75,0,348.46,0,952.3,271.165728666659,3.09018436534809,46,,
2019,5,27,12,0,27.6,28,65.4,3.4,217,29.35,0,250.74,0,951.5,267.075284674507,2.21340665501576,51,,
2019,5,27,13,0,27.8,42,37.6,3.4,259,407.26,55,567.63,0,951.3,268.600318318336,1.58599678170583,58,,
2019,5,27,14,0,27.3,53,43.4,3.4,185,929.4,3,718.4,0,951.4,276.952772544741,1.77842711642577,69,,
2019,5,27,15,0,26.8,61,23.2,3.4,78,41.91,24,371.28,0,951.5,276.259712723306,2.4403539567607,80,,
2019,5,27,16,0,26.1,68,0.4,3.6,3,54.44,3,348.14,0,951.9,271.757735580321,2.68108704199434,92,,
2019,5,27,17,0,25.1,73,3,4.1,0,37.53,0,242.07,0,952.4,271.698880373394,3.42731075657119,105,,
2019,5,27,18,0,24.1,78,9.7,4.6,0,29.4,0,113.57,0,952.9,279.398009061684,4.71163179990819,119,,
2019,5,27,19,0,23.2,83,29.5,4.6,0,0,0,10.54,0,953.3,287.435703278809,4.32787043795901,132,,
2019,5,27,20,0,22.4,88,35.7,4.2,0,0,0,0,0,953.4,291.994380164646,4.45311640311576,146,,
2019,5,27,21,0,21.6,94,30.6,3.8,0,0,0,0,0,953.5,296.118867295061,4.07228488690723,159,,
2019,5,27,22,0,20.9,122,1.1,3.4,0,0,0,0,0,953.5,311.563170550981,3.46190211341615,172,,
2019,5,27,23,0,20.2,-118,0,3.2,0,0,0,0,0,953.3,329.126633705598,2.0257078420521,172,,
2019,5,28,0,0,19.6,-94,0,3,0,0,0,0,0,953.1,315.693443510458,0.939780420767177,159,,
2019,5,28,1,0,19,-87,0,2.7,0,0,0,0,0,953,277.749605267458,5.44815041022521,145,,
2019,5,28,2,0,18.4,-82,0,2.5,0,0,0,0,0,952.9,293.264897905235,4.27327008110577,131,,
2019,5,28,3,0,17.9,-78,0,2.2,0,0,0,0,0,952.9,297.25246627211,3.5151957572082,118,,
2019,5,28,4,0,18,-73,0,2.1,0,0,0,0,0,953.1,298.157994505553,3.77498812044397,105,,
2019,5,28,5,0,18.7,-68,0.2,2.1,4,0,4,0,0,953.6,303.485016773868,3.00231508055864,92,,
2019,5,28,6,0,19.4,-61,14.8,2.2,71,0,53,0,0,954,286.037231781633,2.47535620758815,80,,
2019,5,28,7,0,20.7,-52,13.9,2.1,140,0,151,0,0,954.2,357.030925081814,1.510069527224,68,,
2019,5,28,8,0,22.5,-41,19.5,1.7,240,0,174,0,0,954,38.0264921575161,1.50286610937508,58,,
2019,5,28,9,0,24.4,-27,6.4,1.3,151,0.32,448,9.06,0,953.8,53.9502668201558,1.79243552864502,50,,
2019,5,28,10,0,25.6,-9,0,1.3,82,742.01,620,268.09,0,953.3,80.3279485139543,1.95357323552475,46,,
2019,5,28,11,0,26.2,10,0,1.6,81,850.19,619,456.93,0,952.5,114.415055062177,1.68183162869976,46,,
2019,5,28,12,0,26.8,28,0,1.9,76,900.76,556,602.93,0,951.7,153.245747546853,2.17837980491497,51,,
2019,5,28,13,0,26.8,42,0.9,2.3,74,924.11,428,692.01,0,951.3,182.268563232027,3.64722873797144,59,,
2019,5,28,14,0,26.2,53,0,2.6,53,929.54,279,716.48,0,951.3,191.107350272378,3.48710358444375,69,,
2019,5,28,15,0,25.6,61,0,3,33,918.62,101,674.15,0,951.4,199.264081882505,3.31461317996271,80,,
2019,5,28,16,0,24.7,68,0,3.5,3,888.12,3,568.76,0,951.6,205.32927090449,3.66077897286231,92,,
2019,5,28,17,0,23.7,73,0,4.2,0,827.08,0,410.49,0,952,208.587875392187,3.85275382349221,105,,
2019,5,28,18,0,22.7,78,0,4.8,0,692.34,0,214.84,0,952.5,211.822780930341,3.82968804051152,119,,
2019,5,28,19,0,21.7,83,0,5.2,0,262.52,0,24.75,0,952.8,198.538828421695,3.37853453130448,132,,
2019,5,28,20,0,20.7,87,0,5.5,0,0,0,0,0,953,187.125016348902,3.02334665561196,146,,
2019,5,28,21,0,19.8,94,0,5.8,0,0,0,0,0,953.3,178.123348703115,2.85716218224309,159,,
2019,5,28,22,0,19,121,5.2,5.9,0,0,0,0,0,953.3,179.24347074934,2.9341024802778,172,,
2019,5,28,23,0,18.3,-117,6.3,5.9,0,0,0,0,0,953.1,177.143362483646,3.2855166847949,172,,
2019,5,29,0,0,17.7,-94,4.7,5.9,0,0,0,0,0,952.8,177.048716413864,3.25834286112442,159,,
2019,5,29,1,0,17.1,-87,46,5.8,0,0,0,0,0,952.6,175.72746978596,3.61567781586287,145,,
2019,5,29,2,0,16.6,-82,41,5.5,0,0,0,0,0,952.5,196.572012914391,3.34203855244356,131,,
2019,5,29,3,0,16.1,-78,17.6,5.2,0,0,0,0,0,952.4,202.045843118883,3.61165784912976,118,,
2019,5,29,4,0,16.2,-73,24.7,4.9,0,0,0,0,0,952.7,214.060608280991,3.0410811693681,105,,
2019,5,29,5,0,16.7,-67,9.7,4.6,5,0,3,0,0,953.2,223.004723859718,2.45697966425997,92,,
2019,5,29,6,0,17.3,-61,0.5,4.2,38,0,102,0,0,953.7,238.254374080913,1.46990966481176,80,,
2019,5,29,7,0,18.5,-52,0,3.9,58,0,279,0,0,953.9,114.730457327598,3.10936864032123,68,,
2019,5,29,8,0,20.4,-41,0,3.6,70,0,440,0,0,953.9,113.257816420012,3.48216577267656,58,,
2019,5,29,9,0,22.3,-27,0,3.3,76,0,560,21.28,0,953.9,120.385915024655,3.85352325693137,51,,
2019,5,29,10,0,23.7,-9,0,3.4,76,0,628,88.43,0,953.5,127.086964764757,4.51487155162157,46,,
2019,5,29,11,0,24.5,10,0,3.7,74,60.54,630,291.54,0,952.7,134.510965283735,4.87523355365026,46,,
2019,5,29,12,0,25.3,28,0,4,70,163.27,568,445.62,0,951.9,144.843585749552,5.42713237947607,51,,
2019,5,29,13,0,25.5,42,0,4.1,63,345.36,449,513.39,0,951.5,149.053809592472,5.92490950449941,59,,
2019,5,29,14,0,25,53,0,4,51,142.9,285,511.55,0,951.5,151.408781444023,5.64027718342518,69,,
2019,5,29,15,0,24.4,61,0,3.9,31,32.36,106,250.16,0,951.5,150.451420325959,4.97447144988019,80,,
2019,5,29,16,0,23.6,68,0,3.8,3,45.03,4,149.19,0,951.8,155.475869975123,4.64932556743545,92,,
2019,5,29,17,0,22.4,73,0,3.8,0,0,0,152.09,0,952.5,154.949620197662,4.61300838698561,105,,
2019,5,29,18,0,21.2,78,0,3.8,0,0,0,60.19,0,953.2,150.963242524516,5.35176035932568,119,,
2019,5,29,19,0,20.2,82,0,3.6,0,0,0,2.29,0,953.7,151.969181043116,7.65531359462136,132,,
2019,5,29,20,0,19.2,87,0,3.3,0,0,0,0,0,954.2,158.219568702956,7.41138609042699,146,,
2019,5,29,21,0,18.2,93,0,2.9,0,0,0,0,0,954.6,162.056529138981,7.31638571691582,159,,
2019,5,29,22,0,17.3,120,0,2.7,0,0,0,0,0,954.8,162.4545433014,8.03345087338261,173,,
2019,5,29,23,0,16.6,-116,0,2.5,0,0,0,0,0,954.8,163.938526456344,8.20248732815479,172,,
2019,5,30,0,0,15.9,-93,0,2.2,0,0,0,0,0,954.8,166.675954833437,7.69507033612943,159,,
2019,5,30,1,0,15.2,-87,0,2.1,0,0,0,0,0,954.7,166.617839788009,7.88176762325146,145,,
2019,5,30,2,0,14.6,-82,0,2.2,0,0,0,0,0,954.6,166.627302357413,7.44792019013274,132,,
2019,5,30,3,0,13.9,-78,0,2.2,0,0,0,0,0,954.5,168.29687296141,7.14450048904918,118,,
2019,5,30,4,0,14,-73,0,2.4,0,0,0,0,0,954.8,163.883779776396,7.02193659954036,105,,
2019,5,30,5,0,14.7,-67,0,2.7,3,0,5,0,0,955.5,158.128576473064,7.10929920793122,92,,
2019,5,30,6,0,15.4,-61,0,3,29,0,121,0,0,956.1,158.28009983223,7.1564717004945,80,,
2019,5,30,7,0,16.5,-52,0,3,43,0,311,0,0,956.4,144.800124603789,7.15610940139318,68,,
2019,5,30,8,0,18.1,-41,0,2.6,49,0,483,0,0,956.4,148.522016826823,7.99700703967775,58,,
2019,5,30,9,0,19.6,-27,0,2.3,52,0,609,19.84,0,956.4,152.706294740714,9.49866196523382,51,,
2019,5,30,10,0,20.9,-9,0,1.7,53,0,675,85.88,0,956,157.963056706624,10.4845446053427,46,,
2019,5,30,11,0,21.9,10,0,0.9,52,25.09,675,111.28,0,955.2,165.157970554608,11.5290276851411,47,,
2019,5,30,12,0,22.9,28,0,0.1,51,43.46,608,176.73,0,954.4,166.674703525794,11.2878145343272,51,,
2019,5,30,13,0,23.1,42,0,-0.5,47,53.76,480,258.95,0,954,172.551917557713,10.3958232054144,59,,
2019,5,30,14,0,22.6,53,0,-0.9,41,106.08,306,492.2,0,954,173.706174500852,10.2253711574212,69,,
2019,5,30,15,0,22.1,61,0,-1.2,27,81.64,115,188.03,0,954,175.80602928506,10.5751012456806,80,,
2019,5,30,16,0,21.2,67,0,-1.1,2,13.62,4,301.46,0,954.2,176.621639979931,10.5376831221211,93,,
2019,5,30,17,0,19.9,73,0,-0.6,0,840.26,0,413.92,0,954.7,178.517637550971,9.81943950247658,105,,
2019,5,30,18,0,18.7,78,0,0,0,0,0,91.99,0,955.2,180.910853444062,10.8061909594376,119,,
2019,5,30,19,0,17.7,82,0,0.4,0,0,0,14.3,0,955.5,168.823087193219,10.5591875671943,132,,
2019,5,30,20,0,17,87,0,0.4,0,0,0,0,0,955.6,166.615203283276,10.5801467336483,146,,
2019,5,30,21,0,16.3,93,0,0.5,0,0,0,0,0,955.7,168.195297307063,10.367661313126,159,,
2019,5,30,22,0,15.7,118,0,0.7,0,0,0,0,0,955.8,168.146298377147,10.8004918686319,173,,
2019,5,30,23,0,15.2,-115,0,0.9,0,0,0,0,0,955.8,168.562745427328,10.3219257139173,172,,
2019,5,31,0,0,14.7,-93,0,1.2,0,0,0,0,0,955.8,166.001380133692,10.1248892358847,159,,
2019,5,31,1,0,14.3,-87,0,1.3,0,0,0,0,0,955.7,163.972654179372,10.1443089674913,145,,
2019,5,31,2,0,13.9,-82,0,1.4,0,0,0,0,0,955.6,165.124458657953,9.05341846486714,132,,
2019,5,31,3,0,13.5,-77,0,1.4,0,0,0,0,0,955.5,165.528338089352,8.59696580234752,118,,
2019,5,31,4,0,13.7,-73,0,1.5,0,0,0,0,0,955.8,165.340131060798,8.0874816779651,105,,
2019,5,31,5,0,14.5,-67,0,1.5,3,0,4,0,0,956.4,166.694361430323,7.80716090347183,92,,
2019,5,31,6,0,15.3,-60,0,1.5,31,0,115,0,0,957,170.467777689178,7.83070879130597,80,,
2019,5,31,7,0,16.6,-52,0,1.3,44,0,305,0,0,957.3,162.697002100003,7.56493666398044,68,,
2019,5,31,8,0,18.3,-41,0,0.7,50,0,478,0,0,957.3,160.565890460332,7.44346348596647,59,,
2019,5,31,9,0,20.1,-27,0,0.2,55,462.63,601,64.95,0,957.4,159.860100942604,7.85103241986191,51,,
2019,5,31,10,0,21.4,-9,0,-0.5,60,774.2,663,273,0,957,166.984098495817,8.77628819033063,47,,
2019,5,31,11,0,22.3,10,0,-1.3,60,889.49,662,469.85,0,956.2,176.37705741235,8.71661586130799,47,,
2019,5,31,12,0,23.2,27,0,-2.1,58,945.2,597,623.56,0,955.3,184.230551898078,8.47228032343225,51,,
2019,5,31,13,0,23.3,42,2.8,-2.9,83,964.19,429,713.2,0,954.9,181.147958969892,8.77515274304537,59,,
2019,5,31,14,0,22.7,52,2.6,-3.6,63,974.69,274,742.32,0,954.8,181.355861828688,9.57687713887577,69,,
2019,5,31,15,0,22.2,61,7.6,-4.3,52,969.6,76,702.68,0,954.7,185.170574615249,10.0133333817361,80,,
2019,5,31,16,0,21.3,67,15.9,-4.5,3,936.9,3,592.26,0,955,190.151276139667,10.7939705036127,93,,
2019,5,31,17,0,20,73,34.1,-4.2,0,880.32,0,429.94,0,955.6,193.34968715917,11.1488399908952,105,,
2019,5,31,18,0,18.8,77,32.1,-3.9,0,749.53,0,226.81,0,956.2,193.578126402372,11.4971413087755,119,,
2019,5,31,19,0,17.7,82,30.2,-4.2,0,305.43,0,25.48,0,956.5,195.209300379172,11.0633085478495,132,,
2019,5,31,20,0,16.9,86,28.5,-5,0,0,0,0,0,956.5,200.016570402817,11.5492567480888,146,,
2019,5,31,21,0,16.1,93,32,-5.9,0,0,0,0,0,956.5,205.7199357614,13.3760189085173,159,,
2019,5,31,22,0,15.4,117,30.7,-6.3,0,0,0,0,0,956.5,207.223806414798,13.8331527621928,173,,
2019,5,31,23,0,14.8,-114,31.1,-6.5,0,0,0,0,0,956.4,211.30242769268,12.3756321669176,172,,
2019,6,1,0,0,14.2,-92,28,-6.6,0,0,0,0,0,956.3,210.986611411219,12.102122614953,159,,
2019,6,1,1,0,13.6,-86,28.9,-6.8,0,0,0,0,0,956.2,228.677412302712,11.2987256724396,145,,
2019,6,1,2,0,13,-82,27.3,-7.1,0,0,0,0,0,956.2,236.618116580538,10.4989115042839,132,,
2019,6,1,3,0,12.4,-77,18,-7.4,0,0,0,0,0,956.2,242.456236055676,10.1430659188907,118,,
2019,6,1,4,0,12.3,-72,10,-7.9,0,0,0,0,0,956.9,242.558120805465,8.86521870048456,105,,
2019,6,1,5,0,12.2,-67,16,-8.3,5,0,1,0,0,957.7,244.34743788241,8.354931447397,92,,
2019,6,1,6,0,12.9,-60,8.3,-8.3,47,0,93,0,0,958.2,263.501494912882,7.90238281264938,80,,
2019,6,1,7,0,14.9,-52,0.1,-7.9,42,0,314,0,0,958.9,283.570434385161,7.45821694508815,69,,
2019,6,1,8,0,16.7,-41,0,-7.7,46,0,491,0,0,959.2,291.273441908755,6.76153885866247,59,,
2019,6,1,9,0,18.4,-27,0,-7.5,47,472.89,620,64.83,0,958.8,300.274101567731,6.40025733589949,51,,
2019,6,1,10,0,19.8,-9,0,-7.4,48,793.72,687,276.97,0,958,296.093278619469,5.73714752628907,47,,
2019,6,1,11,0,20.8,10,0,-7.5,48,903.12,686,474.12,0,957.3,290.817583990334,5.91346343997441,47,,
2019,6,1,12,0,21.7,27,0,-7.6,47,953.67,617,626.45,0,956.6,292.808180394755,4.58512981311726,51,,
2019,6,1,13,0,22.1,41,0,-7.7,45,976.88,487,719.57,0,956.3,290.250682837388,8.89328476226156,59,,
2019,6,1,14,0,21.8,52,1.7,-7.5,50,982.86,295,745.99,0,956.4,291.234029027868,8.42348873582518,69,,
2019,6,1,15,0,20.9,61,14.6,-7.2,62,973.11,61,703.26,0,956.5,303.521659001705,6.69110002044376,80,,
2019,6,1,16,0,19.4,67,38.8,-7,4,944.58,0,595.08,0,956.7,324.943462863326,5.37315970881877,93,,
2019,6,1,17,0,18.1,73,38.7,-6.9,0,884.91,0,430.74,0,956.9,321.093674712012,6.58076466367487,105,,
2019,6,1,18,0,17.5,77,27.9,-7,0,750.84,0,226.39,0,957.3,318.775225185292,8.47058167947667,119,,
2019,6,1,19,0,17.1,82,29.5,-7,0,309.27,0,25.32,0,957.9,342.589905888433,8.3553663965271,132,,
2019,6,1,20,0,16.6,86,36,-7.1,0,0,0,0,0,958.3,354.613263132766,9.61262654537863,146,,
2019,6,1,21,0,16.1,92,32.8,-7.1,0,0,0,0,0,958.2,359.044530279523,9.62231668080265,159,,
2019,6,1,22,0,15.6,116,24.3,-7.1,0,0,0,0,0,958,357.859024342551,8.89327180692571,173,,
2019,6,1,23,0,15,-113,29.8,-7.1,0,0,0,0,0,957.7,356.535491591177,9.1812558900841,172,,
2019,6,2,0,0,14.6,-92,31,-7.1,0,0,0,0,0,957.5,5.33272346058141,8.32147236946868,159,,
2019,6,2,1,0,14.2,-86,8.8,-7,0,0,0,0,0,957.4,7.31172917694818,6.69147603864286,145,,
2019,6,2,2,0,13.7,-81,4.7,-6.9,0,0,0,0,0,957.3,3.31158779489232,7.03587622752937,132,,
2019,6,2,3,0,13.2,-77,1.8,-6.6,0,0,0,0,0,957.3,9.48046835643601,6.26206867780375,118,,
2019,6,2,4,0,12.8,-72,4,-6.2,0,0,0,0,0,957.4,23.4932279917343,5.47823352777941,105,,
2019,6,2,5,0,12.5,-67,2.3,-5.9,3,0,4,0,0,957.6,32.5770832706037,5.02051889329654,92,,
2019,6,2,6,0,13.4,-60,3.6,-5.5,37,0,105,0,0,958.3,35.2842913239473,5.02465839083167,80,,
2019,6,2,7,0,15.4,-52,1.2,-5.2,49,0,300,0,0,959,35.7544288603324,5.05417478935293,69,,
2019,6,2,8,0,17.1,-41,1.8,-5.2,66,0,457,0,0,959,40.754300581781,4.29033849805858,59,,
2019,6,2,9,0,18.6,-27,0,-5.3,50,0,612,32.95,0,958.5,45.2696720317494,4.11837392862259,51,,
2019,6,2,10,0,19.9,-9,0,-5.3,52,790.28,676,274.4,0,957.8,46.1087640176335,3.71300580971141,47,,
2019,6,2,11,0,21,10,0,-5.4,52,373.85,675,375.02,0,957.2,50.4038624570411,3.0214758533852,47,,
2019,6,2,12,0,21.8,27,0,-5.9,50,451.14,609,511.32,0,956.6,57.1827104117946,2.77514233560759,51,,
2019,6,2,13,0,22.2,41,0,-6.3,46,510.45,484,617.66,0,956.3,65.3659146209117,3.31806792935187,59,,
2019,6,2,14,0,22,52,0,-6.2,40,82.67,309,492.44,0,956.4,67.2887181043955,4.15871775999356,69,,
2019,6,2,15,0,21.1,60,0,-6,27,962.15,115,694.72,0,956.5,72.5508069083396,3.43971873268027,80,,
2019,6,2,16,0,19.5,67,0,-5.7,2,159.8,4,454.45,0,956.8,74.3994392226686,3.09463633082555,93,,
2019,6,2,17,0,18.1,72,0,-5.4,0,97.87,0,304.36,0,957.1,78.8525781461481,2.6277956497891,105,,
2019,6,2,18,0,17.4,77,0,-5,0,66.74,0,137.57,0,957.6,77.1827328826271,2.07922165740153,119,,
2019,6,2,19,0,17,81,0,-4.7,0,0,0,2.34,0,958.1,50.4866786613335,3.11925694639295,132,,
2019,6,2,20,0,16.4,86,0,-4.5,0,0,0,0,0,958.4,31.0040130643493,3.74652020618986,146,,
2019,6,2,21,0,15.9,92,0,-4.3,0,0,0,0,0,958.4,24.2243198578459,4.7505422929071,159,,
2019,6,2,22,0,15.4,114,0,-4.1,0,0,0,0,0,958.1,34.8733417642055,3.97609966196977,173,,
2019,6,2,23,0,14.9,-113,0,-3.8,0,0,0,0,0,958,47.7752912918523,3.13319108083349,172,,
2019,6,3,0,0,14.2,-91,0,-3.4,0,0,0,0,0,957.9,40.6597372351858,2.52372217831408,159,,
2019,6,3,1,0,13.6,-86,0,-2.8,0,0,0,0,0,958,326.110232208707,1.16283203800689,145,,
2019,6,3,2,0,13.3,-81,0,-2,0,0,0,0,0,958,292.972682833149,1.19213418299226,132,,
2019,6,3,3,0,12.9,-77,0,-1.3,0,0,0,0,0,958,246.047628501856,0.846269482850977,118,,
2019,6,3,4,0,12.5,-72,0,-0.7,0,0,0,0,0,958,348.866460862207,0.768484260926934,105,,
2019,6,3,5,0,12.2,-67,0.1,-0.3,3,0,4,0,0,958.1,358.515164396568,0.90271585545348,92,,
2019,6,3,6,0,13.2,-60,16.7,-0.4,71,0,49,0,0,958.6,337.807797620566,1.0547416469179,80,,
2019,6,3,7,0,15,-52,6.9,-0.6,81,0,249,0,0,959,26.8347232088274,2.60468837414062,69,,
2019,6,3,8,0,16.5,-41,0,-0.7,48,0,482,0,0,959.1,49.9841527583587,2.44820694998151,59,,
2019,6,3,9,0,17.8,-27,0.6,-1,58,0,598,29.57,0,958.6,69.6698569368797,2.79938403555962,51,,
2019,6,3,10,0,19,-9,0,-1.4,49,73.14,678,83.06,0,957.9,82.4103904024357,3.57812918481485,47,,
2019,6,3,11,0,20.1,10,0,-1.8,48,59.4,678,308.49,0,957.3,102.830395395638,5.4001824944122,47,,
2019,6,3,12,0,21.2,27,0,-2.7,47,143.93,611,469.88,0,956.4,144.131438857615,6.96027234290773,51,,
2019,6,3,13,0,21.8,41,0,-3.6,44,157.96,484,547.66,0,955.8,159.684444172086,6.70588189625694,59,,
2019,6,3,14,0,21.6,52,0,-4,38,93.62,309,506.19,0,955.7,153.947910235677,7.97840671702141,69,,
2019,6,3,15,0,20.9,60,0.9,-4.3,28,195.06,113,548.73,0,955.8,159.684409054612,8.66394508748068,80,,
2019,6,3,16,0,19.3,67,0,-4.5,2,139.38,4,443.35,0,956.1,171.62882716358,9.01786196299068,93,,
2019,6,3,17,0,18,72,0,-4.7,0,66.34,0,37.8,0,956.6,174.537495306118,9.8098986521536,105,,
2019,6,3,18,0,17.1,77,0,-5.1,0,73.44,0,69.85,0,957.1,178.811977676919,10.189322354376,119,,
2019,6,3,19,0,16.5,81,0,-5.4,0,0,0,19.9,0,957.7,179.180280695798,11.215692613764,132,,
2019,6,3,20,0,16,86,0,-5.3,0,0,0,0,0,958,183.839342932853,11.0207122739453,146,,
2019,6,3,21,0,15.5,91,0,-5.1,0,0,0,0,0,957.9,185.057693849823,10.9409910014431,159,,
2019,6,3,22,0,14.9,113,0,-4.8,0,0,0,0,0,957.5,183.92173961451,11.3079125797035,173,,
2019,6,3,23,0,14.3,-112,0,-4.6,0,0,0,0,0,957.3,188.483498687043,10.8020383848155,173,,
2019,6,4,0,0,13.7,-91,0,-4.2,0,0,0,0,0,957.2,193.908111593823,11.1793598012734,159,,
2019,6,4,1,0,13.2,-86,0,-3.7,0,0,0,0,0,957.2,193.364489922705,10.3587386603914,145,,
2019,6,4,2,0,12.7,-81,0,-3.3,0,0,0,0,0,957.3,191.445302576946,10.314764332146,132,,
2019,6,4,3,0,12.3,-77,0,-2.9,0,0,0,0,0,957.4,193.425632747687,9.69062875647038,118,,
2019,6,4,4,0,11.8,-72,0,-2.4,0,0,0,0,0,957.6,192.470214606676,9.49745166322914,105,,
2019,6,4,5,0,11.5,-67,0,-2.1,3,0,4,0,0,957.8,189.62112448178,9.27890408249058,92,,
2019,6,4,6,0,12.2,-60,0.5,-2,28,0,115,0,0,958.2,185.538665588312,9.06571669996464,80,,
2019,6,4,7,0,13.8,-52,0,-2,41,0,308,0,0,958.6,181.746452804317,8.20300621736511,69,,
2019,6,4,8,0,15.6,-41,0,-1.9,47,0,481,0,0,958.7,177.634369442149,7.85428091499722,59,,
2019,6,4,9,0,17.4,-27,0,-1.9,49,0,608,29.59,0,958.2,173.910744716718,7.99025671180597,51,,
2019,6,4,10,0,18.9,-9,0,-2.1,49,75.41,674,176.09,0,957.4,173.07441756613,8.9085664722332,47,,
2019,6,4,11,0,20.1,10,0,-2.3,49,894.84,673,465.11,0,956.7,172.989395598601,9.21730395293028,47,,
2019,6,4,12,0,21.2,27,0,-3.4,48,948,607,617.68,0,956,173.504217741845,9.08169429248129,51,,
2019,6,4,13,0,21.8,41,0,-4.5,46,71.34,481,401.08,0,955.5,176.086147928592,8.06962417561121,59,,
2019,6,4,14,0,21.7,52,0,-5.1,40,980.42,308,739.32,0,955.3,183.840665570037,9.27082060169959,69,,
2019,6,4,15,0,20.9,60,0,-5.6,26,971.48,115,697.82,0,955.2,188.838747819133,10.5233596153252,80,,
2019,6,4,16,0,19.3,67,0,-6.1,2,943.66,4,590.95,0,955.4,191.498794532119,10.8944682187793,93,,
2019,6,4,17,0,17.7,72,0,-6.6,0,883.82,0,427.56,0,955.7,196.882865160119,11.862893528099,105,,
2019,6,4,18,0,16.5,77,0,-7.1,0,749.07,0,224.21,0,956.3,199.985005597808,13.1430557655159,119,,
2019,6,4,19,0,15.5,81,0,-7.5,0,304.6,0,24.45,0,957,198.696694408643,11.6128229087161,132,,
2019,6,4,20,0,14.9,85,0,-7.4,0,0,0,0,0,957.3,206.440386451045,10.29100300551,146,,
2019,6,4,21,0,14.4,91,0,-7.3,0,0,0,0,0,957.2,219.000581592657,9.24301253851152,159,,
2019,6,4,22,0,14,112,0,-7,0,0,0,0,0,957,228.185054692822,9.01014577945858,173,,
2019,6,4,23,0,13.6,-111,0,-6.6,0,0,0,0,0,956.9,234.753499707418,9.91619094344381,173,,
2019,6,5,0,0,13.1,-91,0,-6.1,0,0,0,0,0,956.8,235.077611908444,10.5486393510012,159,,
2019,6,5,1,0,12.6,-85,0,-5.5,0,0,0,0,0,956.9,235.836227284111,11.3164938287933,146,,
2019,6,5,2,0,12.2,-81,0,-4.7,0,0,0,0,0,956.8,237.38193768551,11.5574654008016,132,,
2019,6,5,3,0,11.9,-77,0,-4,0,0,0,0,0,956.7,230.90248643598,10.2136425548488,119,,
2019,6,5,4,0,11.4,-72,0,-3.5,0,0,0,0,0,956.7,227.315739733728,8.48135440758644,105,,
2019,6,5,5,0,11,-67,0,-3.2,2,0,4,0,0,956.9,239.375321552819,7.49918281148224,93,,
2019,6,5,6,0,11.5,-60,0,-3,25,0,120,0,0,957.3,247.431547389816,6.76830551718326,80,,
2019,6,5,7,0,13,-52,0.2,-3,39,0,312,0,0,957.7,252.334349410759,5.43195583182653,69,,
2019,6,5,8,0,14.8,-41,0,-3,42,0,492,0,0,957.6,252.277083650966,5.17123193697844,59,,
2019,6,5,9,0,16.6,-27,0,-3,43,463.94,620,59.96,0,957.1,246.650243244998,5.42053670418213,52,,
2019,6,5,10,0,18.2,-9,0,-3.3,44,794.13,687,270.82,0,956.3,244.8206297242,5.63725917783386,47,,
2019,6,5,11,0,19.5,9,0,-3.5,44,904.3,686,467.57,0,955.6,236.696393815913,6.13204925240695,47,,
2019,6,5,12,0,20.7,27,0,-4.4,44,954.48,618,619.6,0,954.9,238.609458471914,6.05852869241192,52,,
2019,6,5,13,0,21.3,41,0,-5.5,45,977.34,488,712.76,0,954.5,217.884632280939,6.66624730366267,59,,
2019,6,5,14,0,21.1,52,0,-5.9,39,983.86,312,740.09,0,954.5,217.278522181,6.99023245566705,69,,
2019,6,5,15,0,20.3,60,0,-5.9,25,974.7,118,698.54,0,954.6,216.66118140359,4.47473533275866,80,,
2019,6,5,16,0,18.6,67,0,-5.8,2,946.69,4,591.54,0,954.9,221.152589908054,4.60657597531002,93,,
2019,6,5,17,0,17,72,0,-5.8,0,886.45,0,427.87,0,955.3,216.157622700356,5.56848641766536,105,,
2019,6,5,18,0,16.1,77,0,-6.3,0,751.26,0,224.27,0,955.9,217.938662147034,7.09750788232222,119,,
2019,6,5,19,0,15.4,81,0,-6.8,0,305.44,0,24.33,0,956.4,218.327295791628,9.53064296389839,132,,
2019,6,5,20,0,14.8,85,0,-6.8,0,0,0,0,0,956.7,221.128516166107,12.1454497883962,146,,
2019,6,5,21,0,14.3,90,0,-6.8,0,0,0,0,0,956.6,225.346782911345,13.7500666155659,159,,
2019,6,5,22,0,13.8,111,0,-6.7,0,0,0,0,0,956.3,230.493571963868,13.9381458088116,173,,
2019,6,5,23,0,13.4,-110,0,-6.6,0,0,0,0,0,956,234.995299617581,14.0682716992832,173,,
2019,6,6,0,0,12.9,-90,0,-6.6,0,0,0,0,0,955.7,236.171393578881,13.4155308241895,159,,
2019,6,6,1,0,12.5,-85,0,-6.6,0,0,0,0,0,955.5,234.097684488565,11.8436463232687,146,,
2019,6,6,2,0,12.1,-81,0,-6.7,0,0,0,0,0,955.5,234.457434605623,10.959737479477,132,,
2019,6,6,3,0,11.7,-77,0,-6.8,0,0,0,0,0,955.3,231.913812272775,9.15688862923197,119,,
2019,6,6,4,0,11.2,-72,0,-6.9,0,0,0,0,0,955.1,224.420556874666,7.10451170757346,105,,
2019,6,6,5,0,10.8,-66,0,-6.9,3,0,3,0,0,955.1,217.436769059807,5.91819861298106,93,,
2019,6,6,6,0,11.1,-60,0.5,-6.5,30,0,109,0,0,955.4,208.713705784361,5.35807096866057,80,,
2019,6,6,7,0,12.9,-52,0,-6.3,42,0,303,0,0,955.7,200.329050849556,3.8116098536814,69,,
2019,6,6,8,0,15.3,-41,0,-6.4,46,0,478,0,0,955.7,189.941757903605,3.7555906017288,59,,
2019,6,6,9,0,17.2,-27,0,-6.5,47,418.17,606,55.1,0,955.3,183.365928940716,4.65642421992995,52,,
2019,6,6,10,0,18.7,-9,0,-6.6,47,19.54,673,111.79,0,954.6,186.663508537295,6.86655981238768,47,,
2019,6,6,11,0,20,9,0,-6.8,47,858.59,672,445.42,0,954,192.372294319507,8.25793557835075,47,,
2019,6,6,12,0,21.5,27,0,-7.5,46,909.4,604,591.9,0,953.2,191.495286809131,7.97614599033609,52,,
2019,6,6,13,0,22.3,41,0,-8.1,45,34.94,475,342.86,0,952.5,186.159594347127,8.0424085633003,59,,
2019,6,6,14,0,22.1,52,0,-8,41,369.17,300,549.54,0,952.4,183.739083824622,7.84088613063995,69,,
2019,6,6,15,0,21.2,60,0,-7.8,29,370.39,108,521.1,0,952.5,176.876870827166,8.54009684681415,80,,
2019,6,6,16,0,19.4,66,0,-7.8,2,61.51,3,370.8,0,952.9,176.323601865553,9.57049921986462,93,,
2019,6,6,17,0,17.8,72,0,-7.8,0,122.62,0,293.43,0,953.4,181.8483582534,9.80188299840372,105,,
2019,6,6,18,0,16.8,76,0,-8.5,0,5.61,0,61.98,0,954,188.030506386317,9.84249598039991,119,,
2019,6,6,19,0,16.1,81,0,-9.3,0,0,0,12.28,0,954.3,187.180335057958,9.62629694503594,132,,
2019,6,6,20,0,15.6,85,0,-9.4,0,0,0,0,0,954.3,190.432028567783,9.83842948946925,146,,
2019,6,6,21,0,15.2,90,0,-9.6,0,0,0,0,0,954.2,193.998978317493,9.9478638997273,159,,
2019,6,6,22,0,14.8,110,0,-9.6,0,0,0,0,0,954,195.552189446598,10.4612381484724,173,,
2019,6,6,23,0,14.4,-109,0,-9.6,0,0,0,0,0,953.9,198.777001667848,9.95141166950611,173,,
2019,6,7,0,0,14.1,-90,0,-9.7,0,0,0,0,0,953.5,203.866470804982,8.90150921133418,159,,
2019,6,7,1,0,13.9,-85,0,-9.7,0,0,0,0,0,953.2,213.257683723729,7.88503531163257,146,,
2019,6,7,2,0,13.7,-81,0,-9.3,0,0,0,0,0,953,209.662612619257,8.08257559550378,132,,
2019,6,7,3,0,13.4,-76,0,-8.9,0,0,0,0,0,952.8,207.624009986694,7.27892511744179,119,,
2019,6,7,4,0,13,-72,0,-8.4,0,0,0,0,0,952.7,202.710877541545,6.99126480548063,105,,
2019,6,7,5,0,12.8,-66,0,-7.9,3,0,3,0,0,952.6,194.924668622922,6.59756706735756,93,,
2019,6,7,6,0,13.8,-60,3.5,-7.3,38,0,92,0,0,952.8,188.064445307953,6.76610643725274,81,,
2019,6,7,7,0,15.8,-52,0,-6.8,43,0,291,0,0,953.1,176.530599048785,7.03628719663139,69,,
2019,6,7,8,0,17.8,-41,0,-6.6,50,0,460,0,0,953,173.366079998132,7.57410356172791,59,,
2019,6,7,9,0,19.6,-27,0,-6.3,54,0,582,16.23,0,952.4,171.651526367569,8.25930433356876,52,,
2019,6,7,10,0,21.2,-9,0,-6.1,56,732.4,644,250.56,0,951.7,172.628481874601,9.34661948108608,48,,
2019,6,7,11,0,22.6,9,0,-5.9,57,848.31,641,439.18,0,951.1,176.13286277535,9.26707873913474,48,,
2019,6,7,12,0,23.8,27,1.5,-5.9,75,902.86,541,586.53,0,950.6,177.695197402186,9.90640551428574,52,,
2019,6,7,13,0,24.4,41,2.2,-5.9,76,445.14,408,564.85,0,950.3,177.727424098151,9.55832196845003,59,,
2019,6,7,14,0,24.4,51,26.8,-5.8,146,452.43,96,590.67,0,950.1,175.92606604216,9.95497965632515,69,,
2019,6,7,15,0,23.8,60,34.4,-5.6,75,335.87,4,510.12,0,950.1,174.880153674267,10.7266437245679,81,,
2019,6,7,16,0,22.5,66,0.8,-5.5,3,401.15,2,464.29,0,950.4,173.473379457384,11.6853821403157,93,,
2019,6,7,17,0,21.7,72,0.9,-5.4,0,837.99,0,406.39,0,950.7,177.782280616421,11.7119893045607,105,,
2019,6,7,18,0,21.5,76,6.3,-5.2,0,702.29,0,211.67,0,951.3,180.914680170885,12.4781985255123,119,,
2019,6,7,19,0,21.2,81,35,-5.1,0,260.85,0,22.45,0,951.7,181.515479375943,12.258308988952,132,,
2019,6,7,20,0,21,85,36.4,-4.9,0,0,0,0,0,951.8,188.299915862278,12.3128110832274,146,,
2019,6,7,21,0,20.8,90,32.1,-4.7,0,0,0,0,0,951.8,189.86778473451,12.7196099209947,159,,
2019,6,7,22,0,20.6,108,54.7,-4.7,0,0,0,0,0,951.5,187.929439408351,12.8258486257807,173,,
2019,6,7,23,0,20.5,-108,60.8,-4.8,0,0,0,0,0,951.3,187.48720196243,13.0093089791643,173,,
2019,6,8,0,0,20.2,-90,59.7,-4.6,0,0,0,0,0,951.1,184.13505218314,12.4032662567789,159,,
2019,6,8,1,0,19.8,-85,38.9,-4,0,0,0,0,0,951,189.620835500624,11.358955754613,146,,
2019,6,8,2,0,19.1,-81,39.9,-2.3,0,0,0,0,0,951,193.091737354691,11.8308924608302,132,,
2019,6,8,3,0,18.2,-76,39.6,0.5,0,0,0,0,0,951,188.452470002843,10.9234747432477,119,,
2019,6,8,4,0,17.4,-72,33.3,3,0,0,0,0,0,950.9,187.32094293991,10.2082180956347,106,,
2019,6,8,5,0,17.1,-66,45.8,4.2,3,0,0,0,0,950.9,184.538157116777,9.47891346017904,93,,
2019,6,8,6,0,17,-60,53.2,4.1,51,0,0,0,0,951.1,179.544087885278,9.32449094894936,81,,
2019,6,8,7,0,17.4,-51,50.1,3.3,155,0,5,0,0,951.2,174.89686271995,8.43181355940613,69,,
2019,6,8,8,0,18.5,-41,36.3,2.6,274,0,25,0,0,950.9,172.324524006898,8.42305396310053,59,,
2019,6,8,9,0,19.4,-27,59.9,2.3,237,0.06,0,13.83,0,950.3,174.564181396055,9.2367125893166,52,,
2019,6,8,10,0,19.5,-9,67.6,2.6,214,70.63,0,160.12,0,949.8,173.446286974885,10.0617292032924,48,,
2019,6,8,11,0,18.9,9,65.9,3.1,225,8.75,0,254.29,0,949.4,172.149720931056,11.3246969669231,48,,
2019,6,8,12,0,17.8,26,57.4,4.3,254,54.87,0,383.14,0,949.1,169.689362740145,11.327285253457,52,,
2019,6,8,13,0,16.6,41,59.5,5.7,192,63.86,0,434.43,0,949,163.550223561906,13.0090924394461,59,,
2019,6,8,14,0,16.2,51,53.2,6.9,141,112.1,0,504.43,0,948.9,164.416733046979,14.2504395027963,69,,
2019,6,8,15,0,16.3,60,50.5,7.8,56,38.93,0,392.11,0,948.5,168.05090124511,14.4897697027484,81,,
2019,6,8,16,0,16.9,66,58.7,8.5,2,29.17,0,335.54,0,947.9,172.529693396875,15.2032351408052,93,,
2019,6,8,17,0,17.5,72,60,9.1,0,3.11,0,198,0,947.6,179.181188684156,16.1387116867897,105,,
2019,6,8,18,0,17.7,76,60,10.3,0,44.63,0,64.28,0,947.7,181.956481957161,16.8186512117007,119,,
2019,6,8,19,0,17.6,80,60,12.1,0,0,0,15.62,0,948,183.970319047812,15.9681481990724,132,,
2019,6,8,20,0,17.5,85,60,13.9,0,0,0,0,0,948.1,186.307749072748,15.751793675682,146,,
2019,6,8,21,0,17.2,89,60,14.7,0,0,0,0,0,948,189.577237139362,16.7176580956652,159,,
2019,6,8,22,0,16.9,107,60,13.7,0,0,0,0,0,948,191.727501775746,18.008973289266,173,,
2019,6,8,23,0,16.6,-107,59.2,11.9,0,0,0,0,0,948,193.583781334829,18.6789299082979,173,,
2019,6,9,0,0,16.2,-90,59.8,10.7,0,0,0,0,0,947.8,196.450702731406,18.2225723310722,159,,
2019,6,9,1,0,15.8,-85,38.1,9.9,0,0,0,0,0,947.8,197.495564694106,16.5671991390099,146,,
2019,6,9,2,0,15.2,-80,40.9,9.3,0,0,0,0,0,948,195.888088883101,14.755578212231,132,,
2019,6,9,3,0,14.5,-76,34.5,9,0,0,0,0,0,948.2,191.169304492263,12.0606786507667,119,,
2019,6,9,4,0,13.9,-72,1,9,0,0,0,0,0,948.7,193.025419829498,11.1100556273733,106,,
2019,6,9,5,0,13.5,-66,0,9,2,0,2,0,0,949.3,191.16463301074,10.8538011746973,93,,
2019,6,9,6,0,13.9,-60,14.3,9.2,67,0,34,0,0,950.1,187.955138105569,11.2054199746067,81,,
2019,6,9,7,0,14.9,-51,35.4,9.5,187,0,19,0,0,950.8,178.296118070736,10.9032123853854,69,,
2019,6,9,8,0,15.5,-41,34.2,9.4,275,0,48,0,0,951.2,173.806371278366,9.95650796903152,60,,
2019,6,9,9,0,16,-27,35.9,8.7,339,0,65,21.03,0,951.1,171.179361573005,10.9023310810959,52,,
2019,6,9,10,0,16.9,-9,12.7,7.4,215,30.93,397,73.35,0,950.7,172.883847576562,12.8961211435105,48,,
2019,6,9,11,0,18,9,0.5,5.6,57,83.75,644,47.71,0,950.2,175.874917626493,14.9330560289581,48,,
2019,6,9,12,0,18.7,26,0,3.9,47,114.98,593,74.3,0,949.8,177.724364658368,16.4307195295801,52,,
2019,6,9,13,0,19,40,0,2.8,44,67.13,470,149.11,0,949.5,180.070483669674,15.7459906812519,59,,
2019,6,9,14,0,18.8,51,0,2.5,39,92.25,298,138.81,0,949.4,179.986982477266,17.6991962101824,69,,
2019,6,9,15,0,18.1,60,0,2.6,27,78.55,109,191.54,0,949.5,182.459142022658,19.1151909590648,81,,
2019,6,9,16,0,17.2,66,0,3,2,86.38,3,48.13,0,949.7,185.596547006772,19.1850156417156,93,,
2019,6,9,17,0,16.4,71,0,3.4,0,81.02,0,48.98,0,950.1,187.633257136023,20.3204162651077,105,,
2019,6,9,18,0,15.8,76,0,3.6,0,0,0,61.08,0,950.8,189.245004213808,21.6400106163185,119,,
2019,6,9,19,0,15.2,80,0,3.7,0,0,0,10.69,0,951.3,195.280266405076,20.5298560622178,132,,
2019,6,9,20,0,14.7,84,0,3.9,0,0,0,0,0,951.3,201.270193998846,18.7913964264824,146,,
2019,6,9,21,0,14.2,89,0,4,0,0,0,0,0,951.2,203.454427970318,18.0792897660524,159,,
2019,6,9,22,0,13.7,106,0,4,0,0,0,0,0,951.1,204.419810022644,17.5755834029671,173,,
2019,6,9,23,0,13.3,-107,0,4,0,0,0,0,0,950.9,206.81708756499,17.2053014369711,173,,
2019,6,10,0,0,12.9,-89,0,3.9,0,0,0,0,0,950.8,207.868221263851,17.4577758829621,159,,
2019,6,10,1,0,12.5,-84,0,3.9,0,0,0,0,0,950.6,209.195736377671,13.6789491691097,146,,
2019,6,10,2,0,12.2,-80,0,3.8,0,0,0,0,0,950.2,210.971805121538,11.1982473981035,132,,
2019,6,10,3,0,11.9,-76,0,3.8,0,0,0,0,0,950,208.370633098182,9.60253470557311,119,,
2019,6,10,4,0,11.6,-72,0,3.7,0,0,0,0,0,949.9,207.301950123261,9.11273068166228,106,,
2019,6,10,5,0,11.4,-66,0,3.6,2,0,3,0,0,950,206.21459372531,8.55132162963841,93,,
2019,6,10,6,0,11.7,-60,0.5,3.5,26,0,108,0,0,950.3,203.854824113509,7.97834849544231,81,,
2019,6,10,7,0,12.6,-51,0,3.1,37,0,302,0,0,950.7,192.498261956782,6.24559171846859,70,,
2019,6,10,8,0,13.9,-41,0,2.5,42,0,477,0,0,950.6,190.937036754672,6.46501604178594,60,,
2019,6,10,9,0,15.4,-27,0,1.5,44,391.2,605,49.71,0,950.1,191.707128493844,7.5275705017973,52,,
2019,6,10,10,0,16.9,-10,0,0.5,45,0,672,105.73,0,949.3,193.37263898129,8.98558887132932,48,,
2019,6,10,11,0,18.3,9,0,-0.4,46,5.68,671,196.1,0,948.6,194.944932363736,10.2850321730511,48,,
2019,6,10,12,0,19.8,26,0,-1.4,45,65.59,604,160.44,0,947.7,196.249577522191,10.5539152490021,52,,
2019,6,10,13,0,21,40,0,-2.3,44,923.17,477,670.25,0,947,191.729909725434,9.85753351896763,59,,
2019,6,10,14,0,21.5,51,0,-2.8,38,417.52,304,571.78,0,946.8,194.679982145179,9.97321783664886,69,,
2019,6,10,15,0,21,59,0,-2.7,26,16.51,113,313.54,0,946.8,200.873343638959,10.5134542643504,81,,
2019,6,10,16,0,19.6,66,0,-1.6,2,121.44,3,77.65,0,947.1,206.934464285843,11.4085915592097,93,,
2019,6,10,17,0,18.2,71,0,-0.5,0,11.87,0,99.79,0,947.4,215.619726242222,10.9792903381637,105,,
2019,6,10,18,0,17.4,76,0,0.3,0,0,0,79.95,0,947.8,218.930371180935,11.5685132432512,119,,
2019,6,10,19,0,16.8,80,0,0.8,0,0,0,9.91,0,948.2,220.787415270789,12.7784647251069,132,,
2019,6,10,20,0,16.3,84,0,1.2,0,0,0,0,0,948.4,225.091006092965,12.5312570849252,146,,
2019,6,10,21,0,15.8,89,0,1.3,0,0,0,0,0,948.4,225.087793969746,12.9897385582761,159,,
2019,6,10,22,0,15.4,105,0,1.4,0,0,0,0,0,948.1,227.009107812571,13.5643158583545,173,,
2019,6,10,23,0,14.9,-106,0,1.6,0,0,0,0,0,947.9,229.191157693913,13.5368703923596,173,,
2019,6,11,0,0,14.6,-89,0,2,0,0,0,0,0,947.7,231.821297066631,13.6302328270098,160,,
2019,6,11,1,0,14.2,-84,5.1,2.3,0,0,0,0,0,947.6,236.185012846606,13.855065552657,146,,
2019,6,11,2,0,13.8,-80,19.3,2.7,0,0,0,0,0,947.6,239.548341611425,12.5469108853655,132,,
2019,6,11,3,0,13.5,-76,20.1,3.4,0,0,0,0,0,947.6,238.974822698366,9.58675297246015,119,,
2019,6,11,4,0,13.3,-71,29.4,4.2,0,0,0,0,0,947.8,238.813320720084,7.71680510337277,106,,
2019,6,11,5,0,13,-66,27.5,5.1,3,0,0,0,0,948.1,245.69944744053,5.70462991137603,93,,
2019,6,11,6,0,13.6,-60,6.8,5.3,36,0,86,0,0,948.6,251.994793696026,4.283989429265,81,,
2019,6,11,7,0,15,-51,2.1,6,61,0,252,0,0,949.1,267.671576596684,3.0767360189098,70,,
2019,6,11,8,0,16.5,-41,6,7.6,115,0,346,0,0,949.3,261.469234390052,2.52796855201959,60,,
2019,6,11,9,0,17.8,-27,38.4,8.5,315,0,60,23.5,0,949.3,248.358075799056,2.09702134173082,52,,
2019,6,11,10,0,18,-10,61,8.9,265,42.32,0,85.69,0,949.3,221.196133646674,2.12315422422269,48,,
2019,6,11,11,0,15.9,9,55.6,8.6,301,854.87,0,436.88,0,949.8,210.281864805443,2.37018202637416,48,,
2019,6,11,12,0,12.9,26,59.1,5.5,251,908.6,0,584.59,0,950.9,217.776690973188,3.25172137193025,52,,
2019,6,11,13,0,11.4,40,60.8,2.3,192,933.53,0,676.04,0,951.9,215.3218806537,7.34383352035573,60,,
2019,6,11,14,0,11.2,51,61.1,1.6,124,938.74,0,702.45,0,952.4,217.358466884401,8.88986799258945,69,,
2019,6,11,15,0,10.8,59,35,1.9,77,83.77,3,448.86,0,952.8,218.931928400863,8.85770694452751,81,,
2019,6,11,16,0,10.5,66,1.1,2.2,3,897.19,2,559.78,0,953.2,222.104973859357,8.75024018655246,93,,
2019,6,11,17,0,10.2,71,1.7,2.5,0,197.91,0,309.68,0,953.6,223.31628000663,9.02467439934285,105,,
2019,6,11,18,0,10,76,15.8,2.6,0,700.28,0,210.59,0,954.2,225.944587985491,8.54407330959558,119,,
2019,6,11,19,0,9.9,80,0.9,2.6,0,260.37,0,22.52,0,954.7,216.485075469612,9.19684327009846,132,,
2019,6,11,20,0,9.8,84,0,2.7,0,0,0,0,0,954.8,221.261840309801,8.64167647941241,146,,
2019,6,11,21,0,9.7,89,0,2.7,0,0,0,0,0,954.7,229.982919380363,8.6199444807953,159,,
2019,6,11,22,0,9.7,104,0,2.7,0,0,0,0,0,954.5,237.996107955201,8.99161701128175,173,,
2019,6,11,23,0,9.6,-105,0,2.7,0,0,0,0,0,954.4,245.152574524958,9.97410764864504,173,,
2019,6,12,0,0,9.4,-89,0,2.9,0,0,0,0,0,954.4,246.574230056064,9.70648193804346,160,,
2019,6,12,1,0,9.3,-84,0,3.1,0,0,0,0,0,954.5,246.869444794681,10.3900602115072,146,,
2019,6,12,2,0,9.2,-80,0,3.1,0,0,0,0,0,954.4,250.049564231474,9.31718404066368,132,,
2019,6,12,3,0,9.1,-76,0,3.1,0,0,0,0,0,954.5,261.504209920186,6.89991039326434,119,,
2019,6,12,4,0,9.1,-71,0,3.1,0,0,0,0,0,954.8,278.883762225998,5.84349195629354,106,,
2019,6,12,5,0,9.3,-66,0,3.1,2,0,3,0,0,955.2,284.709925187958,5.32285455613541,93,,
2019,6,12,6,0,10.1,-60,0,3.4,26,0,104,0,0,956.5,291.460302932513,4.37769583256604,81,,
2019,6,12,7,0,11.5,-51,0,3.8,40,0,291,0,0,957.4,339.68056818779,4.31960820497541,70,,
2019,6,12,8,0,13,-41,0,3.8,46,0,463,0,0,957.2,353.846113970096,3.97208463591919,60,,
2019,6,12,9,0,14.5,-27,0.6,3.9,57,400.36,576,49.07,0,957.1,17.9874436191985,4.43957497385909,52,,
2019,6,12,10,0,15.8,-10,0,3.5,50,746.29,655,248.64,0,956.7,34.5330288915983,5.36754732353729,48,,
2019,6,12,11,0,16.9,9,0,2.5,49,864.77,656,440.2,0,956.1,33.0970945267523,5.25026602629147,48,,
2019,6,12,12,0,17.9,26,0,1.5,48,920.02,591,590.11,0,955.5,20.1266869031805,4.84677714023855,52,,
2019,6,12,13,0,18.4,40,0,1,47,946.66,466,683.69,0,955.2,23.9054576661673,3.69169032706045,60,,
2019,6,12,14,0,18.3,51,0,0.9,40,953.25,297,711.55,0,955.2,63.2386707355513,3.05368938752524,69,,
2019,6,12,15,0,18.2,59,0,0.8,26,943.58,110,672.25,0,955.2,79.5154251725405,2.87623886214361,81,,
2019,6,12,16,0,17.7,66,0,0.8,2,914.53,3,569.18,0,954.9,50.7972847799305,2.87336007915602,93,,
2019,6,12,17,0,16.5,71,0,0.9,0,851.7,0,410.58,0,954.4,45.511349306078,2.8091552654583,105,,
2019,6,12,18,0,15.4,76,0,1.1,0,714.13,0,214.07,0,953.9,31.8025514626829,2.75756075775499,119,,
2019,6,12,19,0,14.6,80,0,1.1,0,272.67,0,23.1,0,953.7,349.48338226437,0.512632426653167,132,,
2019,6,12,20,0,14,84,0,1,0,0,0,0,0,953.9,223.715534487625,0.864717025076249,145,,
2019,6,12,21,0,13.5,88,0,0.8,0,0,0,0,0,954.1,211.39857330747,2.1144588633516,159,,
2019,6,12,22,0,13,103,0,0.7,0,0,0,0,0,954,227.976748636837,2.50332210557674,173,,
2019,6,12,23,0,12.5,-105,0,0.5,0,0,0,0,0,953.7,253.03753668474,3.90871663059259,173,,
2019,6,13,0,0,12,-89,0.1,0.3,0,0,0,0,0,953.3,270.829527894499,5.68042081234481,160,,
2019,6,13,1,0,11.5,-84,18.4,0.2,0,0,0,0,0,953.1,269.836050939451,6.76939798717382,146,,
2019,6,13,2,0,11.1,-80,29,0.1,0,0,0,0,0,952.9,274.026852569582,5.78767985159764,132,,
2019,6,13,3,0,10.6,-76,28,0.1,0,0,0,0,0,952.7,275.790080267008,4.22072911137304,119,,
2019,6,13,4,0,10.6,-71,0.5,0,0,0,0,0,0,953,281.326043433727,2.80461856909318,106,,
2019,6,13,5,0,11.1,-66,0,0,2,0,2,0,0,953.7,277.614764668964,2.27001832476939,93,,
2019,6,13,6,0,11.5,-59,1.5,0,29,0,99,0,0,954.6,264.644789607179,2.13431580328729,81,,
2019,6,13,7,0,12.8,-51,0,0,41,0,290,0,0,955.3,295.292259356813,0.941898635204756,70,,
2019,6,13,8,0,14.7,-41,0,-0.2,47,0,461,0,0,955.5,295.429239931297,0.527737685840751,60,,
2019,6,13,9,0,16.2,-27,0,-0.6,51,410.99,588,49.2,0,955,187.179031523374,0.625885393563275,52,,
2019,6,13,10,0,17.4,-10,0,-1,51,760.2,656,251.39,0,954.2,187.381113846565,1.00430084269906,48,,
2019,6,13,11,0,18.4,9,0,-1.4,51,878.32,659,445.03,0,953.1,168.95615833358,1.01886853585252,48,,
2019,6,13,12,0,19.2,26,0,-1.7,49,932.97,594,596.35,0,952.3,83.0032827686358,1.37721345984249,52,,
2019,6,13,13,0,19.7,40,0,-1.7,46,958.93,470,690.64,0,951.9,45.7608620313638,1.67383930846769,60,,
2019,6,13,14,0,19.8,51,0,-1.8,40,967.18,299,720.08,0,951.8,17.7080166204942,1.06585015855978,69,,
2019,6,13,15,0,19.3,59,0,-1.6,27,959.42,111,681.75,0,951.9,7.59250033390504,1.30013907016918,81,,
2019,6,13,16,0,18,66,0,-1.2,2,932.62,3,578.78,0,952.4,7.81876205177093,1.63618985786961,93,,
2019,6,13,17,0,16.8,71,0,-0.9,0,874.08,0,419.74,0,953.1,352.46631159425,0.953404360021348,105,,
2019,6,13,18,0,16,76,0,-0.7,0,741.28,0,220.72,0,953.7,28.3165680275221,0.625672018872344,119,,
2019,6,13,19,0,15.4,80,0,-0.6,0,302.83,0,24.41,0,953.9,88.6826828315699,1.36731890708867,132,,
2019,6,13,20,0,14.8,84,0,-0.5,0,0,0,0,0,953.8,123.227719181975,1.21861460274718,145,,
2019,6,13,21,0,14.2,88,0,-0.4,0,0,0,0,0,953.8,118.374902584952,0.936738487171089,159,,
2019,6,13,22,0,13.5,102,0,-0.2,0,0,0,0,0,953.5,293.278082721203,0.761155632130325,173,,
2019,6,13,23,0,12.9,-104,0,0,0,0,0,0,0,953.2,299.601536412837,1.12320766650181,173,,
2019,6,14,0,0,12.3,-88,0,0.1,0,0,0,0,0,953.2,277.372754383926,1.61496050891148,160,,
2019,6,14,1,0,11.7,-84,0,0.1,0,0,0,0,0,953.2,291.20400265311,2.25853591419084,146,,
2019,6,14,2,0,11.2,-80,0,0,0,0,0,0,0,952.8,268.053719289633,2.3997759164207,132,,
2019,6,14,3,0,10.8,-76,0,0,0,0,0,0,0,952.8,281.248233409906,4.12603887659371,119,,
2019,6,14,4,0,10.4,-71,0,0,0,0,0,0,0,953,307.081763915774,4.23051147080469,106,,
2019,6,14,5,0,10.1,-66,0,0.2,2,0,2,0,0,953.4,318.269120331161,4.01994133865991,93,,
2019,6,14,6,0,10.8,-59,0.5,0.6,28,0,101,0,0,954.1,333.270900578182,4.28172805727347,81,,
2019,6,14,7,0,12.8,-51,0,0.7,42,0,289,0,0,954.9,351.600225614095,4.11837392862259,70,,
2019,6,14,8,0,14.8,-41,0,0.4,49,0,461,0,0,955.1,355.711261628313,3.70958313696046,60,,
2019,6,14,9,0,16.5,-27,0,0,53,423.52,587,49.44,0,954.4,354.915255668661,3.43933908030586,52,,
2019,6,14,10,0,17.7,-10,0,-0.5,54,771.68,654,253.43,0,953.3,8.37619161748836,3.53773721939889,48,,
2019,6,14,11,0,18.7,9,0,-1,55,890.3,655,449.11,0,952.3,27.337579398551,4.38851775601058,48,,
2019,6,14,12,0,19.5,26,0,-1.5,54,945.2,590,602.14,0,951.5,24.5281178986941,4.9206604529435,52,,
2019,6,14,13,0,19.9,40,0,-1.8,52,971.54,464,697.76,0,951.3,21.4395899804355,3.6007692188205,60,,
2019,6,14,14,0,20.1,51,0,-1.9,44,978.43,296,726.78,0,951.2,25.1865328041221,2.98277699578016,69,,
2019,6,14,15,0,19.6,59,0,-1.6,28,969.49,109,687.55,0,951.2,36.015483946537,1.94619515801039,81,,
2019,6,14,16,0,18.3,66,0,-1.1,2,941.66,3,583.36,0,951.5,225,0.944357766215928,93,,
2019,6,14,17,0,17,71,0,-0.8,0,884.06,0,423.7,0,952.1,187.125016348902,1.00778221853732,105,,
2019,6,14,18,0,16.3,76,0,-0.3,0,752.46,0,223.46,0,952.9,163.97130869896,0.861717505845885,119,,
2019,6,14,19,0,15.6,80,0,0.2,0,314.88,0,25.06,0,953.5,186.565645317421,3.18057913083975,132,,
2019,6,14,20,0,14.9,84,0,0.4,0,0,0,0,0,953.6,197.842957247807,2.81869000304181,145,,
2019,6,14,21,0,14.3,88,0,0.7,0,0,0,0,0,953.6,231.978495324033,2.61858505161518,159,,
2019,6,14,22,0,13.7,101,0,0.9,0,0,0,0,0,953.4,263.348917360414,2.72963014366792,173,,
2019,6,14,23,0,13.2,-103,0,0.9,0,0,0,0,0,953,277.2569564434,3.03233260211449,173,,
2019,6,15,0,0,12.5,-88,0,0.9,0,0,0,0,0,953.1,290.354797185872,3.47074607320349,160,,
2019,6,15,1,0,11.9,-84,0,0.8,0,0,0,0,0,953.5,305.283614895601,4.25404301191395,146,,
2019,6,15,2,0,11.6,-80,0,0.3,0,0,0,0,0,953.8,304.040737159194,4.12454466952716,133,,
2019,6,15,3,0,11.2,-76,0,-0.2,0,0,0,0,0,953.8,299.150733449052,5.0362805153711,119,,
2019,6,15,4,0,10.8,-71,0,-0.2,0,0,0,0,0,953.9,318.122130462116,4.86858552353761,106,,
2019,6,15,5,0,10.4,-66,0,-0.1,2,0,2,0,0,954.1,323.915388942572,4.33088932029093,93,,
2019,6,15,6,0,11.3,-59,0.5,0.4,29,0,98,0,0,954.7,325.152150802598,3.8078536105843,81,,
2019,6,15,7,0,13.3,-51,0,0.7,44,0,285,0,0,955.6,310.03025927189,4.08120692932863,70,,
2019,6,15,8,0,15.3,-41,0,0.8,52,0,455,0,0,955.8,323.841143024831,3.89949602654594,60,,
2019,6,15,9,0,16.9,-27,0,0.8,56,421.31,581,48.62,0,955.4,339.30866706404,4.11287822991467,53,,
2019,6,15,10,0,18.3,-10,0,0.5,58,772.16,649,252.55,0,954.3,346.04750299525,3.75930620380063,48,,
2019,6,15,11,0,19.4,9,0,0,58,888.66,651,447.37,0,953.2,323.178847416943,3.43530927096884,48,,
2019,6,15,12,0,20.2,26,0,-0.5,57,941.42,588,599.09,0,952.7,35.6761802297484,2.33698217202601,52,,
2019,6,15,13,0,20.4,40,0,-0.8,53,965.61,465,693.17,0,953,109.597594622082,3.6570200806971,60,,
2019,6,15,14,0,19.9,51,0,-0.9,45,972.44,296,722.22,0,953.3,115.669798443893,3.46273135880099,69,,
2019,6,15,15,0,19,59,0,-1,29,963.34,110,683.33,0,953.2,133.220489003038,2.84634012519206,81,,
2019,6,15,16,0,17.6,66,0,-0.9,2,935.25,3,579.77,0,953.1,151.398841500433,2.70051353147487,93,,
2019,6,15,17,0,16.3,71,0,-0.7,0,874.64,0,419.99,0,953.2,154.296410763702,1.98963661506225,105,,
2019,6,15,18,0,15.4,76,0,-0.5,0,739.71,0,220.71,0,953.9,165.941480444068,1.59039714714826,118,,
2019,6,15,19,0,14.7,80,0,-0.2,0,302.41,0,24.82,0,954.6,233.614967023273,2.4361995064145,132,,
2019,6,15,20,0,14.1,84,0,-0.1,0,0,0,0,0,955,229.515831391067,2.77372008423481,145,,
2019,6,15,21,0,13.5,88,0,0,0,0,0,0,0,955.1,225.397447057595,3.20428478341575,159,,
2019,6,15,22,0,12.8,100,0,0.1,0,0,0,0,0,954.7,224.08393023135,4.13824096445137,173,,
2019,6,15,23,0,12.1,-103,0,0.2,0,0,0,0,0,954.1,224.520354974194,5.24817699260857,173,,
2019,6,16,0,0,11.6,-88,0,0.4,0,0,0,0,0,953.8,232.181361386436,6.58672090014934,160,,
2019,6,16,1,0,11.1,-84,0,0.6,0,0,0,0,0,953.9,248.452282699322,4.99766849059928,146,,
2019,6,16,2,0,10.7,-80,0,0.7,0,0,0,0,0,954.2,243.072990349941,5.48501119415909,133,,
2019,6,16,3,0,10.3,-76,0,0.8,0,0,0,0,0,954.4,231.034220685476,5.78244801053594,119,,
2019,6,16,4,0,9.7,-71,0,0.9,0,0,0,0,0,954.5,231.372317601151,5.60022254364706,106,,
2019,6,16,5,0,9.3,-66,0,0.9,2,0,2,0,0,954.7,233.138882174981,5.24839156836619,93,,
2019,6,16,6,0,10.3,-59,0.9,0.9,30,0,95,0,0,955,232.563362915841,4.97363481786954,81,,
2019,6,16,7,0,12.7,-51,0,0.9,46,0,282,0,0,955.6,236.026451888731,4.15918708945438,70,,
2019,6,16,8,0,14.8,-41,0,0.5,55,0,452,0,0,956.2,234.023854542505,4.50829659178519,60,,
2019,6,16,9,0,16.4,-27,0,-0.3,59,0,579,22.26,0,956.1,231.34019174591,5.27742780481221,53,,
2019,6,16,10,0,17.9,-10,0,-1.2,57,70.52,648,160.52,0,955.4,230.183995625495,5.65491406308373,48,,
2019,6,16,11,0,19.1,9,0,-2.1,57,93.98,650,192.07,0,954.1,235.410261171518,6.06869271868891,48,,
2019,6,16,12,0,20,26,0,-2.7,56,83.75,586,268.77,0,953.1,226.712576071276,7.21229859584406,52,,
2019,6,16,13,0,20.5,40,0,-3.1,54,97.58,461,420.41,0,952.9,221.137607870583,7.29749984722611,60,,
2019,6,16,14,0,20.4,51,0,-3.3,46,193.3,293,525.86,0,953.1,224.772780836008,8.34165085932544,69,,
2019,6,16,15,0,19.7,59,0,-3.1,29,438.61,108,560.78,0,953.2,224.313621605951,8.52181687688795,81,,
2019,6,16,16,0,18.2,66,0,-2.6,2,119.4,3,426.07,0,953.3,229.864829486466,8.95664562071729,93,,
2019,6,16,17,0,16.7,71,0,-2.3,0,32.69,0,257.07,0,953.4,236.696870640604,9.00648064407705,105,,
2019,6,16,18,0,15.9,75,0,-1.9,0,15.82,0,96.12,0,953.8,241.148825000817,8.8795815513446,118,,
2019,6,16,19,0,15.4,80,0,-1.6,0,0,0,2.37,0,954.4,234.380567901689,9.28868708850159,132,,
2019,6,16,20,0,14.9,83,0,-1.3,0,0,0,0,0,954.8,233.522516599424,10.2891290444508,145,,
2019,6,16,21,0,14.3,88,0,-1,0,0,0,0,0,954.8,231.842120385662,10.6212495271656,159,,
2019,6,16,22,0,13.7,99,0,-0.6,0,0,0,0,0,954.4,232.660212122519,10.8828197319635,173,,
2019,6,16,23,0,13.1,-103,0,-0.4,0,0,0,0,0,953.7,233.212152675762,11.8965008551125,173,,
2019,6,17,0,0,12.6,-88,0,-0.1,0,0,0,0,0,953.4,236.917084797118,12.3217847814927,160,,
2019,6,17,1,0,12.1,-84,0,0.3,0,0,0,0,0,953.6,240.156589946446,12.3619175531491,146,,
2019,6,17,2,0,11.8,-80,0,0.5,0,0,0,0,0,953.9,239.81426186028,13.0735821857991,133,,
2019,6,17,3,0,11.4,-76,0,0.7,0,0,0,0,0,954.2,238.605181226581,11.9219365915337,119,,
2019,6,17,4,0,10.9,-71,0,1,0,0,0,0,0,954.5,242.647951574912,11.4002852615581,106,,
2019,6,17,5,0,10.5,-66,0,1.3,1,0,2,0,0,954.9,246.029683930649,11.6622307218535,93,,
2019,6,17,6,0,11.3,-59,0.6,0.9,29,0,94,0,0,955.2,253.466315376507,10.9528728773359,81,,
2019,6,17,7,0,13.3,-51,0,0.3,46,0,276,0,0,955.5,268.412401341113,8.87840810921353,70,,
2019,6,17,8,0,15.2,-41,0,0.1,55,0,444,0,0,955.6,282.466842007924,8.57724192338598,60,,
2019,6,17,9,0,16.8,-27,0,0,60,0,568,27.38,0,955.1,279.804237523446,7.66271585689531,53,,
2019,6,17,10,0,18.2,-10,0,-0.1,63,776.78,634,251.89,0,954.5,270.059457962414,7.75000417298363,48,,
2019,6,17,11,0,19.3,9,0,-0.3,64,895.88,635,448.54,0,953.8,270.304753187623,7.4218880002746,48,,
2019,6,17,12,0,20,26,0,-0.4,61,950.6,573,602.46,0,953,283.751495770044,10.0418625424498,52,,
2019,6,17,13,0,20.2,40,0,-0.3,56,976.67,453,698.8,0,952.5,280.472185727392,9.7166736045647,60,,
2019,6,17,14,0,19.9,51,0,0,47,982.74,288,728.04,0,952.5,277.152816191143,8.9762912558443,69,,
2019,6,17,15,0,19.1,59,0,0.1,30,973.05,106,688.9,0,952.7,269.172714331376,8.60652685792738,81,,
2019,6,17,16,0,17.7,65,0,0.2,2,944.56,3,584.72,0,953.1,261.754404042209,8.81776288010022,93,,
2019,6,17,17,0,16.3,71,0,0.5,0,885.65,0,424.76,0,953.6,261.454197089417,8.59136537348872,105,,
2019,6,17,18,0,15.5,75,0,0.7,0,753.19,0,224.47,0,953.7,264.184970131368,8.43778974367453,118,,
2019,6,17,19,0,14.9,80,0,1,0,319.94,0,26.06,0,953.9,269.428629041092,7.76975660934577,132,,
2019,6,17,20,0,14.4,83,0,1,0,0,0,0,0,954.3,265.836351355498,8.00907430976619,145,,
2019,6,17,21,0,13.9,88,0,1,0,0,0,0,0,954.6,266.675848618962,8.34554401024821,159,,
2019,6,17,22,0,13.3,99,0,1.1,0,0,0,0,0,954.4,266.828958052538,9.66647767905012,173,,
2019,6,17,23,0,12.9,-102,0,1.1,0,0,0,0,0,953.9,264.182489063885,11.7119962380266,173,,
2019,6,18,0,0,12.4,-88,0,1.4,0,0,0,0,0,953.3,262.689392557248,13.0431611959442,160,,
2019,6,18,1,0,11.9,-84,0,1.7,0,0,0,0,0,952.9,263.16501887356,12.5025960827499,146,,
2019,6,18,2,0,11.4,-80,0,1.9,0,0,0,0,0,952.9,265.847676641607,11.2715444983485,133,,
2019,6,18,3,0,10.9,-76,0,2.1,0,0,0,0,0,953,261.314058361102,9.36138725393679,119,,
2019,6,18,4,0,10.5,-71,0,2.2,0,0,0,0,0,953,264.122958407945,9.72692970690601,106,,
2019,6,18,5,0,10.1,-66,0,2.3,1,0,2,0,0,953.1,270.468071014156,9.57451524730547,94,,
2019,6,18,6,0,10.7,-59,0.8,2.1,27,0,95,0,0,953.4,278.92925175315,9.03530535964799,81,,
2019,6,18,7,0,12.4,-51,0,1.7,41,0,282,0,0,953.9,283.231332076021,8.08975148025512,70,,
2019,6,18,8,0,14.3,-41,0,1.5,48,0,452,0,0,954.1,285.570226861592,8.8480974100239,60,,
2019,6,18,9,0,16.3,-27,0,1.4,52,408.74,577,45.92,0,953.5,289.045216838203,8.35577538408754,53,,
2019,6,18,10,0,18.3,-10,0,1.5,55,766.59,641,248.44,0,952.5,283.586829214013,7.58319424660826,48,,
2019,6,18,11,0,20,8,0,1.8,55,884.32,642,442.85,0,951.4,285.320571358226,9.09249371561182,48,,
2019,6,18,12,0,21.3,26,0,2.5,54,937.38,578,594.48,0,950.3,298.357749476704,7.49269663593134,52,,
2019,6,18,13,0,22,40,0,2.9,50,492.26,456,592.39,0,950,297.833219166381,5.53922172425352,60,,
2019,6,18,14,0,22,50,0,2.9,43,967.47,289,717.7,0,950.2,283.118352451751,6.85055989329626,69,,
2019,6,18,15,0,21.2,59,0,3.1,28,957.09,106,678.81,0,950.3,281.317017081904,7.54509517990055,80,,
2019,6,18,16,0,19.5,65,0,3.3,2,927.63,3,575.68,0,950.3,288.175285687052,9.18063978911036,93,,
2019,6,18,17,0,18,71,0,3.3,0,867.35,0,417.59,0,950.5,286.42853564829,8.24639283207014,105,,
2019,6,18,18,0,17.3,75,0,3.3,0,733.4,0,220.14,0,950.9,297.562862706956,7.64056778115054,118,,
2019,6,18,19,0,16.6,79,0,3.3,0,303.21,0,25.69,0,951.2,310.348106434978,7.18597139505762,132,,
2019,6,18,20,0,15.8,83,0,2.9,0,0,0,0,0,951.3,334.489086169975,6.0593310292498,145,,
2019,6,18,21,0,15,87,0,2.5,0,0,0,0,0,951.2,335.931098206684,5.07781502941047,159,,
2019,6,18,22,0,14.3,98,0,2.6,0,0,0,0,0,950.9,304.875385838497,4.57675297591723,173,,
2019,6,18,23,0,13.7,-102,0,3.1,0,0,0,0,0,950.6,299.477186023988,5.31818745172283,173,,
2019,6,19,0,0,13.2,-88,0,3.4,0,0,0,0,0,950.5,283.090198618968,6.50192850915708,160,,
2019,6,19,1,0,12.6,-84,0,3.5,0,0,0,0,0,950.4,294.927376444211,5.27342798825428,146,,
2019,6,19,2,0,12.1,-80,0,3.3,0,0,0,0,0,950.3,306.244159235185,4.55860867874567,133,,
2019,6,19,3,0,11.7,-76,0,3.1,0,0,0,0,0,950.1,293.697772593247,4.9962219833338,119,,
2019,6,19,4,0,11.2,-71,0,2.8,0,0,0,0,0,950.1,293.127453376772,5.79822155654544,106,,
2019,6,19,5,0,10.9,-66,0,2.7,1,0,2,0,0,950.6,301.996381087292,5.4259032174548,94,,
2019,6,19,6,0,11.5,-59,0.7,2.7,27,0,92,0,0,951.1,312.576805048074,5.09800223263125,81,,
2019,6,19,7,0,13.2,-51,0,2.6,42,0,274,0,0,951.8,323.463998757192,4.54072050038773,70,,
2019,6,19,8,0,15.5,-41,0,2.6,49,0,442,0,0,951.7,329.084320164186,4.63046342896334,60,,
2019,6,19,9,0,17.9,-27,0,2.8,54,408.73,567,45.39,0,950.8,329.941120602667,4.90574717619474,53,,
2019,6,19,10,0,19.9,-10,0,3.2,56,770.29,634,248.63,0,949.7,342.568361376047,5.97352979083739,48,,
2019,6,19,11,0,21.3,8,0,3.5,56,889.5,637,444.29,0,948.7,357.366362044273,6.98398522055033,48,,
2019,6,19,12,0,22.4,26,0,3.3,54,943.76,575,597.37,0,948.2,357.234618922393,8.18936223167055,52,,
2019,6,19,13,0,22.9,40,0,3,50,969.15,455,693.09,0,948,18.4898358157837,8.80618434887756,60,,
2019,6,19,14,0,23.1,50,0,2.9,43,976.23,289,723.21,0,947.8,27.468805861414,7.40953071327331,69,,
2019,6,19,15,0,22.5,59,0,3.1,28,967.45,107,685.28,0,947.8,19.7453070621091,6.03464004721409,80,,
2019,6,19,16,0,21,65,0,3.4,2,939.84,3,582.47,0,948,8.72169940753599,5.5366096828744,93,,
2019,6,19,17,0,19.6,71,0,3.5,0,879.67,0,422.97,0,948.4,2.96618989006765,5.12784883201199,105,,
2019,6,19,18,0,18.8,75,0,3.8,0,746.15,0,223.64,0,948.9,350.486615304942,4.58646913256491,118,,
2019,6,19,19,0,18.1,79,0,3.9,0,316.92,0,26.6,0,949.2,331.666182967934,3.17744981150461,132,,
2019,6,19,20,0,17.5,83,0,3.8,0,0,0,0,0,949.4,330.624036542214,3.63978815013278,145,,
2019,6,19,21,0,16.9,87,0,3.8,0,0,0,0,0,949.3,331.507065584281,3.44006627245332,159,,
2019,6,19,22,0,16.4,98,0,3.7,0,0,0,0,0,949.2,306.553623704334,3.44340295521774,172,,
2019,6,19,23,0,15.7,-102,0,3.5,0,0,0,0,0,949,285.220791466926,4.49389966560172,174,,
2019,6,20,0,0,15,-88,0,3.3,0,0,0,0,0,948.9,275.734331351878,5.35905557993292,160,,
2019,6,20,1,0,14.3,-84,0,3,0,0,0,0,0,948.9,272.338502568685,7.56917154391237,146,,
2019,6,20,2,0,13.8,-80,0,2.9,0,0,0,0,0,949,272.542577938297,8.54386637719515,133,,
2019,6,20,3,0,13.5,-76,0,2.8,0,0,0,0,0,949,272.768018871814,6.87974160767044,119,,
2019,6,20,4,0,13.2,-71,0,2.8,0,0,0,0,0,949,278.115743139117,6.39223583587347,106,,
2019,6,20,5,0,13.2,-66,0,2.9,1,0,1,0,0,949.2,289.757120725978,6.58694264214202,94,,
2019,6,20,6,0,14.3,-59,0.7,3,30,0,84,0,0,949.9,298.173244791709,6.03976253001998,81,,
2019,6,20,7,0,16.8,-51,0,3.2,47,0,261,0,0,950.7,306.527882022336,5.75558509069297,70,,
2019,6,20,8,0,19.5,-41,0,3.5,56,0,424,0,0,950.9,303.082112624711,5.81819195394014,60,,
2019,6,20,9,0,21.8,-27,0,3.4,61,405.41,546,44.67,0,950.4,301.939510129,6.09917633522263,53,,
2019,6,20,10,0,23.5,-10,0,2.7,64,768.92,610,247.58,0,949.5,298.273115926722,5.33575260729274,48,,
2019,6,20,11,0,24.6,8,0,1.9,66,887.68,610,442.86,0,948.7,277.832803690745,7.7399759374991,48,,
2019,6,20,12,0,25.3,25,0.5,1.4,71,941.31,540,595.49,0,948.3,289.063906465068,11.2662929680728,52,,
2019,6,20,13,0,25.7,39,1.4,1.4,73,966.01,412,690.76,0,948.1,295.359337526006,10.2149473882977,60,,
2019,6,20,14,0,25.8,50,7.9,1.9,83,973.98,219,721.59,0,948,292.836997920773,10.6387696202268,69,,
2019,6,20,15,0,25.1,59,31.9,2.8,65,966.05,20,684.47,0,947.9,292.585623609904,12.5609273114265,80,,
2019,6,20,16,0,23.8,65,1.1,3.6,3,939.33,2,582.46,0,947.8,297.332359492168,12.5231036488564,93,,
2019,6,20,17,0,22.9,71,0.2,4.3,0,880.31,0,423.65,0,948,301.137620584012,11.8980215327431,105,,
2019,6,20,18,0,22.3,75,0,5.3,0,748.35,0,224.65,0,948.7,303.278853627471,12.4013997912027,118,,
2019,6,20,19,0,21.7,79,0,6.3,0,322.59,0,27.21,0,949.4,308.97194886591,10.7079414663968,132,,
2019,6,20,20,0,20.9,83,0,7.4,0,0,0,0,0,949.6,328.639919069308,10.0136645813755,145,,
2019,6,20,21,0,19.8,87,0,9.1,0,0,0,0,0,949.5,341.76223010712,12.1575036455728,159,,
2019,6,20,22,0,19,97,0,10.8,0,0,0,0,0,949.3,345.4830441672,13.6828234043222,172,,
2019,6,20,23,0,18.2,-102,0,11.7,0,0,0,0,0,949.2,344.70336580808,14.9999712401127,174,,
2019,6,21,0,0,17.8,-88,0,12.3,0,0,0,0,0,949.3,347.476487773604,16.2858797247046,160,,
2019,6,21,1,0,17.8,-84,5.3,12.7,0,0,0,0,0,949.3,353.367707690355,14.2437128770733,146,,
2019,6,21,2,0,17.6,-80,6.4,12.8,0,0,0,0,0,949.2,0.060352801776105,10.7540271992371,133,,
2019,6,21,3,0,17,-76,6.3,13.1,0,0,0,0,0,949.3,357.464902447673,9.1888184448983,120,,
2019,6,21,4,0,16.4,-71,24.4,13.3,0,0,0,0,0,949.5,343.423586179368,7.46255582309093,106,,
2019,6,21,5,0,16,-66,29.8,13.5,2,0,0,0,0,950,342.402948682461,8.52808237754965,94,,
2019,6,21,6,0,16.7,-59,29.7,12.7,72,0,1,0,0,951,337.514384090212,11.1230350749167,82,,
2019,6,21,7,0,17.7,-51,42.7,11.4,164,0,4,0,0,952,335.719240146491,11.4375541183926,70,,
2019,6,21,8,0,18.6,-41,39.8,10.5,269,0,9,0,0,952.5,332.422024267942,12.1588858621515,60,,
2019,6,21,9,0,19.2,-27,39.1,9.6,330,0,28,15.88,0,952,339.807041486737,11.9618374259341,53,,
2019,6,21,10,0,19,-10,32.9,9.3,372,0,67,66.57,0,951.2,347.950480995262,12.705742973875,48,,
2019,6,21,11,0,18.7,8,35.7,9.3,391,15.74,34,98.05,0,950.3,351.748302188819,12.4963303630334,48,,
2019,6,21,12,0,19.3,25,32.4,8.5,328,118.49,77,94.93,0,949.9,1.01200689766176,14.568425730206,52,,
2019,6,21,13,0,19.1,39,19.2,8.5,219,77.11,168,50,0,950,4.50250653651204,14.6193124074818,60,,
2019,6,21,14,0,18.8,50,13.4,8.3,123,73.14,153,198.69,0,950,11.0680654611126,14.4009018889013,69,,
2019,6,21,15,0,19,59,36.8,6.8,76,74.49,4,172.66,0,950,21.3652180805868,13.5609697788983,80,,
2019,6,21,16,0,18.2,65,31.2,5.8,4,98.79,0,94.97,0,950.2,26.0231763779438,12.9975618432919,92,,
2019,6,21,17,0,17.3,71,29.5,5.7,0,39.11,0,169.35,0,950.9,36.1775030674536,11.5663407638104,105,,
2019,6,21,18,0,16.9,75,30.5,6.1,0,53.02,0,66.79,0,951.7,41.4394928402813,10.9533835825948,118,,
2019,6,21,19,0,16.6,79,38.8,6.4,0,0,0,19.43,0,952.1,31.9047613989961,9.73235178279464,132,,
2019,6,21,20,0,16.3,83,39.2,6.8,0,0,0,0,0,952.1,38.1339465939038,10.4741847488138,145,,
2019,6,21,21,0,16.3,87,38,7.3,0,0,0,0,0,951.7,49.6237755504256,10.1309494949168,159,,
2019,6,21,22,0,16.4,97,30.1,7.4,0,0,0,0,0,951,52.0600837539369,9.3402221096088,172,,
2019,6,21,23,0,16.4,-102,29,7.2,0,0,0,0,0,950.4,57.7277183871016,7.35385130713717,174,,
2019,6,22,0,0,16.2,-88,29.7,6.7,0,0,0,0,0,950.5,66.9308161124133,6.37173270923329,160,,
2019,6,22,1,0,16.1,-84,24.6,6,0,0,0,0,0,950.8,85.0377756476743,5.64945983191381,146,,
2019,6,22,2,0,15.9,-80,24.3,6.3,0,0,0,0,0,950.9,85.115627642833,6.1942771784785,133,,
2019,6,22,3,0,15.3,-76,24.1,7.5,0,0,0,0,0,950.7,75.4260347938684,6.27198434011535,120,,
2019,6,22,4,0,14.7,-71,8.4,8.1,0,0,0,0,0,950.5,76.7815920250604,6.23537781179696,106,,
2019,6,22,5,0,14.6,-66,19.5,7.2,2,0,0,0,0,950.6,79.5936536398602,5.53623749091858,94,,
2019,6,22,6,0,15.8,-59,26,5.5,64,0,10,0,0,950.8,85.6679645088136,5.63708360360174,82,,
2019,6,22,7,0,17.8,-51,24.7,3.9,103,0,136,0,0,951.3,89.4934208458445,5.74620336054527,70,,
2019,6,22,8,0,19.7,-41,0,3.2,58,0,417,0,0,951.6,96.0453944087769,5.45210342974015,61,,
2019,6,22,9,0,21.5,-27,0,2.7,62,415.38,540,44.42,0,951.1,100.211441918259,5.35417927031216,53,,
2019,6,22,10,0,22.7,-10,0.4,1.5,68,782.04,599,249.74,0,950.2,108.136473741835,6.41213522650572,48,,
2019,6,22,11,0,23.4,8,3.4,1.1,111,901.77,539,447.73,0,949.2,113.394520982619,7.92925628708841,48,,
2019,6,22,12,0,23.8,25,5.8,1.5,131,956.2,444,602.9,0,948.3,121.866527033204,7.86527812619479,52,,
2019,6,22,13,0,24.1,39,0.6,1.5,61,981.88,428,700.38,0,948.2,136.538717949815,8.64294747600638,60,,
2019,6,22,14,0,24,50,0.2,1,47,989.09,276,731.55,0,948.2,145.254461605272,8.93713471219548,69,,
2019,6,22,15,0,23.3,59,12.1,0.7,45,980.69,76,694.09,0,948.1,146.060489074138,8.94107543020977,80,,
2019,6,22,16,0,22.1,65,0.4,0.8,3,953.76,3,591.1,0,948.3,145.328400770133,9.16646531905317,92,,
2019,6,22,17,0,21.1,71,0,1.1,0,896.13,0,431.2,0,948.7,144.94667573661,9.51450099143096,105,,
2019,6,22,18,0,20.6,75,0.1,1.5,0,766.59,0,230.22,0,949.2,146.564042477957,9.78276660769005,118,,
2019,6,22,19,0,20.1,79,9.3,1.7,0,345.6,0,29.07,0,949.8,145.53812855075,10.8442953234703,132,,
2019,6,22,20,0,20.1,83,5,1.3,0,0,0,0,0,950.1,146.101410384191,10.9460708521689,145,,
2019,6,22,21,0,19.6,87,5,0.7,0,0,0,0,0,950.2,149.010767891572,10.0056462195062,159,,
2019,6,22,22,0,19,97,5.7,0,0,0,0,0,0,950.1,152.477760464316,8.87456359488112,172,,
2019,6,22,23,0,18.8,-102,5,-0.5,0,0,0,0,0,949.8,158.356000569392,8.00480828161984,174,,
2019,6,23,0,0,18.3,-88,5,-0.8,0,0,0,0,0,949.5,166.530949136337,7.20886543404043,160,,
2019,6,23,1,0,17.9,-84,0.2,-0.8,0,0,0,0,0,949.5,163.622168980948,9.08653305300375,147,,
2019,6,23,2,0,17.8,-80,0,-0.9,0,0,0,0,0,949.9,170.649009057223,7.7628762587192,133,,
2019,6,23,3,0,17.7,-76,0,-1.1,0,0,0,0,0,949.8,169.324111193509,7.27430357885587,120,,
2019,6,23,4,0,17.4,-71,0,-1.3,0,0,0,0,0,949.6,158.977475932973,7.52420666728795,107,,
2019,6,23,5,0,17.2,-66,0,-1.6,1,0,1,0,0,949.8,154.952686143795,8.44232005576049,94,,
2019,6,23,6,0,17.7,-59,2,-1.3,37,0,68,0,0,950.2,154.672006079003,8.82046660236282,82,,
2019,6,23,7,0,18.7,-51,18,-1.2,142,0,100,0,0,950.9,160.30046171769,8.22750797668522,70,,
2019,6,23,8,0,19.8,-41,27.1,-2.1,249,0,90,0,0,951.2,167.190996506789,8.2281529772574,61,,
2019,6,23,9,0,21.1,-27,15.5,-2.7,223,425.11,283,44.67,0,950.9,168.87127459466,9.45110999745612,53,,
2019,6,23,10,0,22.3,-10,2.1,-2.8,93,791.33,557,251.7,0,950.1,170.439342879524,10.8180206415051,48,,
2019,6,23,11,0,23.3,8,2.3,-2.6,96,909.3,557,450.57,0,949.1,177.492153906893,11.3350520244899,48,,
2019,6,23,12,0,23.8,25,7.6,-2.6,154,962.23,404,606.03,0,948.6,179.534065426244,12.0003967964954,52,,
2019,6,23,13,0,23.8,39,0,-2.6,59,986.65,427,703.39,0,948.5,180.131744683679,11.9218145296385,60,,
2019,6,23,14,0,24.3,50,0,-2.2,50,992.61,269,734.04,0,948.6,181.787529757408,12.9006480754345,69,,
2019,6,23,15,0,24.2,59,13.9,-1.5,56,983.02,59,695.92,0,948.9,182.867950912148,13.5871924691107,80,,
2019,6,23,16,0,23.7,65,30,-1.1,4,954.95,0,592.26,0,949.3,184.220855275762,14.3316327088996,92,,
2019,6,23,17,0,23.2,71,27.1,-0.9,0,896.07,0,431.81,0,950,188.08417114994,15.6670180773641,105,,
2019,6,23,18,0,22.7,75,8.3,-0.9,0,765.39,0,230.58,0,950.7,191.838169910127,16.1878667655112,118,,
2019,6,23,19,0,22.2,79,36.6,-1,0,345.84,0,29.56,0,951.3,196.357711759852,16.4791744163107,131,,
2019,6,23,20,0,20.7,83,35,0.9,0,0,0,0,0,951.9,199.508931824597,17.0319004888288,145,,
2019,6,23,21,0,18.7,87,29.8,4.2,0,0,0,0,0,952.3,201.68525885554,17.6760431147919,159,,
2019,6,23,22,0,17.9,97,30,6.2,0,0,0,0,0,952,203.935025130999,18.1883509832397,172,,
2019,6,23,23,0,17.9,-103,30.5,6.4,0,0,0,0,0,951,203.68167549481,18.2550694802757,174,,
2019,6,24,0,0,18.3,-88,30.4,6.3,0,0,0,0,0,950.5,200.891220119307,19.0940696708221,160,,
2019,6,24,1,0,18.5,-84,30.2,6.2,0,0,0,0,0,950.4,194.732710769365,15.0087974459281,147,,
2019,6,24,2,0,18.4,-80,31,6,0,0,0,0,0,950.5,191.675694051578,12.508823204432,133,,
2019,6,24,3,0,18.1,-76,30.7,5.7,0,0,0,0,0,950.5,191.230291624629,10.9319078372445,120,,
2019,6,24,4,0,17.6,-71,20,5.4,0,0,0,0,0,950.7,190.145856442681,9.80166493798002,107,,
2019,6,24,5,0,17,-66,29.1,5.3,2,0,0,0,0,951.4,185.289038231753,9.2385301609433,94,,
2019,6,24,6,0,17.5,-59,15.9,5.7,58,0,32,0,0,952.3,182.41960479967,9.53188972890382,82,,
2019,6,24,7,0,18.8,-51,22.2,5.8,155,0,76,0,0,953.1,180.967682317859,9.02467860520782,70,,
2019,6,24,8,0,20.4,-41,6.7,5.2,116,0,324,0,0,953.4,180.954462752673,9.14966102126096,61,,
2019,6,24,9,0,21.9,-27,1,4.7,76,409.38,515,43.26,0,953,182.437446384523,10.1067313419707,53,,
2019,6,24,10,0,23,-10,0.4,4.6,71,779.1,594,247.98,0,952.2,185.321628043601,11.3732170582235,48,,
2019,6,24,11,0,23.9,8,0,4.8,65,896.77,608,444.74,0,951.3,186.623474843952,12.0254372072351,48,,
2019,6,24,12,0,24.6,25,0,5.2,62,949.56,549,598.69,0,950.8,192.207407976151,12.9327777269812,52,,
2019,6,24,13,0,25.2,39,0,5.4,57,973.39,434,694.87,0,950.9,192.517573766758,13.5363086047649,59,,
2019,6,24,14,0,25.5,50,1.1,5.1,54,980.33,266,726.05,0,951.2,196.544493202328,13.6220800150452,69,,
2019,6,24,15,0,25.3,59,14.5,4.9,53,971.52,64,689.02,0,951.5,202.233095450737,13.4317307151512,80,,
2019,6,24,16,0,24.2,65,0.6,5.1,3,944.1,3,586.89,0,951.7,204.521110975021,13.9962599675499,92,,
2019,6,24,17,0,23,71,0,4.9,0,886.35,0,428.48,0,951.9,203.397118850462,15.5135437101523,105,,
2019,6,24,18,0,22.4,75,0.1,5.3,0,757.06,0,229.26,0,952.5,203.58967488444,16.516534300453,118,,
2019,6,24,19,0,21.8,79,6.6,6,0,342.61,0,29.91,0,953.4,203.945957083547,16.5830202567191,131,,
2019,6,24,20,0,21,83,7.2,6.1,0,0,0,0,0,953.8,206.437218259587,16.3367363947099,145,,
2019,6,24,21,0,20.2,87,7.2,6.4,0,0,0,0,0,954,209.068088843147,15.846901497239,159,,
2019,6,24,22,0,19.4,97,0.3,7.1,0,0,0,0,0,953.7,212.769051019013,16.2958113241132,172,,
2019,6,24,23,0,18.7,-103,0,7.4,0,0,0,0,0,953,215.975208496445,16.497401348315,174,,
2019,6,25,0,0,18,-88,0,7.5,0,0,0,0,0,952.8,218.559693657081,16.5940539928295,160,,
2019,6,25,1,0,17.5,-84,0,7.5,0,0,0,0,0,953,227.134991177906,16.02543526042,147,,
2019,6,25,2,0,17.2,-80,0,6.6,0,0,0,0,0,953.2,226.663132269621,11.9237530531814,133,,
2019,6,25,3,0,17.3,-76,0,4.7,0,0,0,0,0,953.1,227.220328011992,9.34594432421449,120,,
2019,6,25,4,0,17.7,-71,0,2.4,0,0,0,0,0,952.9,228.740447802361,7.919356677029,107,,
2019,6,25,5,0,18.1,-66,0,0.3,1,0,1,0,0,952.9,231.646472029355,7.20789890199269,94,,
2019,6,25,6,0,18.4,-59,9.7,-0.4,52,0,44,0,0,953.5,235.459525696512,6.34508238212282,82,,
2019,6,25,7,0,19,-51,14.7,-0.8,125,0,131,0,0,954.2,258.263126247907,5.03099171656724,70,,
2019,6,25,8,0,20,-41,19.3,-1.8,206,0,176,0,0,954.5,261.426623131699,4.34940555867407,61,,
2019,6,25,9,0,21,-27,9.1,-2.7,160,405.95,387,42.71,0,954.5,255.069919771429,4.06296611604995,53,,
2019,6,25,10,0,22.2,-10,19.2,-3.3,288,776.38,252,246.86,0,953.8,245.15124073807,3.91307607830472,48,,
2019,6,25,11,0,23.6,8,35.4,-3.6,373,897.96,62,444.97,0,953.1,233.088905058471,4.06469302298913,48,,
2019,6,25,12,0,25.1,25,19.4,-3.5,257,953.64,237,600.85,0,952.5,225.307187929424,4.67611930918045,52,,
2019,6,25,13,0,26,39,20.7,-3.2,232,980.33,157,699.39,0,952.3,216.321349240372,4.88655175877161,59,,
2019,6,25,14,0,26,50,4.3,-3,79,986.58,232,730.5,0,952.5,228.265091165932,5.38621542465881,69,,
2019,6,25,15,0,25.2,59,8.4,-2.6,54,977.21,66,693.11,0,952.5,238.944910757867,5.30749761732413,80,,
2019,6,25,16,0,23.8,65,5.5,-2.4,4,949.32,2,590.38,0,952.6,245.100827925454,5.48215282719761,92,,
2019,6,25,17,0,22.9,71,4.4,-2.4,0,891.54,0,431.36,0,952.7,239.812133782771,6.26779145008648,105,,
2019,6,25,18,0,22.5,75,22.5,-1.6,0,762.6,0,231.36,0,952.8,238.507109034738,6.84825922264128,118,,
2019,6,25,19,0,22.3,79,0.9,-0.6,0,350.6,0,30.81,0,953.1,237.517472713892,7.92731949488631,131,,
2019,6,25,20,0,21.9,83,0.1,0.6,0,0,0,0,0,953.5,239.751443288908,7.85406435160203,145,,
2019,6,25,21,0,21.4,87,1.2,1.7,0,0,0,0,0,953.4,238.72439031217,8.44122428873931,159,,
2019,6,25,22,0,21.5,97,5.7,1.8,0,0,0,0,0,952.7,238.541298940902,8.10504843933601,172,,
2019,6,25,23,0,21.6,-104,5.2,1,0,0,0,0,0,951.9,238.82341064549,7.4917020010255,174,,
2019,6,26,0,0,21.4,-88,0,-0.5,0,0,0,0,0,951.4,232.459086853011,7.38397991087516,160,,
2019,6,26,1,0,21,-84,4.7,-1.9,0,0,0,0,0,951.3,242.25887974657,6.88863221408671,147,,
2019,6,26,2,0,20.3,-80,3.5,-2.5,0,0,0,0,0,951.4,240.851436993357,7.20899662407172,133,,
2019,6,26,3,0,19.8,-76,0,-2.6,0,0,0,0,0,951.6,233.464954202814,5.74110415343829,120,,
2019,6,26,4,0,19.3,-71,0,-2.6,0,0,0,0,0,951.4,222.303929808637,3.81862262050763,107,,
2019,6,26,5,0,18.4,-66,0,-2.8,1,0,1,0,0,951.2,195.707749807178,2.85668241544401,94,,
2019,6,26,6,0,18.6,-60,17.6,-3.1,66,0,19,0,0,951.5,178.941622610086,2.75046924568797,82,,
2019,6,26,7,0,20.2,-51,27,-3.3,169,0,55,0,0,951.9,170.604801980351,2.15389264647249,70,,
2019,6,26,8,0,22.5,-41,6.5,-3.2,112,0,338,0,0,952.2,159.351129602666,2.27088362568753,61,,
2019,6,26,9,0,24.4,-27,0.2,-3.2,62,409.89,546,42.68,0,951.6,159.175459240581,3.02158537359696,53,,
2019,6,26,10,0,25.7,-10,0,-3.4,62,780.27,618,247.56,0,950.5,161.139465050159,4.32582727618898,48,,
2019,6,26,11,0,26.3,8,0,-3.6,62,900.21,623,445.74,0,949.5,162.475954858401,4.8129086575944,48,,
2019,6,26,12,0,26.6,25,0,-4.3,61,954.24,562,601.16,0,948.7,162.95405101421,5.44993952539479,52,,
2019,6,26,13,0,26.7,39,0,-4.7,58,979.39,443,698.96,0,948.2,152.572110919731,6.51279281899374,59,,
2019,6,26,14,0,26.6,50,0,-4.3,50,986.52,281,730.86,0,948.2,154.767304311762,7.27572320346013,69,,
2019,6,26,15,0,25.9,59,1.4,-3.7,38,978.04,96,694.24,0,948.6,156.952398597494,7.28388109596775,80,,
2019,6,26,16,0,24.4,65,0,-3,3,951.13,3,592.14,0,948.7,162.506616963709,7.34288132320891,92,,
2019,6,26,17,0,23,71,0,-2.6,0,894.83,0,433.59,0,948.7,166.719432114849,7.78982692168832,105,,
2019,6,26,18,0,22.1,75,0,-2.7,0,768.01,0,233.54,0,949,176.415255646437,8.25408614870643,118,,
2019,6,26,19,0,21.4,79,0,-2.8,0,360.07,0,31.83,0,949.5,190.620833045697,9.66149566041751,131,,
2019,6,26,20,0,20.7,83,0,-2.8,0,0,0,0,0,949.9,193.507169928121,10.0995201818419,145,,
2019,6,26,21,0,20,87,0,-2.8,0,0,0,0,0,950,192.78285764367,10.3261007748435,158,,
2019,6,26,22,0,19.4,97,0,-2.7,0,0,0,0,0,949.7,196.700760444171,10.4648110412362,172,,
2019,6,26,23,0,18.8,-105,0,-2.4,0,0,0,0,0,949.3,199.779073409226,10.5146904721281,174,,
2019,6,27,0,0,18.3,-88,0,-1.6,0,0,0,0,0,949.3,205.274350890873,9.86179414845695,160,,
2019,6,27,1,0,17.7,-84,0,-0.6,0,0,0,0,0,949.4,212.545862737131,10.2595381899568,147,,
2019,6,27,2,0,17.1,-80,0,0.2,0,0,0,0,0,949.3,210.873084312659,9.34793766287799,133,,
2019,6,27,3,0,16.7,-76,0,1.4,0,0,0,0,0,949.2,205.744609933841,7.07752107238523,120,,
2019,6,27,4,0,16.3,-71,0,3,0,0,0,0,0,949,200.654635878145,6.09068290929057,107,,
2019,6,27,5,0,15.9,-66,0,4.7,1,0,1,0,0,949,195.226491668302,5.51790075588807,94,,
2019,6,27,6,0,16.6,-60,0.5,5.8,31,0,77,0,0,949.7,186.854685251712,5.23662691834089,82,,
2019,6,27,7,0,18.4,-51,0,7.5,50,0,250,0,0,950.6,167.785058595104,3.78488264853601,71,,
2019,6,27,8,0,19.9,-41,0,9.4,60,0,414,0,0,950.8,154.77373500618,3.81281737630937,61,,
2019,6,27,9,0,21.4,-27,0,9.1,65,383.37,537,40.77,0,950.5,149.275976532645,4.79385292174206,53,,
2019,6,27,10,0,22.9,-10,0,7.7,67,748.98,602,239.23,0,949.6,145.809842900608,5.60986143322768,48,,
2019,6,27,11,0,24.1,8,0.3,6.2,71,229.05,600,339.21,0,948.5,144.144393729053,5.9422315485934,48,,
2019,6,27,12,0,25.1,25,0,5.8,66,285.95,544,466.91,0,947.6,152.480274400762,6.73006014152453,52,,
2019,6,27,13,0,25.5,39,0,6.2,63,168.07,426,524.1,0,947.5,143.624929663506,6.297165033183,59,,
2019,6,27,14,0,25.1,50,0.3,6.7,55,487.55,266,604.08,0,947.8,145.074239055012,7.04162689788037,69,,
2019,6,27,15,0,24.3,59,0,7.4,35,120.34,98,493.57,0,947.9,155.287501119531,7.07362835493097,80,,
2019,6,27,16,0,23.2,65,0,8.1,3,95.82,3,365.03,0,947.7,169.714168848775,7.87658279461674,92,,
2019,6,27,17,0,22.1,71,0,8.4,0,74.21,0,289.58,0,947.5,177.964350288866,7.80975406768904,105,,
2019,6,27,18,0,21.2,75,0,8.8,0,37.86,0,97.88,0,947.9,181.431242029035,7.9750753330847,118,,
2019,6,27,19,0,19.9,79,0,10.4,0,319.75,0,30.44,0,948.9,181.178915198066,6.075481795734,131,,
2019,6,27,20,0,18.8,83,0,11.6,0,0,0,0,0,949.7,181.985150686929,6.42563943594289,145,,
2019,6,27,21,0,18.3,87,0,11.1,0,0,0,0,0,950,187.640950256993,6.932534395059,158,,
2019,6,27,22,0,17.7,97,0,10.1,0,0,0,0,0,949.8,196.298610892108,7.65523511143349,172,,
2019,6,27,23,0,16.9,-105,0,10,0,0,0,0,0,949.5,198.666002279692,7.65251983586718,174,,
2019,6,28,0,0,15.7,-88,0,10.9,0,0,0,0,0,949.6,195.936241344904,6.91411599120665,160,,
2019,6,28,1,0,15,-84,0,11.4,0,0,0,0,0,950.1,212.439913491663,6.00763999543548,147,,
2019,6,28,2,0,14.6,-80,0,11.1,0,0,0,0,0,950.5,211.804891194535,6.25541877175564,133,,
2019,6,28,3,0,14.2,-76,0,10.5,0,0,0,0,0,950.7,202.539521463019,4.95248999020309,120,,
2019,6,28,4,0,13.9,-71,0,9.6,0,0,0,0,0,950.9,191.299190827247,4.20653344689879,107,,
2019,6,28,5,0,13.8,-66,0,8.5,1,0,1,0,0,951.5,185.258841242341,4.09141736282221,94,,
2019,6,28,6,0,14.2,-60,3.7,7.4,37,0,69,0,0,952.8,181.872138322103,3.826238121199,82,,
2019,6,28,7,0,14.9,-52,0.8,6.6,48,0,258,0,0,954,175.854413228689,3.45824396841615,71,,
2019,6,28,8,0,15.8,-41,0.7,5.6,58,0,427,0,0,954.6,163.603118900036,3.54246592547113,61,,
2019,6,28,9,0,16.9,-27,1.6,4.8,73,360.6,540,39.14,0,954.5,154.220465667248,4.07761056678652,53,,
2019,6,28,10,0,17.8,-11,3.1,4.9,98,733,575,234.8,0,953.9,148.407479665934,5.86051291298717,48,,
2019,6,28,11,0,18.5,8,0.4,4.5,58,233.19,640,335.6,0,953.1,144.244570443177,7.09944013263679,48,,
2019,6,28,12,0,18.8,25,0,3.7,50,914.86,589,579.42,0,952.6,144.863371762045,7.86653551128881,52,,
2019,6,28,13,0,18.6,39,0,3.1,48,942.49,469,676.05,0,952.8,143.488297462442,7.9508124407077,59,,
2019,6,28,14,0,18.1,50,0,2.4,41,951.34,304,708.55,0,953.3,144.959872110845,8.23936205850846,69,,
2019,6,28,15,0,17.3,59,0,1.4,27,944.24,119,674.24,0,953.8,152.443141200301,8.37604881249046,80,,
2019,6,28,16,0,16.3,65,0,0.4,3,918.25,5,575.79,0,954.2,163.782499866647,8.14005903851104,92,,
2019,6,28,17,0,15.2,71,0,-0.7,0,860.87,0,421.29,0,954.7,174.980891999975,8.61857081142861,105,,
2019,6,28,18,0,14.3,75,0,-1.5,0,733.16,0,226.69,0,955,181.083660794678,9.083126880627,118,,
2019,6,28,19,0,13.6,79,0,-1.9,0,333.38,0,31.69,0,955.6,182.400880488338,7.64303696867892,131,,
2019,6,28,20,0,12.8,83,0,-2.2,0,0,0,0,0,956,182.830937648434,7.3485128113936,145,,
2019,6,28,21,0,12,87,0,-2.5,0,0,0,0,0,956,180.300629390367,6.61704861958591,158,,
2019,6,28,22,0,11.3,97,0,-2.7,0,0,0,0,0,955.4,187.314814807939,6.74605569237524,172,,
2019,6,28,23,0,10.6,-106,0,-2.8,0,0,0,0,0,954.9,187.655142271412,6.44781326902633,174,,
2019,6,29,0,0,9.9,-88,0,-2.8,0,0,0,0,0,954.8,184.821294734578,6.36205571636127,160,,
2019,6,29,1,0,9.2,-84,0,-2.9,0,0,0,0,0,954.7,191.850672056151,3.44028321113551,147,,
2019,6,29,2,0,8.7,-80,0,-3.2,0,0,0,0,0,954.7,173.112360145186,3.48972934916329,133,,
2019,6,29,3,0,8.1,-76,0,-3.6,0,0,0,0,0,954.7,158.602389871462,4.40093946476814,120,,
2019,6,29,4,0,7.7,-71,0,-3.8,0,0,0,0,0,954.6,151.796232144787,5.13279621320154,107,,
2019,6,29,5,0,7.3,-66,0,-4,1,0,2,0,0,955.1,146.002279662701,5.4560496033797,94,,
2019,6,29,6,0,7.7,-60,0.9,-4.1,26,0,95,0,0,955.9,143.563371839559,6.39937872202551,82,,
2019,6,29,7,0,9,-52,0,-4.4,39,0,290,0,0,956.6,133.901582353767,5.62196330336308,71,,
2019,6,29,8,0,10.6,-41,0,-4.8,46,0,467,0,0,956.9,138.617634163133,6.12754630002099,61,,
2019,6,29,9,0,12.4,-27,0,-5.3,49,354.49,599,38.59,0,956.9,147.815036479379,6.76162618667704,53,,
2019,6,29,10,0,14,-11,0,-5.7,49,724.89,672,232.47,0,956,157.224538233941,7.55785968128687,48,,
2019,6,29,11,0,15.4,8,0,-6.3,49,849.52,678,423.76,0,954.6,166.360204473165,8.48114756314363,48,,
2019,6,29,12,0,16.6,25,0,-7.5,48,907.29,616,575.27,0,953.6,164.380864335749,8.26993102483136,52,,
2019,6,29,13,0,17.4,39,0,-8.6,46,935.08,492,671.6,0,953.3,155.450701241798,6.45001203910328,59,,
2019,6,29,14,0,17.5,50,0,-9,41,946.02,320,705.54,0,953.5,160.80342453316,6.71280334521109,69,,
2019,6,29,15,0,16.8,59,0,-8.9,28,940.71,125,672.76,0,953.7,174.524322330299,7.69887207371796,80,,
2019,6,29,16,0,15.3,65,0,-8.7,3,916.92,5,575.99,0,953.7,184.853037519946,8.1696374073188,92,,
2019,6,29,17,0,13.9,71,0,-8.7,0,860.37,0,422.07,0,953.6,188.644430315425,8.10744863707381,105,,
2019,6,29,18,0,13,75,0,-8.8,0,733.92,0,227.8,0,954,191.592597695947,8.68856391461646,118,,
2019,6,29,19,0,12.3,79,0,-8.9,0,338.03,0,32.53,0,954.6,187.030833289013,7.11563863332196,131,,
2019,6,29,20,0,11.8,83,0,-9.2,0,0,0,0,0,954.9,183.868068064929,7.35227181536326,145,,
2019,6,29,21,0,11.2,87,0,-9.5,0,0,0,0,0,954.9,183.639704406521,7.74954608255832,158,,
2019,6,29,22,0,10.7,98,0,-9.9,0,0,0,0,0,954.4,185.878156287601,8.65442058261701,172,,
2019,6,29,23,0,10.3,-107,0,-10,0,0,0,0,0,953.7,191.864040399421,10.2578669583992,174,,
2019,6,30,0,0,9.8,-88,0,-10.6,0,0,0,0,0,953.2,200.27047758329,10.7891787911152,160,,
2019,6,30,1,0,9.4,-84,0,-11.2,0,0,0,0,0,953,212.647740785484,7.45055557615033,147,,
2019,6,30,2,0,9.1,-80,0,-11.2,0,0,0,0,0,952.9,218.724292200142,6.59394953817636,133,,
2019,6,30,3,0,8.7,-76,0,-11.2,0,0,0,0,0,952.8,206.243116392051,5.2653038626183,120,,
2019,6,30,4,0,8.3,-71,0,-11.1,0,0,0,0,0,952.7,197.706551285082,4.85499718252746,107,,
2019,6,30,5,0,8,-66,0,-11,1,0,1,0,0,952.8,194.047779263512,4.84406403290721,94,,
2019,6,30,6,0,8.9,-60,0.5,-10.7,26,0,93,0,0,953.2,192.424998392141,5.11991613919692,82,,
2019,6,30,7,0,11.1,-52,0,-10,41,0,284,0,0,953.7,211.236199604928,5.64209138143321,71,,
2019,6,30,8,0,13.7,-41,0,-8.7,48,0,458,0,0,953.8,215.518975712446,5.46635851959296,61,,
2019,6,30,9,0,15.9,-28,0,-7.4,53,380.07,585,40.06,0,953.5,213.580283917562,5.60763156516002,53,,
2019,6,30,10,0,17.6,-11,0,-6.5,55,753.56,654,240.03,0,952.8,211.322970995726,6.10894131506349,48,,
2019,6,30,11,0,19,8,0,-5.7,55,876.13,658,435.48,0,951.6,206.969802074923,5.46084840148429,48,,
2019,6,30,12,0,20,25,0,-5.9,53,931.81,600,589.49,0,950.5,204.745080415284,5.49666628056183,52,,
2019,6,30,13,0,20.7,39,0,-6.6,49,957.97,479,686.98,0,950.1,202.739931530056,4.79010158141527,59,,
2019,6,30,14,0,21,50,0,-6.7,43,966.09,310,719.81,0,950.4,203.011407114697,5.12649650871493,69,,
2019,6,30,15,0,20.5,59,0,-6.2,29,958.31,121,684.98,0,951,202.517886644892,5.2433163555234,80,,
2019,6,30,16,0,18.8,65,0,-5.7,3,931.96,5,585.39,0,951.3,201.32670262914,6.34847228894627,92,,
2019,6,30,17,0,17.2,71,0,-5.4,0,874.01,0,428.91,0,951.2,205.001071370089,7.34825131169758,105,,
2019,6,30,18,0,16.5,75,0,-5.1,0,746.42,0,231.96,0,951.6,209.700436310881,7.12751043002969,118,,
2019,6,30,19,0,15.9,79,0,-4.7,0,351.07,0,33.85,0,952.2,217.522967398945,5.00887772764499,131,,
2019,6,30,20,0,15.3,83,0,-4.3,0,0,0,0,0,952.5,228.173700822319,4.94363275761546,145,,
2019,6,30,21,0,14.8,88,0,-3.9,0,0,0,0,0,952.5,229.863403086724,4.95674004751881,158,,
2019,6,30,22,0,14.2,98,0,-3.6,0,0,0,0,0,952.3,226.942968381702,4.9776798999783,172,,
2019,6,30,23,0,13.6,-108,0,-3.3,0,0,0,0,0,952,223.961337190971,6.38723768838083,174,,
2019,7,1,0,0,13.3,-88,0,-3.4,0,0,0,0,0,951.9,224.35996532049,8.37518839385472,161,,
2019,7,1,1,0,13,-84,0,-3.5,0,0,0,0,0,951.9,231.003927467268,8.37382110050042,147,,
2019,7,1,2,0,12.5,-80,0,-3.5,0,0,0,0,0,951.6,227.318745447313,8.87918552388646,133,,
2019,7,1,3,0,12.1,-76,0,-3.5,0,0,0,0,0,951.5,218.868329556726,7.57573364446972,120,,
2019,7,1,4,0,11.8,-72,0,-3.6,0,0,0,0,0,951.6,220.1554608519,6.47548297128125,107,,
2019,7,1,5,0,11.7,-66,0,-3.7,1,0,1,0,0,951.7,217.734622460086,6.00616656941187,94,,
2019,7,1,6,0,13.3,-60,1,-3.1,28,0,84,0,0,952.3,217.11686068327,5.80005387906009,82,,
2019,7,1,7,0,15.8,-52,0,-2.9,44,0,268,0,0,952.9,226.064600119799,4.75725166569499,71,,
2019,7,1,8,0,17.6,-41,0,-2.8,53,0,437,0,0,953.1,221.995044925539,4.37296586878749,61,,
2019,7,1,9,0,19.1,-28,0,-2.1,58,395.37,562,40.89,0,952.7,217.626723419379,4.26133685035234,53,,
2019,7,1,10,0,20,-11,0,-1.1,61,769.28,629,244.04,0,951.7,215.488441384041,4.69668681472384,48,,
2019,7,1,11,0,20.8,8,0,0.2,62,890,634,441.52,0,950.6,215.847977088772,5.20938093448325,48,,
2019,7,1,12,0,21.5,25,0,1.3,60,944.17,574,596.73,0,950,220.208820766052,6.11732814418305,52,,
2019,7,1,13,0,22.1,39,0,1.8,55,969.17,456,694.73,0,949.8,244.18842592256,4.77297916484502,59,,
2019,7,1,14,0,22.2,50,0,1.7,47,974.4,293,726.16,0,949.8,239.742314607078,5.99212370104035,69,,
2019,7,1,15,0,21.9,59,0,1.8,31,963.9,113,689.53,0,950,221.310295247048,7.46179484910681,80,,
2019,7,1,16,0,20.5,65,0,2.2,4,934.85,5,588.11,0,950.1,218.574181141305,7.17949005963646,92,,
2019,7,1,17,0,19.1,71,0,2.5,0,877.99,0,431.74,0,950.3,214.882452512944,7.60910837953137,105,,
2019,7,1,18,0,18.6,75,0,2.7,0,751.85,0,234.39,0,950.8,209.503635267441,7.77336432539121,118,,
2019,7,1,19,0,18.3,80,0,2.8,0,360.19,0,35,0,951.4,206.854702247891,5.20578886855285,131,,
2019,7,1,20,0,17.8,83,0,3.3,0,0,0,0,0,951.7,199.152751700713,6.02463333929237,145,,
2019,7,1,21,0,17.2,88,0,3.9,0,0,0,0,0,951.7,202.491143436041,6.26963881444553,158,,
2019,7,1,22,0,16.7,98,0,4.2,0,0,0,0,0,951.5,212.856036542457,5.94733605975875,172,,
2019,7,1,23,0,16.1,-109,0,4.3,0,0,0,0,0,951.1,218.378439558258,6.00887929413339,174,,
2019,7,2,0,0,15.4,-89,0,4.2,0,0,0,0,0,950.7,222.373929899016,6.74630603897024,161,,
2019,7,2,1,0,14.9,-84,0,4.1,0,0,0,0,0,950.5,223.071197316935,6.72649202851575,147,,
2019,7,2,2,0,14.3,-80,0,4,0,0,0,0,0,950.4,229.020825462523,7.88027232590824,133,,
2019,7,2,3,0,13.7,-76,0,3.7,0,0,0,0,0,950.6,231.859802969844,5.18014715092179,120,,
2019,7,2,4,0,13.2,-72,0,3.2,0,0,0,0,0,950.9,226.657837604924,4.29690360512237,107,,
2019,7,2,5,0,12.8,-66,0,2.4,1,0,1,0,0,951.3,218.367485384862,3.82630696625349,94,,
2019,7,2,6,0,13.5,-60,0.8,1.4,29,0,81,0,0,951.7,218.821491240364,4.10625586697712,82,,
2019,7,2,7,0,15.5,-52,0,0.7,45,0,261,0,0,952.1,226.043306194284,2.88136912305779,71,,
2019,7,2,8,0,17.8,-41,0,0.5,55,0,428,0,0,952.5,227.290610042639,2.21147575161927,61,,
2019,7,2,9,0,19.8,-28,0,0.9,60,388.79,554,40.43,0,952.3,215.633303906223,1.62925350129213,53,,
2019,7,2,10,0,21.1,-11,0,1.2,63,763.93,622,242.75,0,951.6,193.756822051567,1.36330381051193,48,,
2019,7,2,11,0,21.9,8,0,1.3,63,886.43,626,440.29,0,950.4,201.688708429202,1.82865458412463,48,,
2019,7,2,12,0,22.6,25,0,1.5,62,942.08,564,596.07,0,949.5,210.797990602297,2.29643552602078,52,,
2019,7,2,13,0,23.1,39,0,1.9,58,968.42,446,694.97,0,949.4,243.854544812324,0.691760942818717,59,,
2019,7,2,14,0,23.3,50,0.3,2.1,50,977.69,285,729.25,0,949.8,295.157390710873,1.3507110615514,69,,
2019,7,2,15,0,23,59,7.6,2.9,47,971.32,87,695.29,0,950.1,231.212272643356,1.02220842504308,80,,
2019,7,2,16,0,21.6,65,0.7,3.3,4,946.71,4,595.78,0,950.2,206.845671040043,2.13589134440199,92,,
2019,7,2,17,0,20.6,71,0,3.2,0,890.33,0,438.07,0,950.4,196.040594370537,1.75129547127964,105,,
2019,7,2,18,0,20.6,75,0.1,2.9,0,765.44,0,238.86,0,951.1,167.868333433508,1.74959689846895,118,,
2019,7,2,19,0,20,80,18.5,3.2,0,376.32,0,36.58,0,951.8,151.081047186597,1.84271426617844,131,,
2019,7,2,20,0,19,84,27.5,3.9,0,0,0,0,0,952.3,166.531751610602,2.33354476251831,145,,
2019,7,2,21,0,18.5,88,33.4,4.4,0,0,0,0,0,952.3,192.528029952661,3.14917765830979,158,,
2019,7,2,22,0,18,99,7.9,4.8,0,0,0,0,0,951.9,198.683826056552,2.76678634491823,172,,
2019,7,2,23,0,17.3,-110,7,4.4,0,0,0,0,0,951.3,194.759478879813,2.60533646379582,174,,
2019,7,3,0,0,16.6,-89,4.1,2.7,0,0,0,0,0,951.3,199.706957529942,2.94166474314919,161,,
2019,7,3,1,0,15.9,-84,0,1.2,0,0,0,0,0,951.6,183.8568901189,1.33123199832089,147,,
2019,7,3,2,0,15.4,-80,0,0.7,0,0,0,0,0,951.5,153.638543460812,1.42566688679735,133,,
2019,7,3,3,0,14.8,-76,0,0.6,0,0,0,0,0,951.3,155.572869362102,2.05933533592326,120,,
2019,7,3,4,0,14.2,-72,0,0.5,0,0,0,0,0,951.5,157.634374816154,2.43302558619356,107,,
2019,7,3,5,0,13.7,-66,0,0.6,1,0,1,0,0,951.9,149.021979364724,2.77011601737173,94,,
2019,7,3,6,0,14.2,-60,0,0.8,27,0,83,0,0,952.5,140.962615732703,3.0576701909013,82,,
2019,7,3,7,0,15.8,-52,0,0.7,45,0,259,0,0,953,142.392159319956,3.15574428563634,71,,
2019,7,3,8,0,18.2,-41,0,0.3,54,0,426,0,0,953.3,127.413735116675,3.61968050546648,61,,
2019,7,3,9,0,20.5,-28,0,0.1,59,398.78,552,41.01,0,953.1,126.151519008352,4.48938777262612,53,,
2019,7,3,10,0,22.1,-11,0,0.1,62,772.47,622,245.03,0,952.3,134.218722051117,5.47774336272814,48,,
2019,7,3,11,0,23.1,8,0,0.3,62,893.64,629,443.65,0,951.3,139.452804732223,5.58247246554033,48,,
2019,7,3,12,0,23.8,25,0,0.5,60,948.24,571,600.04,0,950.6,151.330761485447,6.00105522211625,52,,
2019,7,3,13,0,24.3,39,0,0.6,56,973.75,455,699.15,0,950.4,146.105868505812,5.83513376397228,59,,
2019,7,3,14,0,24.3,50,0,0.5,47,980.63,295,732.21,0,950.6,145.250278711828,6.62712400391502,69,,
2019,7,3,15,0,23.8,59,0,0.6,31,971.94,115,696.86,0,950.9,144.714644979486,6.57978159480198,80,,
2019,7,3,16,0,22.3,65,0,0.9,4,944.99,5,596.1,0,951,148.116971770834,6.76691563954335,92,,
2019,7,3,17,0,20.9,71,0,0.8,0,359.07,0,354.66,0,951.2,150.755021336269,7.21201348682448,104,,
2019,7,3,18,0,20.3,75,0,0.7,0,761.32,0,238.99,0,951.6,157.058189478579,7.18530663445316,118,,
2019,7,3,19,0,19.6,80,0,0.5,0,374.25,0,37.2,0,952.3,166.144093953722,6.28033838773737,131,,
2019,7,3,20,0,18.6,84,0,0.6,0,0,0,0,0,952.6,169.137457670218,6.26056756875305,144,,
2019,7,3,21,0,17.8,88,0,0.7,0,0,0,0,0,952.5,171.761261866702,6.48874968658763,158,,
2019,7,3,22,0,17.1,99,0,0.7,0,0,0,0,0,952.1,178.866243519437,6.72390361083109,172,,
2019,7,3,23,0,16.5,-111,0,0.7,0,0,0,0,0,951.6,186.154553608597,7.13873266545009,174,,
2019,7,4,0,0,15.9,-89,0,0.8,0,0,0,0,0,951.5,189.058928484557,7.416704861958,161,,
2019,7,4,1,0,15.3,-84,0,0.9,0,0,0,0,0,951.7,193.523549962416,6.38011271563082,147,,
2019,7,4,2,0,14.9,-80,0,0.9,0,0,0,0,0,951.7,192.884698897846,5.34173904543114,133,,
2019,7,4,3,0,14.4,-76,0,1,0,0,0,0,0,951.5,181.234805125131,4.52846435235754,120,,
2019,7,4,4,0,14.1,-72,0,1,0,0,0,0,0,951.3,172.092837297042,4.54319546134656,107,,
2019,7,4,5,0,13.8,-66,0,1.1,1,0,1,0,0,951.5,175.236358309274,4.51559796704711,94,,
2019,7,4,6,0,14.7,-60,0.2,1.3,28,0,83,0,0,951.8,175.83244272066,4.46099156447733,82,,
2019,7,4,7,0,17.1,-52,0,1.5,46,0,260,0,0,952.1,169.785828798094,4.64785600358426,71,,
2019,7,4,8,0,19.7,-42,0,1.6,55,0,428,0,0,952,176.213451339644,4.90910809005745,61,,
2019,7,4,9,0,22.1,-28,0,1.6,59,385.93,555,40.26,0,951.5,171.613545716852,5.30268117513283,53,,
2019,7,4,10,0,23.8,-11,0,1.4,61,757.98,625,241.54,0,950.7,171.350003581974,5.48009501273292,48,,
2019,7,4,11,0,24.7,8,0,1.2,60,880.16,631,438.39,0,949.5,171.352185913998,5.32589785477189,48,,
2019,7,4,12,0,25.3,25,0,1.2,59,140.71,570,451.18,0,948.3,170.734465282963,4.82834568415523,52,,
2019,7,4,13,0,25.6,39,0,1.4,56,492.83,451,595.28,0,947.9,159.77857229057,4.20431226302381,59,,
2019,7,4,14,0,25.5,50,0,1.7,49,966.76,288,724.07,0,947.8,173.785210682055,4.14938571656678,69,,
2019,7,4,15,0,24.7,59,0,2,33,475.56,110,575.6,0,947.5,182.55657983036,4.03142537826586,80,,
2019,7,4,16,0,23.2,65,0,2.2,4,56.91,5,381.94,0,947,182.463473974258,4.18369193947601,92,,
2019,7,4,17,0,22,71,0,2.3,0,83.69,0,173.2,0,946.8,180,4.57821698650779,104,,
2019,7,4,18,0,21.4,76,0,2.5,0,61.83,0,72.85,0,947.3,187.118270015175,5.011211299516,118,,
2019,7,4,19,0,21,80,0,2.6,0,0,0,21.73,0,948.1,208.64444611734,4.47328322970749,131,,
2019,7,4,20,0,20.5,84,0,2.9,0,0,0,0,0,948.6,217.834352187603,4.34271994544213,144,,
2019,7,4,21,0,20.2,88,0.1,3,0,0,0,0,0,948.8,221.893222982724,4.43963931940684,158,,
2019,7,4,22,0,19.9,100,9.7,2.9,0,0,0,0,0,948.4,220.90994822645,4.53304742891283,172,,
2019,7,4,23,0,19.8,-113,29.9,3,0,0,0,0,0,947.7,218.609822252378,4.31909605062701,174,,
2019,7,5,0,0,19.7,-89,17.2,3.7,0,0,0,0,0,947.4,223.887869552338,3.99476845051161,161,,
2019,7,5,1,0,19.1,-85,7.6,6.4,0,0,0,0,0,947.8,244.335613033496,3.87861846291039,147,,
2019,7,5,2,0,18,-81,7.2,11,0,0,0,0,0,948.1,239.16474405374,3.52112073287206,133,,
2019,7,5,3,0,16.9,-76,7.5,13.5,0,0,0,0,0,948.4,212.13032261478,2.62931249348,120,,
2019,7,5,4,0,16.2,-72,29.1,12.9,0,0,0,0,0,948.7,203.884742762454,2.65300259319851,107,,
2019,7,5,5,0,16,-67,36.1,12,1,0,0,0,0,948.7,199.138297620608,2.51394583073665,94,,
2019,7,5,6,0,16,-60,39.1,11.4,60,0,0,0,0,949.2,189.77886096589,2.20788340263698,82,,
2019,7,5,7,0,16.2,-52,49.8,10.8,147,0,0,0,0,949.8,171.800853171971,2.27323621441,71,,
2019,7,5,8,0,16.6,-42,44.4,10,258,0,3,0,0,950.1,168.69006752598,1.91213231759729,61,,
2019,7,5,9,0,16.9,-28,28.9,9.4,333,379.25,93,39.91,0,950.2,160.346175941947,1.85825859341481,53,,
2019,7,5,10,0,17.6,-11,16.1,9.1,274,758.91,288,242.04,0,949.7,150.811631787867,1.94633984352745,48,,
2019,7,5,11,0,18.5,7,13.6,8.9,247,882.12,339,439.73,0,948.8,167.621862414307,2.09549457865407,48,,
2019,7,5,12,0,18.8,25,21.2,8.5,292,938.71,197,596.19,0,948.2,174.41206308288,2.32721237934475,51,,
2019,7,5,13,0,18.9,39,25.2,8,263,965.91,111,696.05,0,948,158.823409123746,1.11396496249342,59,,
2019,7,5,14,0,18.9,50,42,7.3,186,526.59,8,633.38,0,947.8,188.94248638037,2.05975591042543,68,,
2019,7,5,15,0,18.3,59,23.4,6.5,87,966.79,19,696.16,0,948,160.706675344586,3.6416490595664,80,,
2019,7,5,16,0,17.5,65,0.6,5.8,5,941.22,3,596.76,0,948.5,153.315909494925,3.46231613747623,92,,
2019,7,5,17,0,16.6,71,0,4.7,0,888.28,0,441.21,0,949.2,162.987218563051,3.52524522371808,104,,
2019,7,5,18,0,15.7,76,0,2.7,0,768.45,0,243.22,0,950.1,176.927091813969,4.37727271862197,117,,
2019,7,5,19,0,14.8,80,0,1.3,0,392.33,0,39.77,0,950.7,188.492495219083,4.49445525391047,131,,
2019,7,5,20,0,14.1,84,0,1.3,0,0,0,0,0,950.9,184.797676917359,4.33939992070098,144,,
2019,7,5,21,0,13.3,88,0,1.1,0,0,0,0,0,950.7,182.976173054461,3.75909144770073,158,,
2019,7,5,22,0,12.6,101,0,0.4,0,0,0,0,0,950.5,174.22800317331,3.22358184075431,172,,
2019,7,5,23,0,12,-114,0,0.2,0,0,0,0,0,950.4,178.574051061011,2.98155304759956,174,,
2019,7,6,0,0,11.5,-90,0,0.4,0,0,0,0,0,950.6,195.193202599475,3.32339901454309,161,,
2019,7,6,1,0,11,-85,0,0.4,0,0,0,0,0,951,202.382225250164,4.82038580287738,147,,
2019,7,6,2,0,10.5,-81,0,0.2,0,0,0,0,0,951.1,213.019314765283,4.65890866530383,133,,
2019,7,6,3,0,10.1,-77,0,0,0,0,0,0,0,951,197.410126950402,3.25052322310898,120,,
2019,7,6,4,0,9.7,-72,0,-0.1,0,0,0,0,0,951.2,188.050691124317,3.20741475923245,107,,
2019,7,6,5,0,9.2,-67,0,-0.1,1,0,1,0,0,951.7,184.331262424777,3.31025809787553,94,,
2019,7,6,6,0,9.8,-60,0,-0.1,25,0,89,0,0,952.5,180.819721421928,3.5511676768831,82,,
2019,7,6,7,0,11.2,-52,0,0,42,0,273,0,0,953.3,180.80294575227,3.62535599237859,71,,
2019,7,6,8,0,12.9,-42,0,0.1,49,0,445,0,0,953.7,178.827445507273,3.62575923219104,60,,
2019,7,6,9,0,14.6,-28,0,0.2,53,385.59,574,40.4,0,953.4,175.123657252124,4.08899595746928,53,,
2019,7,6,10,0,16,-11,0,0.3,55,765.26,644,243.99,0,952.6,172.936796954607,5.46324294376603,48,,
2019,7,6,11,0,17,7,0,0.8,55,887.91,650,442.74,0,951.9,175.720988057298,6.33380857498994,48,,
2019,7,6,12,0,17.8,25,0,1.6,54,943.81,590,599.84,0,951.3,175.583673702717,5.83347374074265,51,,
2019,7,6,13,0,18.4,39,0,2.1,51,970.5,473,700.04,0,951.1,162.326073603836,5.10805926419148,59,,
2019,7,6,14,0,18.7,50,0,2.3,44,976.42,308,732.96,0,951.4,159.413612858571,5.33247269271666,68,,
2019,7,6,15,0,18.4,59,0,2.3,30,966.78,123,697.55,0,951.6,162.911775885904,5.19804175074171,79,,
2019,7,6,16,0,17.4,66,0,2.2,4,938.9,6,596.94,0,951.7,183.04612767948,4.55321635988344,92,,
2019,7,6,17,0,16.2,71,0,1.8,0,881.55,0,439.8,0,952.2,201.01381477262,4.44394023087643,104,,
2019,7,6,18,0,15.4,76,0,1,0,205.21,0,172.4,0,953,201.182269938691,4.76727211139669,117,,
2019,7,6,19,0,14.7,80,0,0.1,0,0,0,12.03,0,953.7,200.988963437187,3.68570165765355,131,,
2019,7,6,20,0,14.1,84,0,-0.8,0,0,0,0,0,954.1,192.338083410101,4.44214155515661,144,,
2019,7,6,21,0,13.5,89,0,-1.8,0,0,0,0,0,954.3,181.363348376759,4.27057921353739,158,,
2019,7,6,22,0,13,101,0,-2.3,0,0,0,0,0,954.1,178.799100744726,3.34832270359396,172,,
2019,7,6,23,0,12.5,-115,0,-2.3,0,0,0,0,0,953.8,194.465734838557,2.4244490733689,174,,
2019,7,7,0,0,12,-90,0,-2.2,0,0,0,0,0,953.7,217.833509149723,2.65585814602701,161,,
2019,7,7,1,0,11.6,-85,0,-2.2,0,0,0,0,0,953.7,205.525867619033,6.26381892274948,147,,
2019,7,7,2,0,11.2,-81,0,-2,0,0,0,0,0,953.8,206.102514123885,5.62892976148267,133,,
2019,7,7,3,0,10.8,-77,0,-1.8,0,0,0,0,0,953.9,201.063317693665,5.01059290777491,120,,
2019,7,7,4,0,10.4,-72,0,-1.5,0,0,0,0,0,954,199.440034828176,4.50693909432999,107,,
2019,7,7,5,0,10.1,-67,0,-1.3,1,0,1,0,0,954.2,201.191364838553,4.29010417255294,94,,
2019,7,7,6,0,10.8,-60,0,-1.1,27,0,87,0,0,954.7,201.811660129133,4.17380148202525,82,,
2019,7,7,7,0,12.6,-52,0,-0.7,45,0,269,0,0,955.5,211.759480084813,3.08727225880712,70,,
2019,7,7,8,0,15,-42,0,0.1,54,0,438,0,0,956.1,212.262788901152,3.04419263133657,60,,
2019,7,7,9,0,17.3,-28,0,0.9,60,363.43,565,39.17,0,955.9,207.973435135784,2.77320239549574,53,,
2019,7,7,10,0,19.2,-11,0,1.8,64,736.34,633,236.77,0,955,202.081152235101,3.12780896999224,48,,
2019,7,7,11,0,20.6,7,0,2.7,65,857.26,637,430.08,0,953.9,199.410982504549,3.99653757930947,47,,
2019,7,7,12,0,21.6,25,0,3.7,63,911.54,577,582.43,0,953.1,191.826689363258,4.78467988694022,51,,
2019,7,7,13,0,22.3,39,0,4.6,59,936.22,458,678.83,0,952.9,194.595823175805,4.88347431304438,59,,
2019,7,7,14,0,22.4,50,0,4.7,50,948.39,297,715.25,0,953,201.001687139415,3.56425500517313,68,,
2019,7,7,15,0,21.9,59,0,4.8,34,133.72,117,513.64,0,953,216.983317732338,3.32456497863686,79,,
2019,7,7,16,0,20.6,66,0,4.9,4,75.11,6,403.2,0,953.2,217.439902759567,4.19589204619021,92,,
2019,7,7,17,0,19.3,71,0,5,0,71.08,0,193.55,0,953.6,213.855314720837,5.34306456880963,104,,
2019,7,7,18,0,18.7,76,0,5.2,0,752.28,0,241.62,0,954.5,217.157181429548,5.78800905767492,117,,
2019,7,7,19,0,18.2,80,0,5.3,0,384.13,0,40.89,0,955.4,237.183605454367,4.63388467529311,131,,
2019,7,7,20,0,17.5,84,0,5.3,0,0,0,0,0,955.7,236.523742770985,3.83061875225863,144,,
2019,7,7,21,0,16.9,89,0,5.4,0,0,0,0,0,955.7,230.825089861741,2.83167510840882,158,,
2019,7,7,22,0,16.3,102,0,5.3,0,0,0,0,0,955.4,234.523309691592,1.8370180463222,172,,
2019,7,7,23,0,15.8,-116,0,5.2,0,0,0,0,0,954.9,237.61113515251,1.15176498339415,174,,
2019,7,8,0,0,15.7,-90,0,5.4,0,0,0,0,0,954.6,245.699868654799,0.711421820060752,161,,
2019,7,8,1,0,16.1,-85,0,5.5,0,0,0,0,0,954.3,233.38451397742,1.89292761964185,147,,
2019,7,8,2,0,15.8,-81,0,5.3,0,0,0,0,0,954.1,95.801825931758,1.00514888742978,134,,
2019,7,8,3,0,14.9,-77,0,5.1,0,0,0,0,0,954.1,116.565051177078,1.51114423494089,120,,
2019,7,8,4,0,14.5,-72,0,4.8,0,0,0,0,0,954.2,125.440097349548,1.59662305855678,107,,
2019,7,8,5,0,14.1,-67,0,4.6,1,0,1,0,0,954.5,116.278421677226,2.09110939529057,94,,
2019,7,8,6,0,14.9,-60,20.7,4.7,69,0,13,0,0,955.2,99.4623222080256,2.28103594886183,82,,
2019,7,8,7,0,17,-52,24,4.9,161,0,72,0,0,956,89.0686039985578,3.12541294415239,70,,
2019,7,8,8,0,19.3,-42,21.4,4.7,231,0,147,0,0,956.4,83.646583449098,3.84782827274841,60,,
2019,7,8,9,0,21.4,-28,15.6,4.4,239,399.75,279,41.59,0,956,83.6792200823211,5.00300003773752,53,,
2019,7,8,10,0,22.9,-11,12.9,3.8,230,773.86,367,247.05,0,954.9,85.3218732286451,6.46671777600645,48,,
2019,7,8,11,0,23.9,7,19.2,3,302,894.68,259,447.01,0,953.8,84.8082706842221,7.72687424502689,47,,
2019,7,8,12,0,24.4,25,7,2.1,155,949.24,437,604.78,0,953.1,80.181185980263,7.32995680274008,51,,
2019,7,8,13,0,24.6,39,1.5,1.5,75,974.87,435,705.22,0,953,80.0488045444712,5.80999686628689,58,,
2019,7,8,14,0,24.6,50,0.3,1.1,52,983.13,295,740.21,0,953,87.8168998908511,6.56287418272978,68,,
2019,7,8,15,0,24.1,59,0.3,1.1,34,975.99,117,706.47,0,952.7,102.092398944471,8.07276056811137,79,,
2019,7,8,16,0,22.4,66,0,1.3,4,950.97,6,606.77,0,952.6,100.543501553925,8.98651360355685,91,,
2019,7,8,17,0,20.8,71,0,1.1,0,896.17,0,449.03,0,953,99.8936171284015,9.54693975832359,104,,
2019,7,8,18,0,20.3,76,0,0.7,0,775.67,0,249.04,0,953.7,106.401374245915,10.276352717936,117,,
2019,7,8,19,0,19.7,80,0,0.5,0,405.86,0,43.09,0,954.4,110.528998461707,8.34109914082805,131,,
2019,7,8,20,0,18.8,84,0,0.7,0,0,0,0,0,954.7,109.33377794541,9.57815577201734,144,,
2019,7,8,21,0,18.2,89,0,0.7,0,0,0,0,0,954.2,108.319254826396,10.0760737848871,158,,
2019,7,8,22,0,17.9,103,0,0.9,0,0,0,0,0,953.5,106.423056665401,9.97228379657377,171,,
2019,7,8,23,0,17.5,-117,0,1.6,0,0,0,0,0,952.9,101.552785887585,9.94265370504031,174,,
2019,7,9,0,0,17.2,-91,0,2.6,0,0,0,0,0,953.2,96.0843152593109,9.57255662456702,161,,
2019,7,9,1,0,16.8,-85,0,3.3,0,0,0,0,0,953.7,93.2544996167516,9.06468774502533,147,,
2019,7,9,2,0,16.4,-81,0,3.2,0,0,0,0,0,953.7,105.553067894015,9.04160431508214,134,,
2019,7,9,3,0,16,-77,0,2.3,0,0,0,0,0,953.2,120.957351945976,7.90322352224729,120,,
2019,7,9,4,0,15.5,-72,0,1.3,0,0,0,0,0,952.9,135.095955315548,8.17851689086342,107,,
2019,7,9,5,0,15.2,-67,0,0.6,1,0,1,0,0,953,137.011428668589,8.0260577496428,94,,
2019,7,9,6,0,16.4,-61,1,0.4,30,0,81,0,0,953.6,138.344991162648,7.85772291255817,82,,
2019,7,9,7,0,18.8,-53,3.4,0.2,69,0,231,0,0,954.3,145.651719791724,7.26236757035816,70,,
2019,7,9,8,0,20.9,-42,2.6,-0.2,81,0,397,0,0,954.5,147.407858229774,7.23726652367022,60,,
2019,7,9,9,0,22.5,-28,0.5,-0.4,70,0,551,19.85,0,954,152.617606062319,7.71162246416038,52,,
2019,7,9,10,0,23.5,-11,0,-0.5,65,778.74,633,248.84,0,953,150.111140075722,8.67756236954071,48,,
2019,7,9,11,0,24.2,7,0,-0.5,65,897.16,640,448.89,0,952,150.026708628602,9.60936815586255,47,,
2019,7,9,12,0,24.6,25,0,-0.8,64,949.75,583,606.16,0,951.7,152.077008288208,10.8357134913884,51,,
2019,7,9,13,0,25,39,0.1,-1.1,60,973.6,465,705.75,0,952,154.551721626075,10.9360900567122,58,,
2019,7,9,14,0,25,50,5.4,-1.3,75,980.73,264,740.13,0,952.2,159.628648226077,11.9171258193323,68,,
2019,7,9,15,0,24.5,59,23.7,-0.7,86,972.44,30,705.83,0,952.2,168.466565140707,12.3666627524621,79,,
2019,7,9,16,0,22.9,66,1.8,-0.2,6,946.21,4,605.76,0,952.3,173.309467618125,12.8057744422279,91,,
2019,7,9,17,0,21.4,71,1.8,-0.4,0,889.72,0,447.89,0,952.5,171.752798047161,12.7960724985955,104,,
2019,7,9,18,0,20.8,76,16.5,-0.3,0,767.59,0,248.36,0,953.2,173.453132565174,12.845091625194,117,,
2019,7,9,19,0,20.4,80,0.6,0,0,399.43,0,43.54,0,953.7,181.226442888821,10.9630350632383,131,,
2019,7,9,20,0,19.8,85,0,0.7,0,0,0,0,0,953.8,183.842195998518,10.554420304854,144,,
2019,7,9,21,0,19.1,90,0,1.7,0,0,0,0,0,953.8,182.939066165751,10.2861857642219,158,,
2019,7,9,22,0,18.4,103,0,2.6,0,0,0,0,0,953.5,179.249787576987,9.54686548792635,171,,
2019,7,9,23,0,17.7,-119,0,3.5,0,0,0,0,0,953.2,176.748352140297,9.63978377782305,174,,
2019,7,10,0,0,16.9,-91,0,4.1,0,0,0,0,0,953.3,176.191243154327,9.70051484696682,161,,
2019,7,10,1,0,16.2,-86,0,4.4,0,0,0,0,0,953.6,180.335695973536,8.67119595289671,147,,
2019,7,10,2,0,15.7,-81,0,4.4,0,0,0,0,0,953.8,176.41539572248,8.37127168667923,134,,
2019,7,10,3,0,15.2,-77,0,4.6,0,0,0,0,0,953.7,175.901586913675,8.74495017197885,120,,
2019,7,10,4,0,14.7,-72,0,5,0,0,0,0,0,953.8,172.585001659291,8.14228632685664,107,,
2019,7,10,5,0,14.3,-67,0,5.3,1,0,1,0,0,954.3,167.39243267991,8.01751452677829,94,,
2019,7,10,6,0,14.8,-61,0.4,5.8,30,0,81,0,0,955.2,164.805366652903,8.10762999816228,82,,
2019,7,10,7,0,16.5,-53,0,5.9,50,0,259,0,0,956.1,154.400523716359,7.98281722454368,70,,
2019,7,10,8,0,18.6,-42,0.4,5.6,64,0,422,0,0,956.4,152.690734174625,8.60778948040237,60,,
2019,7,10,9,0,20.7,-28,0,5.1,66,386,555,41.23,0,956.1,152.451948362721,9.67061888487705,52,,
2019,7,10,10,0,22.3,-11,0,4.4,68,759.13,627,244.4,0,955.1,153.264691107327,11.1663314875898,48,,
2019,7,10,11,0,23.4,7,0,3.5,68,880.65,635,442.74,0,954,157.397887458384,12.6131067272672,47,,
2019,7,10,12,0,24,25,0,2.5,66,935.84,578,599.54,0,953.4,162.26808714663,13.1971445724308,51,,
2019,7,10,13,0,24.2,39,0,1.5,61,961.88,463,699.6,0,953.4,164.239722588283,13.5036269419095,58,,
2019,7,10,14,0,24.2,51,0,0.9,51,969.59,302,734.2,0,953.4,169.02085686196,13.7196831936532,68,,
2019,7,10,15,0,23.8,59,10.9,1,55,961.71,88,700.58,0,953.3,169.022971861376,13.7434124156025,79,,
2019,7,10,16,0,22.4,66,0.9,1.2,6,935.78,5,601.6,0,953.3,169.280269450603,14.2166638489549,91,,
2019,7,10,17,0,21,71,0,1.3,0,881.98,0,446.17,0,953.6,169.621428747643,15.0904623401843,104,,
2019,7,10,18,0,20.3,76,0.3,1.4,0,763.21,0,248.62,0,954.5,168.618215900869,16.2889041740022,117,,
2019,7,10,19,0,19.6,80,27.1,1.6,0,401.38,0,44.53,0,955.4,169.701641184434,15.0308857240196,131,,
2019,7,10,20,0,18.9,85,26.7,2.3,0,0,0,0,0,955.7,171.197868124199,15.4154678352008,144,,
2019,7,10,21,0,18,90,24.9,3,0,0,0,0,0,955.6,168.271142462226,15.7540032659407,158,,
2019,7,10,22,0,17.2,104,12.3,3.6,0,0,0,0,0,955.4,168.351510177455,15.7453264471709,171,,
2019,7,10,23,0,16.6,-120,14.9,3.8,0,0,0,0,0,955.1,168.983843162856,16.3711034142443,174,,
2019,7,11,0,0,16.2,-91,28,4.1,0,0,0,0,0,955.3,169.982459371234,17.1076654969613,161,,
2019,7,11,1,0,15.9,-86,28.5,4.4,0,0,0,0,0,955.6,170.071796818017,15.9690369217602,147,,
2019,7,11,2,0,15.5,-81,30.8,4.5,0,0,0,0,0,955.8,172.967072795081,14.1613763712334,134,,
2019,7,11,3,0,15,-77,30.3,4.3,0,0,0,0,0,955.9,173.500744434686,12.938783061602,120,,
2019,7,11,4,0,14.4,-73,27.9,4,0,0,0,0,0,956.2,173.090782341435,12.2413091064266,107,,
2019,7,11,5,0,14,-67,8.8,3.5,1,0,1,0,0,956.8,170.721435837264,12.2342675951426,94,,
2019,7,11,6,0,14.4,-61,28,2.9,68,0,8,0,0,957.4,172.66928808664,12.122478336352,82,,
2019,7,11,7,0,15.9,-53,41.3,2.3,172,0,5,0,0,958.1,176.718241336243,10.4389018442445,70,,
2019,7,11,8,0,17.6,-42,42.7,2,276,0,0,0,0,958.4,174.585299233857,10.8451765138477,60,,
2019,7,11,9,0,19.4,-29,49,1.9,315,398.73,0,42.35,0,958.3,173.422228091084,11.3204984258144,52,,
2019,7,11,10,0,21,-12,43.9,1.8,387,771.88,0,248.39,0,957.6,173.278983223707,12.5824480360784,48,,
2019,7,11,11,0,22.2,7,45.3,1.6,380,891.51,1,448.39,0,956.5,171.589828155749,14.0217634414795,47,,
2019,7,11,12,0,22.7,25,53.7,1.2,294,945.31,0,606.13,0,956,175.50866614187,14.9637125061331,51,,
2019,7,11,13,0,22.9,39,57.1,1,223,970.3,0,706.54,0,955.7,178.390977573504,15.0212718408866,58,,
2019,7,11,14,0,22.9,51,66.2,1,118,974.91,0,739.49,0,955.8,182.258106072779,15.3708509658694,68,,
2019,7,11,15,0,22.5,59,59.7,1.3,58,964.72,0,704.31,0,956.1,186.819937558377,15.0354769199624,79,,
2019,7,11,16,0,21.5,66,35,1.5,6,936.67,0,603.87,0,956.3,191.500288004732,15.3625119485487,91,,
2019,7,11,17,0,20.6,71,31.4,1.5,0,880.03,0,446.97,0,956.7,193.69575123608,16.0051478442259,104,,
2019,7,11,18,0,20.1,76,44.9,1.4,0,758.57,0,248.8,0,957.4,193.944409403815,16.1468962910618,117,,
2019,7,11,19,0,19.6,81,47.6,1.2,0,396.8,0,45.09,0,957.6,198.602386722448,13.7652087662824,130,,
2019,7,11,20,0,19.1,85,47.9,1.1,0,0,0,0,0,957.7,200.546643330229,14.303527811741,144,,
2019,7,11,21,0,18.4,90,48,0.9,0,0,0,0,0,957.6,200.137360184693,14.5818035360885,158,,
2019,7,11,22,0,18,105,50.6,0.7,0,0,0,0,0,957.2,199.383745082204,14.7490258291092,171,,
2019,7,11,23,0,17.8,-121,51.9,0.5,0,0,0,0,0,957.1,197.703977836045,15.5189553909355,174,,
2019,7,12,0,0,17.1,-92,48.2,0.3,0,0,0,0,0,956.9,196.128367218137,15.7229874071873,161,,
2019,7,12,1,0,16.4,-86,38.4,0,0,0,0,0,0,956.8,197.378927852556,14.9630204089866,147,,
2019,7,12,2,0,15.9,-82,38.2,-0.2,0,0,0,0,0,956.9,193.114318618141,12.7097649704859,134,,
2019,7,12,3,0,15.8,-77,36.4,-0.4,0,0,0,0,0,957.4,193.423874947408,12.0676333945613,120,,
2019,7,12,4,0,15.6,-73,2.6,-0.5,0,0,0,0,0,957.6,191.143981299098,11.3823812283459,107,,
2019,7,12,5,0,15.2,-67,0,-0.4,1,0,1,0,0,957.7,188.073278419858,10.6287300496184,94,,
2019,7,12,6,0,16,-61,1,-0.6,34,0,74,0,0,957.5,184.136577369345,10.4530350716432,82,,
2019,7,12,7,0,18.2,-53,1,-0.7,55,0,250,0,0,957.8,184.552760823116,9.15388359672924,70,,
2019,7,12,8,0,20.2,-42,0,-0.7,60,0,427,0,0,958.4,187.494293982637,9.04583687356089,60,,
2019,7,12,9,0,21.7,-29,0,-1.3,65,0,557,20.61,0,958.3,188.029526136511,10.599897860883,52,,
2019,7,12,10,0,22.5,-12,0,-2,67,25.51,631,82.25,0,957.8,193.208478861408,11.5234168687498,47,,
2019,7,12,11,0,23.1,7,0,-2.9,67,30.79,641,174.92,0,956.9,190.947265502894,12.6717488761296,47,,
2019,7,12,12,0,23.5,25,0,-4.2,63,50.83,587,373.77,0,955.8,189.532730772887,12.7143104828858,51,,
2019,7,12,13,0,23.8,40,0,-5.5,57,439.5,474,552.42,0,955.3,183.930778151169,12.9401597662215,58,,
2019,7,12,14,0,23.6,51,0,-6.1,48,366.32,313,544.99,0,955.3,185.77763462332,13.2739328404779,68,,
2019,7,12,15,0,22.8,59,0,-6.1,32,33.59,129,370.12,0,955.5,186.551801978249,14.1424311457859,79,,
2019,7,12,16,0,21.1,66,0,-6,4,118.21,8,417.29,0,955.9,193.276901050378,14.4077526719981,91,,
2019,7,12,17,0,19.5,72,0,-5.9,0,165.78,0,315.2,0,956.3,192.880808942365,14.3002705984642,104,,
2019,7,12,18,0,18.4,76,0,-6.3,0,30.15,0,128.3,0,956.7,194.153526660873,14.6829149311837,117,,
2019,7,12,19,0,17.6,81,0,-6.3,0,0.01,0,4.05,0,957.2,190.456293107558,13.4328586076521,130,,
2019,7,12,20,0,16.8,85,0,-5.2,0,0,0,0,0,957.7,192.610735487872,14.2247298955309,144,,
2019,7,12,21,0,16,90,0,-3.9,0,0,0,0,0,957.9,195.682244159415,14.6251806126974,158,,
2019,7,12,22,0,15.5,106,0,-3.2,0,0,0,0,0,957.7,197.951766314493,15.4871506446821,171,,
2019,7,12,23,0,14.9,-123,0,-2.8,0,0,0,0,0,957.4,200.591840933926,15.2046071617649,174,,
2019,7,13,0,0,14.3,-92,0,-2.2,0,0,0,0,0,957.4,202.739645862993,14.9964260242018,161,,
2019,7,13,1,0,13.7,-86,0,-1.5,0,0,0,0,0,957.5,194.144654254058,12.9300188273894,147,,
2019,7,13,2,0,13.3,-82,0,-0.8,0,0,0,0,0,957.7,187.215815742515,11.4414884236722,134,,
2019,7,13,3,0,12.7,-77,0,-0.1,0,0,0,0,0,957.9,178.86803320937,10.2867268124112,120,,
2019,7,13,4,0,12,-73,0,0.6,0,0,0,0,0,958.3,173.778085094389,9.87431713384179,107,,
2019,7,13,5,0,11.4,-67,0,1.3,1,0,1,0,0,958.7,172.394512906165,9.82841941906487,94,,
2019,7,13,6,0,11.9,-61,0,1.4,26,0,92,0,0,959.1,171.559598024155,10.4608883368419,82,,
2019,7,13,7,0,13.8,-53,0,1.1,43,0,278,0,0,959.7,162.174715725405,11.2963072567957,70,,
2019,7,13,8,0,16,-43,0,1,51,0,452,0,0,960.1,163.228922481442,12.4311690775397,60,,
2019,7,13,9,0,18.1,-29,0,0.7,56,326.27,583,38.25,0,959.7,163.818271743061,13.4875588987266,52,,
2019,7,13,10,0,19.8,-12,0,0.3,56,0,656,103.13,0,958.7,167.373482097165,14.0668043759473,47,,
2019,7,13,11,0,21.1,7,0,-0.4,56,0,664,152.04,0,957.3,171.424041688749,14.8336158454676,47,,
2019,7,13,12,0,21.9,25,0,-1.2,55,0,608,234.57,0,956.5,173.955086866787,14.8479085816692,51,,
2019,7,13,13,0,22.2,40,0,-1.6,51,13.52,490,301.42,0,956.3,177.355375424046,13.8228330221887,58,,
2019,7,13,14,0,21.9,51,0,-1.3,45,82.55,322,194.54,0,956.3,184.460792717642,14.3515847910465,68,,
2019,7,13,15,0,21.1,59,0,-0.7,32,43.47,132,216.18,0,956.6,183.769256307215,14.366600157386,79,,
2019,7,13,16,0,19.4,66,0,-0.1,5,2.77,8,232.49,0,956.9,187.100723011002,13.4857370787923,91,,
2019,7,13,17,0,17.8,72,0,0.3,0,0,0,123.61,0,957.5,190.042499644428,12.8526171795213,104,,
2019,7,13,18,0,17,76,0,0.6,0,0,0,116.28,0,958.2,192.579427613121,13.3231061765083,117,,
2019,7,13,19,0,16.4,81,0,0.8,0,359.88,0,44.02,0,958.7,182.228090933824,10.5386655696311,130,,
2019,7,13,20,0,15.8,85,0,0.8,0,0,0,0,0,958.9,183.136204760474,10.9963630984172,144,,
2019,7,13,21,0,15.1,91,0,0.6,0,0,0,0,0,958.6,180.942650466248,10.9305688973232,158,,
2019,7,13,22,0,14.5,107,0,0.4,0,0,0,0,0,958.3,177.449733369261,11.2370020760959,171,,
2019,7,13,23,0,13.8,-124,0,0.3,0,0,0,0,0,958.1,177.771383244244,11.7581577582364,174,,
2019,7,14,0,0,13.2,-93,0,0.4,0,0,0,0,0,958,177.023587237168,12.1915147624248,161,,
2019,7,14,1,0,12.6,-87,0,0.5,0,0,0,0,0,958,185.502638609193,10.1006355040716,147,,
2019,7,14,2,0,12,-82,0,0.6,0,0,0,0,0,958.2,182.397021553282,9.98863383298994,134,,
2019,7,14,3,0,11.3,-78,0,0.7,0,0,0,0,0,958.3,178.857200551876,9.41963541315203,120,,
2019,7,14,4,0,10.8,-73,0,0.6,0,0,0,0,0,958.4,172.378816227156,9.33980908850513,107,,
2019,7,14,5,0,10.2,-68,0,0.4,1,0,1,0,0,958.9,159.630751603927,9.17027862044205,94,,
2019,7,14,6,0,10.7,-61,0,0.2,25,0,92,0,0,959.6,156.214074517759,10.2955650853426,82,,
2019,7,14,7,0,12.3,-53,0,-0.1,41,0,279,0,0,960.1,158.891117285418,8.42850850244406,70,,
2019,7,14,8,0,14.3,-43,0,-0.1,48,0,454,0,0,960.1,159.086604704548,8.52624488595435,60,,
2019,7,14,9,0,16.3,-29,0,0,52,382.37,585,42.47,0,959.7,159.10598086164,8.39134533406648,52,,
2019,7,14,10,0,18,-12,0,-0.1,54,751.46,658,245.41,0,958.7,162.748040240446,8.76112216410731,47,,
2019,7,14,11,0,19.5,7,0,-0.3,54,875.13,666,444.66,0,957.5,166.158300396225,8.58896472928507,47,,
2019,7,14,12,0,20.7,25,0,-1.7,53,932.98,610,603.38,0,956.6,171.876872582792,9.34300526074293,50,,
2019,7,14,13,0,21.1,40,0,-2.8,50,961.73,492,705.9,0,956.1,177.303533508078,8.880075087696,58,,
2019,7,14,14,0,20.9,51,0,-2.8,43,970.45,326,741.86,0,956.1,176.157096690796,9.61444762048152,68,,
2019,7,14,15,0,20.1,59,0,-2.6,30,963.74,136,709.33,0,956.5,175.253795474523,11.3745269750152,79,,
2019,7,14,16,0,18.5,66,0,-2.3,4,939.26,9,610.98,0,956.6,175.788030682287,13.0231096920436,91,,
2019,7,14,17,0,16.8,72,0,-2.2,0,881.64,0,452.9,0,956.9,178.303094592415,14.4902696163907,104,,
2019,7,14,18,0,15.8,77,0,-2.2,0,760.49,0,253.78,0,957.5,184.48265538865,14.3520130656756,117,,
2019,7,14,19,0,15.1,81,0,-2.4,0,405.7,0,48.39,0,958.1,186.507789170952,12.7929555210641,130,,
2019,7,14,20,0,14.5,86,0,-2.6,0,0,0,0,0,958.4,186.237167277865,13.3086719017318,144,,
2019,7,14,21,0,13.8,91,0,-2.7,0,0,0,0,0,958.4,186.935626448956,13.8506167010448,158,,
2019,7,14,22,0,13.1,108,0,-2.9,0,0,0,0,0,958.1,187.790697519652,14.5277273087731,171,,
2019,7,14,23,0,12.5,-125,0,-3.4,0,0,0,0,0,957.6,189.416871225252,14.6139632755248,174,,
2019,7,15,0,0,12,-93,0,-3.6,0,0,0,0,0,957.3,188.656579970996,15.2112881234518,161,,
2019,7,15,1,0,11.3,-87,0,-3.3,0,0,0,0,0,957.5,194.558403582183,11.5174591561729,147,,
2019,7,15,2,0,10.7,-82,0,-2.6,0,0,0,0,0,957.8,192.230908426713,10.4757167154778,134,,
2019,7,15,3,0,10.2,-78,0,-1.8,0,0,0,0,0,957.9,186.716665885597,9.68746704060675,120,,
2019,7,15,4,0,9.7,-73,0,-1.2,0,0,0,0,0,958.1,184.832620863038,9.22797946604612,107,,
2019,7,15,5,0,9.3,-68,0,-0.7,1,0,1,0,0,958.4,183.665643391053,8.61521282461817,94,,
2019,7,15,6,0,9.9,-61,0,-0.6,24,0,96,0,0,958.7,182.844995497632,8.10758012285185,82,,
2019,7,15,7,0,11.8,-53,0,-0.9,38,0,287,0,0,959,179.81443908133,7.22262513859216,70,,
2019,7,15,8,0,14.2,-43,0,-1.1,43,0,466,0,0,959.1,176.585970367254,7.9358669867432,60,,
2019,7,15,9,0,16.3,-29,0,-1.6,46,398.97,600,44.05,0,958.6,175.267142595693,8.47406911576825,52,,
2019,7,15,10,0,18.1,-12,0,-2.1,47,769.78,675,251.3,0,957.4,175.164047923942,9.45140730908109,47,,
2019,7,15,11,0,19.5,7,0,-2.8,48,888.76,683,451.97,0,956.2,176.969988126191,10.8627735928303,46,,
2019,7,15,12,0,20.8,25,0,-4.4,47,942.64,624,610.52,0,955.1,179.661969730474,11.894577279965,50,,
2019,7,15,13,0,21.4,40,0,-5.5,46,968.1,503,711.92,0,954.6,183.451048127105,10.0610064875486,58,,
2019,7,15,14,0,21.2,51,0,-5.4,40,976.2,334,747.78,0,954.5,187.587967792801,11.5975349890364,67,,
2019,7,15,15,0,20.4,60,0,-5,29,968.9,142,714.77,0,954.7,193.236717126722,12.2670600260475,79,,
2019,7,15,16,0,18.6,66,0,-4.7,4,944.09,9,615.77,0,955,197.212090352746,13.1223933441207,91,,
2019,7,15,17,0,16.8,72,0,-4.4,0,891.41,0,459.11,0,955.6,198.573766782358,13.4540482128887,104,,
2019,7,15,18,0,15.9,77,0,-4.4,0,776.17,0,259.67,0,956.2,201.944284705474,13.6103666184247,117,,
2019,7,15,19,0,15.3,81,0,-4.6,0,428.28,0,51.02,0,956.7,201.435587248879,11.384315809001,130,,
2019,7,15,20,0,14.5,86,0,-4.6,0,0,0,0,0,957.1,203.291302995406,11.1542420938923,144,,
2019,7,15,21,0,13.7,92,0,-4.5,0,0,0,0,0,957.1,203.292440822445,11.341363347771,157,,
2019,7,15,22,0,13,108,0,-4.3,0,0,0,0,0,956.9,203.741036519502,10.9448478851788,171,,
2019,7,15,23,0,12.4,-127,0,-4,0,0,0,0,0,956.7,204.587858393082,10.768463852474,174,,
2019,7,16,0,0,12,-94,0,-4,0,0,0,0,0,956.6,205.60671291981,10.8281317160077,161,,
2019,7,16,1,0,11.6,-87,0,-3.9,0,0,0,0,0,956.6,209.343976783178,9.34231511542485,147,,
2019,7,16,2,0,11.1,-82,0,-3.8,0,0,0,0,0,956.7,202.007324926817,9.02806413976836,134,,
2019,7,16,3,0,10.6,-78,0,-3.8,0,0,0,0,0,956.6,198.252222311501,8.80599238096243,120,,
2019,7,16,4,0,10.1,-73,0,-3.7,0,0,0,0,0,956.6,191.320518092657,8.53707241320594,107,,
2019,7,16,5,0,9.7,-68,0,-3.6,1,0,2,0,0,956.8,189.342939960909,7.69972935726477,94,,
2019,7,16,6,0,10.3,-61,0,-3.8,24,0,98,0,0,957.3,189.500204847614,6.81606957636997,82,,
2019,7,16,7,0,12.2,-53,0,-3.5,39,0,293,0,0,957.9,184.255402294407,5.73840693974587,70,,
2019,7,16,8,0,14.7,-43,0,-3,44,0,473,0,0,958,181.053896185536,5.52432602429439,60,,
2019,7,16,9,0,17.3,-29,0,-3.1,47,405.34,609,45.03,0,957.5,180.546673317939,5.74624032063553,52,,
2019,7,16,10,0,19.3,-12,0,-3.6,48,768.16,684,251.93,0,956.6,182.110651360178,6.37128003694179,47,,
2019,7,16,11,0,20.7,7,0,-4.3,48,888.01,692,453.07,0,955.8,184.972711034188,6.76339306390342,46,,
2019,7,16,12,0,21.6,25,0,-5.3,47,942.87,633,612.37,0,955,186.900406996342,7.96743149558255,50,,
2019,7,16,13,0,22.2,40,0,-6.1,45,969.15,512,714.56,0,954.5,187.80385264449,8.31494338149952,58,,
2019,7,16,14,0,22.1,51,0,-6.1,40,977.73,341,750.93,0,954.2,188.971073509332,8.36770962053196,67,,
2019,7,16,15,0,21.2,60,0,-5.7,29,971.07,146,718.34,0,954.2,188.714846513509,8.79266763467194,79,,
2019,7,16,16,0,19.3,66,0,-5.4,5,0,10,0,0,954.4,191.736782950642,9.48709267035781,91,,
2019,7,16,17,0,17.4,72,0,-5.3,0,893.67,0,462.06,0,955.1,195.560100912474,9.40689864194824,104,,
2019,7,16,18,0,16.4,77,0,-5.4,0,778.3,0,261.9,0,955.7,195.764596406093,9.5462023922285,117,,
2019,7,16,19,0,15.7,81,0,-5.6,0,432.1,0,52.29,0,956.2,195.677879483157,8.39796003143782,130,,
2019,7,16,20,0,15.1,86,0,-5.5,0,0,0,0,0,956.4,198.7528981623,8.45621427214416,144,,
2019,7,16,21,0,14.5,92,0,-5.4,0,0,0,0,0,956.3,205.420755298486,8.30763144203397,157,,
2019,7,16,22,0,13.8,109,0,-5.3,0,0,0,0,0,955.9,213.457911126734,8.00570692310877,171,,
2019,7,16,23,0,13.2,-128,0,-5.2,0,0,0,0,0,955.4,217.27223913467,7.57847219156775,174,,
2019,7,17,0,0,12.6,-94,0,-5,0,0,0,0,0,954.9,217.244381587428,8.04168776433352,161,,
2019,7,17,1,0,12.1,-87,0,-4.8,0,0,0,0,0,954.5,213.505155088508,6.72181671787393,147,,
2019,7,17,2,0,11.6,-83,0,-4.3,0,0,0,0,0,954.5,209.842617016992,6.7499697956101,134,,
2019,7,17,3,0,11.1,-78,0,-3.6,0,0,0,0,0,954.5,201.477650954261,6.67828162248244,120,,
2019,7,17,4,0,10.7,-73,0,-2.8,0,0,0,0,0,954.4,194.402132198475,6.21882488371952,107,,
2019,7,17,5,0,10.3,-68,0,-2.4,1,0,2,0,0,954.6,190.63658986909,5.54446251088949,94,,
2019,7,17,6,0,11,-62,0,-3.3,25,0,100,0,0,955.2,185.561651773145,5.40042254544345,81,,
2019,7,17,7,0,13.3,-54,0,-4.8,40,0,296,0,0,955.9,185.54736224953,4.64676251005454,70,,
2019,7,17,8,0,15.8,-43,0,-5.6,46,0,478,0,0,956,181.461789735624,4.89998615848681,60,,
2019,7,17,9,0,18,-29,0,-6.1,50,0.01,614,10.64,0,955.4,180.576757626473,5.04703872154245,52,,
2019,7,17,10,0,19.9,-12,0,-6.8,49,753.84,692,249.15,0,954.4,178.224839426443,5.54542311798801,47,,
2019,7,17,11,0,21.3,7,0,-7.8,49,873.69,701,448.18,0,953.4,175.460105541109,5.27788738051849,46,,
2019,7,17,12,0,22.4,25,0,-8.8,49,928.73,641,605.96,0,952.6,170.00126686014,4.85851238101631,50,,
2019,7,17,13,0,23.2,40,0,-9.5,48,955.04,518,707.17,0,952,148.490144911062,4.43929162038198,57,,
2019,7,17,14,0,23.2,51,0,-9.6,42,960.28,347,740.93,0,951.6,146.585119194275,5.12839718758669,67,,
2019,7,17,15,0,22.3,60,0,-9.1,30,950.41,149,706.71,0,951.4,156.204651557254,6.32214993869906,78,,
2019,7,17,16,0,20.1,67,0,-8.8,5,389.08,11,486.66,0,951.4,176.270244413516,6.60756103984332,91,,
2019,7,17,17,0,18.2,72,0,-9.1,0,18.27,0,227.89,0,951.9,189.175867794448,7.05482169764329,103,,
2019,7,17,18,0,17.2,77,0,-9.2,0,218.81,0,179,0,952.4,189.998120920846,7.62715804363582,117,,
2019,7,17,19,0,16.4,82,0,-9.2,0,0,0,23.5,0,952.8,188.072571241562,7.25906212371189,130,,
2019,7,17,20,0,15.6,86,0,-9.3,0,0,0,0,0,953.1,190.983698811087,7.83057702200867,144,,
2019,7,17,21,0,14.9,92,0,-9.2,0,0,0,0,0,953.1,189.254899399027,7.86776676793779,157,,
2019,7,17,22,0,14.3,110,0,-9.2,0,0,0,0,0,952.8,192.069365018852,8.06870637389163,171,,
2019,7,17,23,0,13.8,-129,0,-9.2,0,0,0,0,0,952.6,193.943925142566,8.36341027089635,174,,
2019,7,18,0,0,13.2,-95,0,-9.2,0,0,0,0,0,952.4,192.9108797227,8.79245856142546,161,,
2019,7,18,1,0,12.7,-88,0,-9.3,0,0,0,0,0,952.2,194.83055224305,8.45339048993334,147,,
2019,7,18,2,0,12.3,-83,0,-9.4,0,0,0,0,0,952,197.953272526182,8.2492583470777,134,,
2019,7,18,3,0,11.8,-78,0,-9.5,0,0,0,0,0,952,194.78551936075,7.23972227946312,120,,
2019,7,18,4,0,11.5,-74,0,-9.6,0,0,0,0,0,952.4,193.557761206435,6.81490352490004,107,,
2019,7,18,5,0,11.2,-68,0,-9.6,1,0,2,0,0,952.8,193.71720056641,6.63854036180114,94,,
2019,7,18,6,0,12.2,-62,0,-9.5,25,0,102,0,0,953.2,195.008128844177,6.36552532629792,81,,
2019,7,18,7,0,14.8,-54,0,-9.4,40,0,299,0,0,953.6,193.658557023873,5.60778287309968,70,,
2019,7,18,8,0,17.5,-43,0,-9.4,47,0,481,0,0,953.4,191.911189155817,5.69685649488454,60,,
2019,7,18,9,0,19.8,-29,0,-9.3,50,0,617,23.29,0,952.7,192.518105967465,6.57816196380695,51,,
2019,7,18,10,0,21.4,-12,0,-9.6,51,56.8,693,86.71,0,951.8,190.766456702753,7.90449355511033,47,,
2019,7,18,11,0,22.5,7,0,-10.1,51,52.89,702,119.49,0,950.7,187.758467146679,8.16022257804806,46,,
2019,7,18,12,0,23.3,25,0,-10.6,51,84.07,642,198.47,0,949.8,179.863134241049,8.10893820292128,50,,
2019,7,18,13,0,23.7,40,0,-11.1,48,942.93,520,700.99,0,949.4,182.119856763708,9.39677987426423,57,,
2019,7,18,14,0,23.9,51,0,-11.1,42,951.16,348,736.6,0,949.2,192.493567445378,11.0867260959659,67,,
2019,7,18,15,0,23.1,60,0,-10.2,31,943.78,150,704.35,0,949.2,196.377386215529,11.1802431033547,78,,
2019,7,18,16,0,20.9,67,0,-9.6,5,918.47,11,606.98,0,949.4,199.251434898702,10.8280855369594,91,,
2019,7,18,17,0,18.7,72,0,-9.5,0,862.56,0,451.71,0,949.8,198.157200964169,10.7294462706572,103,,
2019,7,18,18,0,17.6,77,0,-8.9,0,745,0,255.63,0,950.3,198.49126464057,11.1702641956419,117,,
2019,7,18,19,0,16.9,82,0,-8.6,0,0.06,0,6.96,0,950.6,202.604522123793,10.3962266001102,130,,
2019,7,18,20,0,16.6,87,0,-8.6,0,0,0,0,0,950.7,207.790442479452,10.4560090378691,144,,
2019,7,18,21,0,16.2,93,0,-8.6,0,0,0,0,0,950.8,213.69006752598,10.9998311426168,157,,
2019,7,18,22,0,15.7,111,0,-8.6,0,0,0,0,0,950.5,218.937737279405,10.6966575862341,171,,
2019,7,18,23,0,15.2,-130,0,-8.5,0,0,0,0,0,949.9,223.47124054391,11.1791580319472,173,,
2019,7,19,0,0,14.5,-95,0,-8.7,0,0,0,0,0,949.5,228.385797486593,11.6928382885414,161,,
2019,7,19,1,0,13.8,-88,0,-8.8,0,0,0,0,0,949.4,236.51870264182,9.82075021989306,147,,
2019,7,19,2,0,13.2,-83,0,-8.7,0,0,0,0,0,949.4,239.319246569555,9.49245972233361,134,,
2019,7,19,3,0,12.8,-79,0,-8.6,0,0,0,0,0,949.3,240.902616847436,7.03642786587423,120,,
2019,7,19,4,0,12.7,-74,0,-8.6,0,0,0,0,0,949.4,240.436325771737,5.9774068017499,107,,
2019,7,19,5,0,12.6,-68,0,-8.5,1,0,2,0,0,949.5,233.320953256014,5.85938910881666,94,,
2019,7,19,6,0,14,-62,0,-8.1,26,0,100,0,0,949.8,233.365886124033,6.07505144011143,81,,
2019,7,19,7,0,17,-54,0,-7.9,42,0,294,0,0,950.2,234.436051006431,5.93041448905127,70,,
2019,7,19,8,0,19.8,-43,0,-7.9,49,0,474,0,0,950.4,237.121081846045,5.8931648605487,59,,
2019,7,19,9,0,22,-30,0,-7.8,53,0,609,20.71,0,950,236.85098545206,5.85056346190369,51,,
2019,7,19,10,0,23.6,-12,0,-8,55,13.17,685,84.62,0,949.2,238.416206280759,6.24997219007198,46,,
2019,7,19,11,0,24.8,7,0,-8.6,55,343.3,692,352.27,0,948,237.959934696903,7.48821163991029,46,,
2019,7,19,12,0,25.8,25,0,-9.4,54,383.53,633,478.29,0,947.1,237.082882519913,8.27340765275534,50,,
2019,7,19,13,0,26.4,40,0,-9.5,51,358.92,512,537.84,0,946.7,238.933424441652,7.78896822278239,57,,
2019,7,19,14,0,26.5,51,0,-8.6,45,386.44,339,574.07,0,946.6,240.982711655476,8.28610558020188,67,,
2019,7,19,15,0,25.4,60,0,-7.5,33,380.95,144,552.91,0,946.5,245.44316863496,9.42686003846403,78,,
2019,7,19,16,0,23.1,67,0,-7.1,6,914.71,10,606.86,0,946.7,246.843420785454,10.0816090328752,90,,
2019,7,19,17,0,21.1,73,0,-7.2,0,862.83,0,453.8,0,947.2,248.974258107055,10.3530538677992,103,,
2019,7,19,18,0,20.4,77,0,-6.5,0,749.99,0,258.72,0,947.7,249.826358388952,10.9861104323897,116,,
2019,7,19,19,0,19.8,82,0,-5.5,0,414.44,0,53.69,0,947.9,255.197766623691,9.55503513677483,130,,
2019,7,19,20,0,19.1,87,0,-4.7,0,0,0,0,0,948.1,257.490011180135,9.53859490681738,144,,
2019,7,19,21,0,18.4,93,0,-3.9,0,0,0,0,0,948.2,264.926394257991,9.27427373639107,157,,
2019,7,19,22,0,17.5,112,0,-3.7,0,0,0,0,0,948.2,265.937691446023,8.70901256868535,171,,
2019,7,19,23,0,16.6,-132,0,-4,0,0,0,0,0,948.1,268.298640661924,9.58975114488565,173,,
2019,7,20,0,0,15.8,-96,0,-4,0,0,0,0,0,947.8,270.904864324854,10.4150393510515,161,,
2019,7,20,1,0,15.1,-88,0,-3.3,0,0,0,0,0,947.9,273.222548222336,10.5005193409611,147,,
2019,7,20,2,0,14.2,-83,0,-1.1,0,0,0,0,0,948.3,277.815752529959,10.2590420178865,133,,
2019,7,20,3,0,13.1,-79,0,2.6,0,0,0,0,0,948.5,277.572259359486,8.77572482986154,120,,
2019,7,20,4,0,12.1,-74,0,5.7,0,0,0,0,0,949,281.587544407395,7.60417694757437,107,,
2019,7,20,5,0,11.5,-69,0,7.3,1,0,1,0,0,949.7,285.768227960539,7.27371852188435,94,,
2019,7,20,6,0,12.2,-62,0.5,8,30,0,89,0,0,950.4,293.032845987908,7.79740810379618,81,,
2019,7,20,7,0,13.9,-54,17.1,8.6,144,0,120,0,0,951,285.539927568095,7.65483004762242,70,,
2019,7,20,8,0,15.3,-44,13.4,9.1,178,0,260,0,0,951.4,286.813427768993,8.64285872983578,59,,
2019,7,20,9,0,16,-30,15.7,8.9,244,415.08,296,48.35,0,951.5,287.94084481832,9.4354045213047,51,,
2019,7,20,10,0,16.6,-12,4.6,8,121,770.61,567,257.55,0,951.2,292.761852547743,11.0054884407168,46,,
2019,7,20,11,0,17.7,7,0,6.7,55,883.29,677,457.41,0,950.4,300.112103836219,12.8242579013412,46,,
2019,7,20,12,0,18.7,25,0,5.5,53,932.66,621,614.04,0,949.8,309.282567299724,13.5549247784079,50,,
2019,7,20,13,0,19,40,0,4.6,50,954.03,504,712.89,0,949.6,306.581656162045,13.4695407206973,57,,
2019,7,20,14,0,19,52,0,3.5,43,959.65,338,747.21,0,949.6,308.027444510349,14.0832093828379,67,,
2019,7,20,15,0,18.5,60,0,2.1,31,950.07,147,713.24,0,949.9,309.039238082756,14.2826762607347,78,,
2019,7,20,16,0,17.2,67,0,0.8,6,922.7,11,613.91,0,950.5,313.133299455298,14.757311755101,90,,
2019,7,20,17,0,15.7,73,0,-0.5,0,868.67,0,458.55,0,951.2,317.623525951873,14.2397623634996,103,,
2019,7,20,18,0,14.5,78,0,-1.5,0,753.93,0,261.52,0,951.7,323.079501137298,14.403732493533,116,,
2019,7,20,19,0,13.6,82,0,-1.6,0,418.08,0,54.94,0,952,324.599354614989,13.6958032502458,130,,
2019,7,20,20,0,12.9,87,0,-1.5,0,0,0,0,0,952.3,325.418770263271,14.0197357179877,144,,
2019,7,20,21,0,12.2,94,0,-1.3,0,0,0,0,0,952.4,336.825007062945,14.6805974279869,157,,
2019,7,20,22,0,11.6,113,0,-1.1,0,0,0,0,0,952.3,342.911218583141,15.5662628670548,170,,
2019,7,20,23,0,10.9,-133,0,-0.9,0,0,0,0,0,952.1,342.902340861552,15.199138240452,173,,
2019,7,21,0,0,10.3,-96,0,-0.6,0,0,0,0,0,951.9,346.17361893734,15.053889702819,161,,
2019,7,21,1,0,9.8,-89,0,-0.3,0,0,0,0,0,951.7,343.833302309451,12.0229585933851,147,,
2019,7,21,2,0,9.4,-84,0,-0.1,0,0,0,0,0,951.6,342.275741168901,11.5734900792704,133,,
2019,7,21,3,0,9,-79,0,0.1,0,0,0,0,0,951.7,349.907343147763,11.5463659656355,120,,
2019,7,21,4,0,8.5,-74,0,0.2,0,0,0,0,0,951.7,0.885311047543269,11.63845302208,107,,
2019,7,21,5,0,8,-69,0,0.3,1,0,2,0,0,951.9,11.7837156707757,11.0176469358877,94,,
2019,7,21,6,0,8.8,-62,0,0.2,27,0,101,0,0,952.3,11.827197309316,9.702700984929,81,,
2019,7,21,7,0,11,-54,0,0,44,0,295,0,0,952.8,7.05330068780347,7.60507142063051,70,,
2019,7,21,8,0,13.2,-44,0,-0.4,52,0,475,0,0,953.1,30.2455355112635,5.95584733317214,59,,
2019,7,21,9,0,15.3,-30,0,-1.3,56,382.45,611,46.61,0,953,50.7041613868203,5.74916014195075,51,,
2019,7,21,10,0,17.2,-12,0,-2.4,60,734.25,686,248.64,0,952.3,71.7984502484611,5.07829535556843,46,,
2019,7,21,11,0,18.8,7,0,-3.3,61,852.29,695,444.86,0,951,100.916376059721,3.38136152141101,45,,
2019,7,21,12,0,20,25,0,-4.3,59,906.89,636,600.62,0,949.7,138.773074360226,2.64316226980995,49,,
2019,7,21,13,0,20.6,40,0,-5.1,55,932.94,516,700.59,0,949.1,181.911548590748,2.34487091751633,57,,
2019,7,21,14,0,20.8,52,0,-5.4,48,941.09,346,736.17,0,948.8,200.861583753277,2.896378927193,67,,
2019,7,21,15,0,20.3,60,0,-5.3,34,438.12,150,586.56,0,948.8,198.135953021389,3.47681572241012,78,,
2019,7,21,16,0,18.3,67,0,-5,6,135.17,11,455.31,0,949.3,214.518068211784,3.18498934387649,90,,
2019,7,21,17,0,16.4,73,0,-4.9,0,854.36,0,453.75,0,950,241.009292660405,2.45615138797988,103,,
2019,7,21,18,0,15.7,78,0,-4.6,0,740.27,0,259.1,0,950.5,287.665682965241,2.59073631859564,116,,
2019,7,21,19,0,15,82,0,-4.5,0,407.41,0,54.87,0,950.7,308.869231296909,3.56211381428693,130,,
2019,7,21,20,0,14.4,87,0,-4.5,0,0,0,0,0,951,310.606140077789,4.28081310451176,143,,
2019,7,21,21,0,13.8,94,0,-4.5,0,0,0,0,0,951.2,303.951159154621,4.93974487040484,157,,
2019,7,21,22,0,13.1,114,0,-4.5,0,0,0,0,0,951.1,301.37925098905,5.00549864718523,170,,
2019,7,21,23,0,12.4,-134,0,-4.3,0,0,0,0,0,950.7,302.58867892247,5.48445825698696,173,,
2019,7,22,0,0,11.7,-97,0,-4,0,0,0,0,0,950.6,310.106495671977,6.98643839555179,161,,
2019,7,22,1,0,11,-89,0,-3.8,0,0,0,0,0,950.7,326.399449425237,7.98295147884368,147,,
2019,7,22,2,0,10.4,-84,0,-3.5,0,0,0,0,0,950.7,334.551233489604,8.71758272650057,133,,
2019,7,22,3,0,9.9,-79,0,-3.2,0,0,0,0,0,950.8,336.473243108674,9.26704965007788,120,,
2019,7,22,4,0,9.3,-74,0,-3,0,0,0,0,0,951,345.509069009645,8.67925966821031,107,,
2019,7,22,5,0,9,-69,0,-2.6,1,0,2,0,0,951.2,349.812749420545,7.1997638128989,94,,
2019,7,22,6,0,10.1,-62,0,-2.8,27,0,103,0,0,952,359.208150546854,7.3523106384309,81,,
2019,7,22,7,0,12.6,-54,0,-3.1,44,0,298,0,0,952.8,356.374811804214,6.36434336477798,69,,
2019,7,22,8,0,15,-44,0,-3,52,0,479,0,0,953,356.725634654259,6.63583318771403,59,,
2019,7,22,9,0,16.7,-30,0,-3.1,56,405.52,615,49.2,0,952.7,0.331976002589556,8.07433128587989,51,,
2019,7,22,10,0,18.1,-12,0,-3.6,56,759.63,693,257.38,0,952,356.583946827862,9.7713832982263,46,,
2019,7,22,11,0,19.1,7,0,-4.3,56,879.33,702,459.29,0,951,4.90087736239826,8.95855683706155,45,,
2019,7,22,12,0,19.9,26,0,-4.7,54,935.68,643,620.06,0,950.2,357.831596812224,7.03244843621081,49,,
2019,7,22,13,0,20.5,40,0,-4.9,51,963.8,521,724.13,0,949.9,355.788637110795,4.68846341184763,57,,
2019,7,22,14,0,20.5,52,0,-4.8,45,973.39,350,761.77,0,949.7,344.685577523735,5.91735788274465,67,,
2019,7,22,15,0,20,61,0,-4.3,33,967.87,153,730.21,0,950,350.565213932828,7.24641507167014,78,,
2019,7,22,16,0,18.3,67,0,-3.7,6,945.08,12,631.94,0,950.5,1.17880395116083,7.76370679076056,90,,
2019,7,22,17,0,16.6,73,0,-3.2,0,893.68,0,474.37,0,951,5.0506316894631,6.87097993810731,103,,
2019,7,22,18,0,15.7,78,0,-2.8,0,782.67,0,273.36,0,951.6,355.197679929024,7.37824593847068,116,,
2019,7,22,19,0,14.8,83,0,-2.5,0,450.81,0,59.8,0,952.3,343.918505289639,7.54602175469552,130,,
2019,7,22,20,0,14.1,88,0,-2.3,0,0,0,0,0,952.7,341.86842123327,8.86259685194863,143,,
2019,7,22,21,0,13.6,95,0,-2.1,0,0,0,0,0,952.8,348.551437819146,8.62147050840228,157,,
2019,7,22,22,0,13.2,115,0,-1.9,0,0,0,0,0,952.7,0.079377722799336,8.17654798547752,170,,
2019,7,22,23,0,12.8,-135,0,-1.7,0,0,0,0,0,952.4,356.179714842623,8.09694475976591,173,,
2019,7,23,0,0,12.4,-97,0,-1,0,0,0,0,0,952.1,357.439933516313,8.14190443607515,161,,
2019,7,23,1,0,12,-89,0,-0.2,0,0,0,0,0,952.2,347.525662233758,7.92241242667946,147,,
2019,7,23,2,0,11.4,-84,0,0.2,0,0,0,0,0,952.5,353.735952719812,6.98432415925815,133,,
2019,7,23,3,0,10.8,-79,0,0.7,0,0,0,0,0,952.6,9.8107197012983,5.52339905998004,120,,
2019,7,23,4,0,10.3,-75,0,0.9,0,0,0,0,0,952.8,21.6426378872437,3.99273840421508,107,,
2019,7,23,5,0,10.1,-69,0,1,1,0,2,0,0,953.1,24.9720705144726,4.9685087885947,94,,
2019,7,23,6,0,11.1,-63,0,1.3,28,0,101,0,0,953.7,29.6898142987132,5.09462932172494,81,,
2019,7,23,7,0,13.3,-55,0.4,1.9,49,0,288,0,0,954.3,66.417558739381,4.06180759135652,69,,
2019,7,23,8,0,15.5,-44,0,2.4,55,0,471,0,0,954.5,72.4818361864973,4.39920261507787,59,,
2019,7,23,9,0,17.6,-30,0,1.8,60,413.12,605,50.62,0,954,66.2566769108855,4.96721609876008,51,,
2019,7,23,10,0,19.3,-12,0,0.2,63,760.99,679,259.3,0,953.3,69.8902530118334,5.45344373132105,46,,
2019,7,23,11,0,20.5,7,0,-1.3,63,875.33,687,459.41,0,952.4,74.2001643362221,5.23658515178792,45,,
2019,7,23,12,0,21.4,26,0,-2.7,62,927.58,629,617.48,0,951.8,83.9875814785893,3.88025953671903,49,,
2019,7,23,13,0,22,41,0.3,-3.7,60,951.86,506,718.41,0,951.4,106.398651541132,3.2365548829081,56,,
2019,7,23,14,0,22.1,52,1.3,-4.1,58,960.77,329,755.31,0,951.3,117.418182857344,5.5219628205998,66,,
2019,7,23,15,0,21.4,61,17.8,-3.9,81,954.39,75,723.5,0,951.5,137.865617040921,3.92371053817566,78,,
2019,7,23,16,0,19.8,68,2.5,-3.6,9,930.53,7,625.6,0,951.7,141.125715035357,5.82475816808284,90,,
2019,7,23,17,0,18.1,73,4.2,-3.3,0,879.58,0,469.95,0,951.9,155.224665573714,7.05506016397557,103,,
2019,7,23,18,0,17,78,25.3,-3.1,0,769.59,0,271.3,0,952.7,159.635020749549,8.42850141452469,116,,
2019,7,23,19,0,16.2,83,9.1,-2.8,0,443.15,0,60.16,0,953.8,154.433115968117,8.42592097173906,130,,
2019,7,23,20,0,15.5,88,30.8,-2.6,0,0,0,0,0,954.3,158.763194375755,8.38913372006584,143,,
2019,7,23,21,0,14.8,95,21.3,-2,0,0,0,0,0,954.4,165.732756252887,8.68489601660833,157,,
2019,7,23,22,0,14.2,116,25,-1.1,0,0,0,0,0,954.3,171.41806724237,7.85253416262779,170,,
2019,7,23,23,0,13.9,-136,30.1,-0.2,0,0,0,0,0,954,176.719310120855,6.62305453229675,173,,
2019,7,24,0,0,13.8,-98,30.4,0.3,0,0,0,0,0,953.5,191.141488531292,6.02248928127098,161,,
2019,7,24,1,0,13.6,-90,33.2,0.8,0,0,0,0,0,953.2,175.680869467368,7.00306758455967,147,,
2019,7,24,2,0,13.4,-84,33,1.5,0,0,0,0,0,953.2,169.865854254651,9.63422345915225,133,,
2019,7,24,3,0,13.3,-80,33,2.3,0,0,0,0,0,953.3,176.388758011693,8.68097759088426,120,,
2019,7,24,4,0,13.2,-75,18.5,2.8,0,0,0,0,0,953.6,181.893551221505,8.2738883022463,106,,
2019,7,24,5,0,12.9,-69,11.9,2.9,2,0,0,0,0,953.7,188.397478201651,7.67586075967605,93,,
2019,7,24,6,0,13.4,-63,43.8,2.5,65,0,3,0,0,954.1,192.694210388104,7.60774089619005,81,,
2019,7,24,7,0,14.7,-55,60.8,1.7,125,0,1,0,0,954.9,159.734294759943,5.57150452966622,69,,
2019,7,24,8,0,16.3,-44,40.1,0.7,280,0,24,0,0,955.5,160.957263791968,6.05813717000623,59,,
2019,7,24,9,0,17.8,-30,31.7,-0.5,354,0,78,27.48,0,955.3,182.260539056124,6.93119811999028,51,,
2019,7,24,10,0,18.8,-13,42.5,-1.3,404,220.8,3,193.47,0,954.4,178.516600476751,8.47140507147971,46,,
2019,7,24,11,0,19.3,7,60.5,-1.3,283,881.51,0,464.25,0,953.4,175.471143354764,8.22084252355238,45,,
2019,7,24,12,0,19.5,26,72.6,-1,181,934.03,0,623.64,0,953,167.284333458119,7.79272991423241,49,,
2019,7,24,13,0,19.2,41,74.4,-0.5,136,958.79,0,725.66,0,952.7,160.353567690033,7.03024224800439,56,,
2019,7,24,14,0,18.9,52,72.9,-0.1,99,965.88,0,761.54,0,952.6,172.503262385053,7.00910755921933,66,,
2019,7,24,15,0,18.8,61,59.9,0.2,66,957.79,0,728.39,0,953.1,177.56560944525,8.01125126591824,78,,
2019,7,24,16,0,18.2,68,50.7,0.3,9,932.28,0,629.06,0,953.6,184.144792092878,9.83053642579667,90,,
2019,7,24,17,0,17.5,73,63.7,0.3,0,879.05,0,471.83,0,953.9,183.001581097982,10.1348829126174,103,,
2019,7,24,18,0,17.3,78,57.3,-0.2,0,231.19,0,195.24,0,954.3,178.409265505579,9.58519629662057,116,,
2019,7,24,19,0,17.2,83,61.2,-0.3,0,441.31,0,61.06,0,954.4,168.334697271069,8.48333031554962,130,,
2019,7,24,20,0,16.7,88,61.5,0.3,0,0,0,0,0,954.1,170.799505560622,8.79627591923641,143,,
2019,7,24,21,0,15.9,96,61.3,0.5,0,0,0,0,0,954,168.28683329143,7.63896626410593,157,,
2019,7,24,22,0,15.3,117,54.1,1.1,0,0,0,0,0,953.7,175.205222199642,7.14928315379279,170,,
2019,7,24,23,0,15,-137,53.9,1.9,0,0,0,0,0,953.1,183.277727144322,7.10848000030322,173,,
2019,7,25,0,0,15.1,-99,53.8,2.6,0,0,0,0,0,952.8,176.034897899115,8.24560968240449,161,,
2019,7,25,1,0,15.6,-90,46,3,0,0,0,0,0,952.7,176.644314897746,6.73742459402459,147,,
2019,7,25,2,0,15.7,-85,45.7,3.2,0,0,0,0,0,952.3,172.443071505318,5.94195682185816,133,,
2019,7,25,3,0,14.4,-80,38.2,3.4,0,0,0,0,0,952,172.185652874429,7.32533087417056,120,,
2019,7,25,4,0,12.8,-75,1.3,3.3,0,0,0,0,0,952.2,182.727172211535,7.15173427375863,106,,
2019,7,25,5,0,12.7,-69,0,3.2,2,0,2,0,0,953,175.209135584276,7.85088938750925,93,,
2019,7,25,6,0,15.1,-63,1.2,3.3,33,0,90,0,0,953.7,169.041690030351,6.3891570270804,81,,
2019,7,25,7,0,18.1,-55,0,3.3,50,0,276,0,0,954.3,154.087777951129,5.95342378208342,69,,
2019,7,25,8,0,19.6,-44,0.9,2.7,71,0,433,0,0,954.6,159.69722916109,5.92201138976176,59,,
2019,7,25,9,0,21.1,-30,3.3,1.8,110,0,516,21.76,0,954.2,158.07876510553,6.36163615873124,50,,
2019,7,25,10,0,22.2,-13,0.1,1.5,68,3.88,657,87.69,0,953.4,155.539582463409,7.89579946219252,45,,
2019,7,25,11,0,23,7,0,1.8,65,64.39,672,305.69,0,952.5,156.756721220472,9.10602521199817,45,,
2019,7,25,12,0,23.6,26,0,2.2,62,89.61,618,425.2,0,951.9,155.606170248863,10.2337614024827,49,,
2019,7,25,13,0,23.8,41,0,2.2,57,71.75,503,259.67,0,951.3,151.628734400667,9.31389438670121,56,,
2019,7,25,14,0,23.9,52,0,1.9,49,42.55,338,400.42,0,951.1,157.131502840291,8.80501757005336,66,,
2019,7,25,15,0,23.6,61,1.2,1.8,37,39.2,144,329.88,0,951.1,153.923205044605,9.43726886557479,78,,
2019,7,25,16,0,22.1,68,0.5,2,8,24.45,11,349.74,0,951.2,150.895388412334,10.1667691275627,90,,
2019,7,25,17,0,20.4,74,0,2.3,0,861.64,0,465.53,0,951.6,151.009883235015,11.3881578011006,103,,
2019,7,25,18,0,19.3,79,0,2.6,0,753.58,0,269.91,0,951.9,154.364361031957,12.4049450005404,116,,
2019,7,25,19,0,18.5,83,0,2.7,0,436.25,0,61.65,0,952.3,159.636863888694,12.3250674379146,130,,
2019,7,25,20,0,18,89,0,2.6,0,0,0,0,0,952.5,164.145570044779,12.6816184951963,143,,
2019,7,25,21,0,17.6,96,0,2.3,0,0,0,0,0,952.4,166.189775052701,13.4833467126325,157,,
2019,7,25,22,0,17,118,0,1.9,0,0,0,0,0,952.1,171.41816203163,13.8461788135491,170,,
2019,7,25,23,0,16.2,-138,0,1.6,0,0,0,0,0,951.6,177.652873186261,13.7260602996129,173,,
2019,7,26,0,0,15.4,-99,0,1.5,0,0,0,0,0,950.9,182.144090413492,13.7943767610496,161,,
2019,7,26,1,0,14.7,-90,0,1.7,0,0,0,0,0,950.8,182.572512810516,12.0194195365476,147,,
2019,7,26,2,0,14.2,-85,0,1.9,0,0,0,0,0,950.9,184.326779313616,10.8276420042164,133,,
2019,7,26,3,0,13.9,-80,0,2.2,0,0,0,0,0,950.9,180.732053081144,10.0984115064856,120,,
2019,7,26,4,0,13.6,-75,0,2.5,0,0,0,0,0,951.1,178.811009755746,9.59965416896689,106,,
2019,7,26,5,0,13.2,-70,0,3.1,2,0,2,0,0,951.2,179.229675373636,9.29762331996501,93,,
2019,7,26,6,0,14.1,-63,0,3.8,32,0,95,0,0,951.1,177.857474677932,9.40496631820686,81,,
2019,7,26,7,0,16.2,-55,0,4.3,53,0,278,0,0,951.3,174.376205477722,8.6902193689078,69,,
2019,7,26,8,0,18.7,-45,0,4.6,64,0,450,0,0,951.7,176.407615724666,8.79066458515777,59,,
2019,7,26,9,0,21,-30,0,4.6,69,443.63,581,55.97,0,951.5,174.710961768247,9.2385301609433,50,,
2019,7,26,10,0,22.7,-13,0,4.5,71,789.56,655,272.49,0,950.7,170.123506775533,10.2494869036907,45,,
2019,7,26,11,0,23.8,7,0,4.4,70,902.35,666,478.12,0,949.4,170.789199018842,11.935326788791,44,,
2019,7,26,12,0,24.5,26,0,4.4,67,954.06,610,640.45,0,948.2,174.392350034328,13.1961946752959,48,,
2019,7,26,13,0,25,41,1.5,4.1,78,978.63,469,744.44,0,947.8,174.88682574906,13.1110207185168,56,,
2019,7,26,14,0,25.1,53,6.2,3.5,99,981.79,261,778.28,0,948,177.867490793645,13.8692562301448,66,,
2019,7,26,15,0,24.8,61,10.2,3.5,73,970.79,88,742.59,0,948,181.699534478826,15.6633242517956,77,,
2019,7,26,16,0,23.8,68,23.7,3.8,12,942.59,4,640.23,0,948,184.670912914811,16.7863797151304,90,,
2019,7,26,17,0,22.7,74,30.4,3.8,0,889.07,0,480.95,0,948.2,189.730295004712,17.1253828298634,103,,
2019,7,26,18,0,21.9,79,36,3.7,0,777.19,0,278.9,0,948.6,190.535010645373,17.9033994958004,116,,
2019,7,26,19,0,21.4,84,23.9,3.6,0,457.42,0,64.86,0,949.1,193.825361050326,16.7389726759797,130,,
2019,7,26,20,0,20.9,89,3.6,3.5,0,0,0,0,0,949.6,197.739082431369,16.9875160678349,143,,
2019,7,26,21,0,20.7,97,23,3.4,0,0,0,0,0,949.9,200.1510872862,17.2013285598669,157,,
2019,7,26,22,0,20.3,119,1.2,3.7,0,0,0,0,0,949.6,199.749533180923,18.2073038433077,170,,
2019,7,26,23,0,19.6,-139,0,4.2,0,0,0,0,0,948.9,200.068021917351,18.5222150431878,173,,
2019,7,27,0,0,18.8,-100,0,5,0,0,0,0,0,948.6,201.623355510767,17.7985995389483,161,,
2019,7,27,1,0,18,-91,0,5.5,0,0,0,0,0,948.6,203.918596019815,14.8186357972823,147,,
2019,7,27,2,0,17.5,-85,0,5.1,0,0,0,0,0,948.6,203.722099809611,13.0899148530781,133,,
2019,7,27,3,0,17.4,-80,0,4.7,0,0,0,0,0,948.8,203.211809861586,11.666981330351,120,,
2019,7,27,4,0,17.1,-75,0,4.2,0,0,0,0,0,949,199.050382252669,11.0836379967926,106,,
2019,7,27,5,0,16.3,-70,0,3.8,2,0,2,0,0,949.2,196.15772256394,10.8789208927128,93,,
2019,7,27,6,0,17,-63,0,3.8,32,0,94,0,0,949.7,196.938769265643,10.2166227133162,81,,
2019,7,27,7,0,19,-55,0,3.7,51,0,277,0,0,950.1,198.167022267434,8.18121126861802,69,,
2019,7,27,8,0,21.1,-45,1.1,3.5,74,0,429,0,0,950.3,195.99824973384,8.16376909308344,58,,
2019,7,27,9,0,23.2,-31,3.2,3.2,111,410.31,513,54.09,0,950.1,195.689770211074,8.04576355458991,50,,
2019,7,27,10,0,24.8,-13,4.8,2.8,143,4.07,540,146.48,0,949.4,196.262458285891,8.92736754633425,45,,
2019,7,27,11,0,25.6,7,19.1,2.5,319,861.35,268,461.1,0,948.2,198.865436556166,10.352936678912,44,,
2019,7,27,12,0,26.2,26,16.2,2.5,263,200.01,295,480.08,0,947.3,201.418298143916,11.9165306894927,48,,
2019,7,27,13,0,26.6,41,12.1,2.6,179,95.46,305,481.23,0,947.1,197.753076365672,13.0920152658167,56,,
2019,7,27,14,0,26.4,53,10,2.7,134,52.11,201,306.79,0,947.2,202.916998021923,13.9441813323758,66,,
2019,7,27,15,0,25.8,61,4.3,2.8,51,241.26,121,557.37,0,947.4,212.968243339464,13.7111621046427,77,,
2019,7,27,16,0,24.3,68,2.1,3.2,11,64.22,7,405.06,0,947.8,220.44805556099,13.0422349836979,90,,
2019,7,27,17,0,22.3,74,2.6,4.5,0,23.92,0,166.84,0,948.6,227.55262605859,12.8536148526535,103,,
2019,7,27,18,0,20.8,79,20,5.8,0,749.53,0,272.12,0,949.6,231.175675758084,13.3574760858564,116,,
2019,7,27,19,0,19.9,84,1.1,6.2,0,437.47,0,63.91,0,950.4,243.090154494014,10.3207501719286,129,,
2019,7,27,20,0,19.2,89,0,6.3,0,0,0,0,0,950.8,243.083912658023,10.4307641127625,143,,
2019,7,27,21,0,18.6,97,0.2,6.2,0,0,0,0,0,950.9,246.477543318987,10.578205293726,157,,
2019,7,27,22,0,18,120,22.2,6.1,0,0,0,0,0,950.6,247.583385462628,10.7328019025858,170,,
2019,7,27,23,0,17.8,-140,23.1,6,0,0,0,0,0,950.7,247.806062493366,10.8968892235553,172,,
2019,7,28,0,0,17.6,-101,23.2,5.9,0,0,0,0,0,951,251.645022853685,11.0994159206905,160,,
2019,7,28,1,0,17.3,-91,10.2,5.8,0,0,0,0,0,951.1,263.927521606742,10.1854371265582,147,,
2019,7,28,2,0,17.1,-85,13.3,5.6,0,0,0,0,0,951.2,270.398036189408,9.62851768297691,133,,
2019,7,28,3,0,16.3,-81,17.2,5.3,0,0,0,0,0,951,274.105304673894,8.5720629038621,120,,
2019,7,28,4,0,15.5,-76,0.8,4.8,0,0,0,0,0,950.9,268.58084059549,6.28664765588807,106,,
2019,7,28,5,0,15.4,-70,0.1,4.5,2,0,2,0,0,951.2,262.533195277999,5.88948576304717,93,,
2019,7,28,6,0,16.6,-64,13.4,4,65,0,45,0,0,951.9,261.900667093614,5.29477129874822,81,,
2019,7,28,7,0,18.9,-55,11.5,3.5,121,0,174,0,0,952.6,284.251098497602,4.58631283933455,69,,
2019,7,28,8,0,20.6,-45,3,3.8,94,0,406,0,0,952.7,293.502872430811,4.08485827169183,58,,
2019,7,28,9,0,22,-31,0.4,4.5,75,442.26,574,58,0,952.3,294.121895377821,4.78917913935326,50,,
2019,7,28,10,0,22.9,-13,0,4.9,71,779.26,658,273.33,0,951.7,298.582411289927,5.71597706556242,45,,
2019,7,28,11,0,23.8,7,0.3,4.8,75,892.21,661,478.07,0,950.9,310.552732645061,5.5160695008886,44,,
2019,7,28,12,0,24.6,26,0,4.3,68,944.66,611,640.03,0,949.8,328.449582747512,5.00136518473988,48,,
2019,7,28,13,0,25.1,41,0.4,4,67,970.03,490,744.08,0,949.5,329.129017502517,4.41496749241543,56,,
2019,7,28,14,0,25.2,53,1.4,3.7,61,977.52,322,780.82,0,949.8,331.594664168182,4.39251183923548,66,,
2019,7,28,15,0,24.9,62,3.1,3.5,49,970.19,131,747.63,0,950.1,333.202201864262,4.18399932913715,77,,
2019,7,28,16,0,23.4,68,0.1,3.2,8,945.86,13,647.32,0,950.2,336.463064436648,3.41297073484227,90,,
2019,7,28,17,0,21.8,74,0,2.6,0,898.14,0,489.77,0,950.5,343.124212636358,2.40854628224031,103,,
2019,7,28,18,0,21.2,79,0,1.7,0,793.48,0,287.47,0,951.1,345.420122392509,2.01820805268331,116,,
2019,7,28,19,0,20.7,84,0,1,0,485.6,0,69.98,0,951.6,323.673137768682,1.9589346956913,129,,
2019,7,28,20,0,20.2,90,0,0.8,0,0,0,0,0,951.9,311.088659250688,2.63323350293837,143,,
2019,7,28,21,0,19.5,98,0,0.4,0,0,0,0,0,951.9,322.660897745398,2.77619169200956,157,,
2019,7,28,22,0,18.9,122,0,-0.2,0,0,0,0,0,951.7,337.919110284713,2.54642055833753,170,,
2019,7,28,23,0,18.4,-141,0,-0.5,0,0,0,0,0,951.3,356.621848263875,1.79259129916814,172,,
2019,7,29,0,0,17.8,-101,0,0.5,0,0,0,0,0,951,356.20588688084,0.767767670157171,160,,
2019,7,29,1,0,17.4,-92,0,1.6,0,0,0,0,0,950.6,300.640741244639,0.522090046038662,147,,
2019,7,29,2,0,17,-86,0,2.1,0,0,0,0,0,950.4,259.580246981386,1.59650215396537,133,,
2019,7,29,3,0,16.4,-81,0,2.5,0,0,0,0,0,950.7,264.051316918761,2.10894367444129,120,,
2019,7,29,4,0,15.9,-76,0,2.9,0,0,0,0,0,951.1,286.330910746563,1.61181367647977,106,,
2019,7,29,5,0,15.6,-70,9.8,3.4,3,0,1,0,0,951.6,297.069504794044,1.59669246880032,93,,
2019,7,29,6,0,16.5,-64,0.4,4.1,33,0,97,0,0,952.3,302.403499059585,1.68398803159471,80,,
2019,7,29,7,0,18.5,-56,0,4.5,53,0,282,0,0,952.9,318.527305932899,1.1678011057997,69,,
2019,7,29,8,0,20.2,-45,0,4.3,64,0,455,0,0,953.1,309.467195065887,1.25984658588331,58,,
2019,7,29,9,0,21.2,-31,0,4.1,71,448.46,585,59.63,0,953.2,291.907546297581,1.61241596682336,50,,
2019,7,29,10,0,21.8,-13,0,3.9,78,783.87,654,276.69,0,952.6,278.6096597361,2.19246836387913,45,,
2019,7,29,11,0,22.3,7,0,3.9,80,893.54,661,481.1,0,951.7,312.473703727351,1.7472379233381,44,,
2019,7,29,12,0,22.9,26,0.7,4.2,90,461.72,587,543.58,0,951.1,349.002573985714,2.16885053693304,48,,
2019,7,29,13,0,23.4,42,10.4,4.6,181,966.58,322,744.52,0,950.8,348.049649194825,3.80916296748056,55,,
2019,7,29,14,0,23.4,53,26,4.9,189,535.09,101,677.93,0,950.9,347.701146218355,4.07001602870445,66,,
2019,7,29,15,0,23.1,62,20,5,104,970.41,36,750.59,0,951.3,352.886555140921,3.37355381893331,77,,
2019,7,29,16,0,21.8,69,1.6,5.1,12,948.03,8,651.25,0,951.7,8.71000696389928,2.3749767907413,89,,
2019,7,29,17,0,20.4,74,0,5.2,0,895.14,0,490.63,0,952,41.4656745494772,1.56372725072268,102,,
2019,7,29,18,0,19.9,80,0,4.8,0,785.1,0,286.79,0,952.3,87.3533657252051,1.01314440333211,116,,
2019,7,29,19,0,19.6,85,0,4.3,0,475.14,0,70.09,0,952.4,108.876385068133,2.41535598898021,129,,
2019,7,29,20,0,19.1,90,0,4.2,0,0,0,0,0,952.5,121.002345286764,3.07187083271352,143,,
2019,7,29,21,0,18.5,98,0,3.8,0,0,0,0,0,952.4,135.659963663842,3.11886968282853,157,,
2019,7,29,22,0,17.7,123,0,3,0,0,0,0,0,952.3,151.916676633121,3.29429085705184,169,,
2019,7,29,23,0,16.9,-142,0,2.3,0,0,0,0,0,952.3,170.05124151159,3.48218833505279,172,,
2019,7,30,0,0,16.1,-102,0,1.6,0,0,0,0,0,952.3,200.979225785575,4.30903621793649,160,,
2019,7,30,1,0,15.3,-92,0,1.4,0,0,0,0,0,952.1,212.148673849097,4.07383633464395,147,,
2019,7,30,2,0,14.5,-86,0,1.2,0,0,0,0,0,952.1,224.670624372708,4.8557524730631,133,,
2019,7,30,3,0,13.9,-81,0,0.8,0,0,0,0,0,952.3,226.692435528317,5.04033457072128,119,,
2019,7,30,4,0,13.3,-76,0,0.6,0,0,0,0,0,952.7,226.806080048943,5.51874317430797,106,,
2019,7,30,5,0,12.8,-70,0,0.8,3,0,2,0,0,953.5,227.493524584554,6.47502057731679,93,,
2019,7,30,6,0,13.4,-64,0,1,33,0,100,0,0,954.7,230.671168639682,6.42850644366966,80,,
2019,7,30,7,0,15.1,-56,0,1,53,0,286,0,0,955.4,233.652304377791,5.39781145027784,68,,
2019,7,30,8,0,17.1,-45,0,1,64,0,460,0,0,955.3,237.433601925244,5.24673676410191,58,,
2019,7,30,9,0,19.2,-31,0,0.8,70,441.93,592,60.3,0,954.8,239.344956049593,5.33978747079212,49,,
2019,7,30,10,0,20.9,-13,0,0.9,72,15.78,667,160.88,0,954.1,239.979070334977,5.04359225133476,44,,
2019,7,30,11,0,22.3,7,0,0.9,72,66.4,677,209.85,0,953.3,239.576489396077,5.53094903562953,44,,
2019,7,30,12,0,23.3,26,0,0.8,69,937.94,621,641.37,0,952.6,244.318435434644,5.66080231074454,48,,
2019,7,30,13,0,23.7,42,0,0.8,63,74.01,506,481.29,0,952.2,248.226610015089,4.58082556535852,55,,
2019,7,30,14,0,23.4,53,0,0.7,54,969.61,342,780.86,0,952.3,242.922118082824,4.2732190261708,65,,
2019,7,30,15,0,22.5,62,0,0.4,38,960.93,153,746.77,0,952.5,231.855848326283,4.23701289658119,77,,
2019,7,30,16,0,20.8,69,0,-0.1,8,451.91,14,544.27,0,952.7,237.914104558324,3.61031209997102,89,,
2019,7,30,17,0,19,75,0,-0.5,0,883.59,0,487.31,0,953.2,238.484043812876,4.46788356887201,102,,
2019,7,30,18,0,17.8,80,0,-1.2,0,11.85,0,167.5,0,954.1,240.24006167872,5.50784916590842,116,,
2019,7,30,19,0,16.9,85,0,-1.8,0,470.07,0,70.68,0,954.8,239.168012297129,6.43246702089064,129,,
2019,7,30,20,0,16.2,91,0,-2,0,0,0,0,0,955.4,243.967130271953,6.95123422906815,143,,
2019,7,30,21,0,15.5,99,0,-1.9,0,0,0,0,0,955.7,248.859415806388,6.85577559105811,157,,
2019,7,30,22,0,14.9,124,0,-1.7,0,0,0,0,0,955.5,254.78743649226,7.25002711300382,169,,
2019,7,30,23,0,14.3,-143,0,-1.2,0,0,0,0,0,955.1,259.113473073858,7.96349228647235,172,,
2019,7,31,0,0,13.7,-103,0,-0.3,0,0,0,0,0,954.9,262.840008171435,8.83829147901944,160,,
2019,7,31,1,0,13.1,-92,0,0.5,0,0,0,0,0,954.9,262.903990199785,8.50630697665612,147,,
2019,7,31,2,0,12.5,-86,0,1,0,0,0,0,0,955.2,269.033960629831,9.04002546032289,133,,
2019,7,31,3,0,11.9,-81,0,1.3,0,0,0,0,0,955.6,277.88274590252,7.29148590686669,119,,
2019,7,31,4,0,11.3,-76,0,1.6,0,0,0,0,0,956,287.880868384343,6.51383358619473,106,,
2019,7,31,5,0,10.8,-71,0,1.8,3,0,3,0,0,956.4,300.957863593343,6.70518093306114,93,,
2019,7,31,6,0,11.5,-64,0,1.8,32,0,105,0,0,957,315.135719706969,6.98269905418341,80,,
2019,7,31,7,0,13.4,-56,0,1.5,50,0,297,0,0,957.5,324.843662970085,6.81788803661048,68,,
2019,7,31,8,0,15.3,-45,0,1,59,0,477,0,0,957.6,328.537054507036,8.00043678723246,58,,
2019,7,31,9,0,17.4,-31,0,0.2,63,440.8,615,61.48,0,957.2,327.315814903686,8.70208504682913,49,,
2019,7,31,10,0,19.2,-13,0,-0.7,64,33.33,694,121.6,0,956.2,331.737501673394,9.08278135638002,44,,
2019,7,31,11,0,20.4,7,0,-1.7,63,880.76,706,479.99,0,955.2,342.255575383562,9.52323818562798,43,,
2019,7,31,12,0,21.3,27,0,-3,61,125.69,651,477.66,0,954.5,349.42440229701,9.42954423708643,47,,
2019,7,31,13,0,21.8,42,0,-4.1,57,962.77,534,747.69,0,954.3,343.888934070085,8.92470853563397,55,,
2019,7,31,14,0,21.8,53,0,-4.5,50,527.07,362,677.36,0,954.5,347.315436158742,10.0336238015225,65,,
2019,7,31,15,0,21.2,62,0,-4.5,37,63.71,164,398.46,0,954.6,359.026856752482,12.4389261708657,77,,
2019,7,31,16,0,19.4,69,0,-4.1,8,176.94,16,511.26,0,954.5,28.1047620511738,11.1018004307929,89,,
2019,7,31,17,0,17.5,75,0,-3.6,0,28.78,0,296.76,0,954.8,42.0244562454927,11.237106414128,102,,
2019,7,31,18,0,16.4,80,0,-3.1,0,248.24,0,225.02,0,955.9,35.0786029809651,9.27002628348627,116,,
2019,7,31,19,0,15.6,85,0,-2.7,0,501.95,0,75.27,0,956.8,26.8331894730044,7.71811574135381,129,,
2019,7,31,20,0,15,91,0,-2.2,0,0,0,0,0,957.3,17.0585909503613,7.0159008463538,143,,
2019,7,31,21,0,14.3,99,0,-1.7,0,0,0,0,0,957.3,22.6368130116787,6.15825987932123,156,,
2019,7,31,22,0,13.9,125,0,-1,0,0,0,0,0,956.8,20.4369911365103,5.62410565336491,169,,
2019,7,31,23,0,13.5,-144,0,-0.1,0,0,0,0,0,956.1,21.5402964604016,6.01866959192648,172,,
2019,8,1,0,0,13.3,-103,0,0.3,0,0,0,0,0,955.8,15.8886682768485,6.701955448408,160,,
2019,8,1,1,0,13,-93,0,0.2,0,0,0,0,0,955.8,358.786525548421,6.12711001458603,147,,
2019,8,1,2,0,12.5,-87,0,0.4,0,0,0,0,0,955.8,8.79161704698413,5.67227467553045,133,,
2019,8,1,3,0,12.1,-82,0,0.6,0,0,0,0,0,955.8,4.28939694951862,6.31850242325973,119,,
2019,8,1,4,0,11.7,-76,0,0.9,0,0,0,0,0,955.8,3.43363036245051,6.2612398931841,106,,
2019,8,1,5,0,11.3,-71,0,1.2,3,0,3,0,0,955.9,353.391746020742,6.72045361281435,93,,
2019,8,1,6,0,12.1,-64,0,1.1,31,0,111,0,0,956.6,2.26376462528481,6.32913516422123,80,,
2019,8,1,7,0,14.4,-56,0,1.2,48,0,306,0,0,957.2,359.796724822857,7.72665712105378,68,,
2019,8,1,8,0,17.1,-46,0,1.7,56,0,486,0,0,957,358.286308039611,7.57758488699593,58,,
2019,8,1,9,0,19.9,-31,0,1.9,60,489.66,622,67.57,0,956.2,3.68012087733206,7.36276967339684,49,,
2019,8,1,10,0,22.2,-13,0,1.8,62,812.81,699,291.57,0,955.2,15.8806592292993,7.82192519644931,44,,
2019,8,1,11,0,23.9,8,0,1.8,63,920.8,707,501.56,0,954.2,25.0980607984368,8.05755160909694,43,,
2019,8,1,12,0,25,27,0,1.9,61,971,647,667.17,0,953.6,27.5678915781937,7.27519957796827,47,,
2019,8,1,13,0,25.5,42,0,2,57,995.24,526,773.33,0,953.4,60.6580226556146,5.05408401289218,55,,
2019,8,1,14,0,25.5,54,0,2,50,1002.31,357,810.64,0,953.2,90.3376675602481,6.57357401861894,65,,
2019,8,1,15,0,24.8,62,0,2.1,37,995.13,161,776.48,0,953.2,94.6044054358409,7.39410580543537,77,,
2019,8,1,16,0,22.9,69,0,2.2,9,971.59,15,673.69,0,953.5,101.794387358256,7.07031984078503,89,,
2019,8,1,17,0,20.8,75,0,2.4,0,924.23,0,511.56,0,953.9,110.917520162788,7.32992772062659,102,,
2019,8,1,18,0,19.8,80,0,2.4,0,821.9,0,303.65,0,954.4,119.970152469671,7.52945038778055,116,,
2019,8,1,19,0,19.1,85,0,2.3,0,525.73,0,79,0,955.1,113.443742730989,6.29205771942436,129,,
2019,8,1,20,0,18.6,91,0,2.3,0,0,0,0,0,955.8,131.809653756999,7.34657820107589,143,,
2019,8,1,21,0,18.1,100,0,2.3,0,0,0,0,0,956.1,137.624022648896,8.08385573983577,156,,
2019,8,1,22,0,17.6,126,0,2.2,0,0,0,0,0,955.7,141.0344258031,8.35375286188213,169,,
2019,8,1,23,0,17,-144,0,2,0,0,0,0,0,955.2,143.857579482588,8.28479838986276,172,,
2019,8,2,0,0,16.3,-104,0,2,0,0,0,0,0,955,148.771086552849,9.04826996308755,160,,
2019,8,2,1,0,15.7,-93,0,2.1,0,0,0,0,0,955.4,165.851015861441,10.2272871510052,147,,
2019,8,2,2,0,15.2,-87,0,2.1,0,0,0,0,0,956,166.659132265041,9.75107354316246,133,,
2019,8,2,3,0,14.6,-82,0,2,0,0,0,0,0,956.4,166.412647926708,8.71240100418448,119,,
2019,8,2,4,0,13.9,-77,0,1.9,0,0,0,0,0,956.4,167.462320713958,7.93520597876654,106,,
2019,8,2,5,0,13.3,-71,0,1.8,3,0,3,0,0,956.5,168.280255484248,6.63428455548899,93,,
2019,8,2,6,0,14.2,-65,0,1.2,33,0,107,0,0,956.9,169.49953554952,6.02264160086425,80,,
2019,8,2,7,0,16.6,-56,0,0.7,50,0,302,0,0,957.5,169.725555056719,4.62088026372243,68,,
2019,8,2,8,0,18.9,-46,0,0.7,58,0,482,0,0,958,168.208171083754,4.64480444690653,57,,
2019,8,2,9,0,20.9,-32,0,0.7,62,525.47,617,72.63,0,957.6,163.954397906416,5.51149997503817,49,,
2019,8,2,10,0,22.5,-13,0,0.7,63,849.79,695,305.14,0,956.6,159.118891438628,5.87370952199205,44,,
2019,8,2,11,0,23.7,8,0,0.7,63,954.17,705,520.43,0,955.4,157.296002161781,8.32847465727571,43,,
2019,8,2,12,0,24.4,27,0,0.7,61,1003.04,645,690.08,0,954.7,162.252161965994,9.80202853949535,47,,
2019,8,2,13,0,24.7,42,0,0.7,58,1026.65,522,798.73,0,954.4,154.156967460387,9.15781572968822,55,,
2019,8,2,14,0,24.6,54,0,0.6,53,1032.44,352,836.07,0,954.3,154.947813475387,9.99877034644686,65,,
2019,8,2,15,0,24,63,0,0.5,40,1024.52,156,800.41,0,954.5,161.795700990945,11.7146182221289,77,,
2019,8,2,16,0,22.1,70,0,0.4,10,1000.73,14,694.72,0,954.9,165.646594697112,13.6437176472389,89,,
2019,8,2,17,0,20.1,75,0,0.3,0,953.35,0,528.3,0,955.2,168.198260115715,14.3213712938502,102,,
2019,8,2,18,0,19.1,81,0,0.2,0,852.9,0,315.37,0,955.4,168.600225603259,14.4439340330282,116,,
2019,8,2,19,0,18.2,86,0,0.1,0,560.29,0,84.06,0,956,172.529248962541,14.4770483272925,129,,
2019,8,2,20,0,17.4,92,0,-0.1,0,0,0,0,0,956.7,175.236484516877,14.8586977449212,143,,
2019,8,2,21,0,16.7,101,0,-0.4,0,0,0,0,0,956.9,175.98403026955,14.4404196475476,156,,
2019,8,2,22,0,16,127,0,-0.6,0,0,0,0,0,956.8,174.226134739877,14.325225603578,169,,
2019,8,2,23,0,15.3,-145,0,-1.2,0,0,0,0,0,956.3,173.974818773365,14.0292447206143,171,,
2019,8,3,0,0,14.8,-105,0,-2.8,0,0,0,0,0,955.8,173.509614334208,13.7195011962413,160,,
2019,8,3,1,0,14.3,-94,0,-4.5,0,0,0,0,0,955.9,180.422224432599,13.7883790438407,146,,
2019,8,3,2,0,13.7,-87,0,-5.2,0,0,0,0,0,956.3,179.578078581117,12.160049015835,133,,
2019,8,3,3,0,12.9,-82,0,-5.5,0,0,0,0,0,956.5,179.6655970004,12.0235962917833,119,,
2019,8,3,4,0,12.2,-77,0,-5.9,0,0,0,0,0,956.5,180.264061047082,11.0235085786004,106,,
2019,8,3,5,0,11.8,-71,0,-6.2,3,0,3,0,0,956.7,180.275993769399,10.5469053757566,93,,
2019,8,3,6,0,13,-65,0,-6.6,32,0,113,0,0,957.3,180.721805097089,9.92257039112459,80,,
2019,8,3,7,0,15.5,-57,0,-6.9,48,0,310,0,0,958,177.775918089114,8.3538802931218,68,,
2019,8,3,8,0,17.7,-46,0,-7.3,55,0,492,0,0,958.3,174.443867030623,8.51258089654434,57,,
2019,8,3,9,0,19.6,-32,0,-7.4,58,530.64,631,74.78,0,957.7,175.580585289956,9.07376204199482,49,,
2019,8,3,10,0,21.2,-13,0,-7.2,60,840.96,710,304.9,0,956.6,178.899653247239,10.3728915703834,43,,
2019,8,3,11,0,22.2,8,0,-6.9,60,945.65,720,519.24,0,955.5,181.596870251172,11.7779656121655,43,,
2019,8,3,12,0,22.9,27,0,-6.4,58,994.75,661,688.09,0,954.5,181.43850387026,13.0742949477101,47,,
2019,8,3,13,0,23.5,43,0,-5.9,53,1018.63,541,796.33,0,953.9,177.847849677379,12.4773672259381,55,,
2019,8,3,14,0,23.6,54,0,-5.7,47,1025.98,369,834.56,0,953.8,178.862481380305,13.5688273389227,65,,
2019,8,3,15,0,23,63,0,-5.8,36,1019.56,169,800.01,0,954.1,180.245008896157,13.7614536280416,76,,
2019,8,3,16,0,20.9,70,0,-6.3,9,997.29,17,695.43,0,954.4,181.528075963484,14.3640232332562,89,,
2019,8,3,17,0,18.8,76,0,-7.2,0,949.26,0,528.78,0,954.6,182.621970485967,14.9487606547851,102,,
2019,8,3,18,0,17.7,81,0,-8.2,0,848.13,0,315.89,0,954.9,186.75482808162,15.6116528639547,115,,
2019,8,3,19,0,16.9,86,0,-9.6,0,557.02,0,85.01,0,955.3,190.727343795737,13.8944959863373,129,,
2019,8,3,20,0,16.2,92,0,-11.2,0,0,0,0,0,955.6,193.084585199572,14.0635942227854,143,,
2019,8,3,21,0,15.5,101,0,-12.4,0,0,0,0,0,955.5,193.335774632542,14.2264456229786,156,,
2019,8,3,22,0,14.9,128,0,-13,0,0,0,0,0,955.3,196.27150391889,14.0256079527852,169,,
2019,8,3,23,0,14.4,-146,0,-13.3,0,0,0,0,0,954.9,198.330409760457,13.9982965266431,171,,
2019,8,4,0,0,13.9,-105,0,-13.4,0,0,0,0,0,954.5,199.614387040755,13.9986958130842,160,,
2019,8,4,1,0,13.4,-94,0,-13.5,0,0,0,0,0,954.3,200.005730675247,13.2101246110336,146,,
2019,8,4,2,0,13.1,-88,0,-13.6,0,0,0,0,0,954.4,189.488663688866,10.8550181030359,133,,
2019,8,4,3,0,12.7,-82,0,-13.8,0,0,0,0,0,954.5,187.942012531822,9.84036345141384,119,,
2019,8,4,4,0,12.3,-77,0,-14,0,0,0,0,0,954.6,181.649111894919,7.87424016382905,106,,
2019,8,4,5,0,12,-72,0,-14.1,3,0,4,0,0,954.9,181.316756330183,7.65041173882805,92,,
2019,8,4,6,0,13.4,-65,0,-13.5,33,0,116,0,0,955.2,184.741097016836,8.17636811347013,80,,
2019,8,4,7,0,16.2,-57,0,-12.8,48,0,315,0,0,955.7,186.298885268814,8.90132374843868,68,,
2019,8,4,8,0,18.6,-46,0,-12.4,56,0,499,0,0,956.3,186.199120487535,8.5735241459008,57,,
2019,8,4,9,0,20.6,-32,0,-11.6,59,539.29,637,77.37,0,956.2,185.991891891086,8.6448166810212,48,,
2019,8,4,10,0,21.9,-13,0,-10,60,847.39,715,309.39,0,955.2,186.179853813006,9.07208930079504,43,,
2019,8,4,11,0,22.9,8,0,-8.1,60,949.49,725,524.06,0,953.8,187.408496934191,9.3002250631595,42,,
2019,8,4,12,0,23.6,27,0,-6.7,58,996.89,666,692.63,0,952.7,189.334998463138,9.24746586909084,47,,
2019,8,4,13,0,23.9,43,0,-5.4,54,1019.32,546,800.14,0,952.1,190.805014140723,9.31351217398939,54,,
2019,8,4,14,0,24,54,0,-4.6,48,1025.46,372,837.46,0,952.1,192.530410714342,9.88381416952982,65,,
2019,8,4,15,0,23.6,63,0,-4.2,37,1017.86,171,801.93,0,952.4,193.418193391776,11.5134881766368,76,,
2019,8,4,16,0,20.8,70,0,-3.8,9,994.4,18,696.48,0,952.5,191.341567572802,12.593510264224,89,,
2019,8,4,17,0,18.1,76,0,-4,0,944.74,0,529.05,0,952.4,191.850833290139,12.9156384746462,102,,
2019,8,4,18,0,17.7,81,0,-4.8,0,841.8,0,315.89,0,952.9,194.041137147193,13.5085038652138,115,,
2019,8,4,19,0,17,86,0,-5.8,0,552.02,0,85.74,0,953.8,194.685107917414,12.7437733251551,129,,
2019,8,4,20,0,16.6,93,0,-6.9,0,0,0,0,0,954.3,195.414038395565,13.0952979179239,143,,
2019,8,4,21,0,16.1,102,0,-8.2,0,0,0,0,0,954.3,194.912627975734,13.7068997023394,156,,
2019,8,4,22,0,15.3,129,0,-9.3,0,0,0,0,0,953.7,195.661595857503,13.8045486372101,169,,
2019,8,4,23,0,14.7,-147,0,-10.1,0,0,0,0,0,953,197.060969585851,13.3808768512996,171,,
2019,8,5,0,0,14.4,-106,0,-10.5,0,0,0,0,0,952.4,198.777143994751,13.2760183186606,160,,
2019,8,5,1,0,14.2,-95,0,-10.6,0,0,0,0,0,952,201.535690572399,12.7905775045973,146,,
2019,8,5,2,0,13.9,-88,0,-10.7,0,0,0,0,0,951.7,198.076222947061,11.168167150665,133,,
2019,8,5,3,0,13.6,-83,0,-10.7,0,0,0,0,0,951.5,196.102528236568,10.0138531025837,119,,
2019,8,5,4,0,13.4,-77,0,-10.8,0,0,0,0,0,951.5,196.701973041363,8.08715481221454,105,,
2019,8,5,5,0,13.2,-72,0,-10.5,3,0,4,0,0,951.7,194.81212699063,7.1355094791452,92,,
2019,8,5,6,0,15.1,-65,0,-9.7,32,0,121,0,0,952.1,196.09005119714,6.58203175878133,80,,
2019,8,5,7,0,18.5,-57,0,-8.8,47,0,324,0,0,952.5,205.216681811375,6.16135401489982,68,,
2019,8,5,8,0,21.2,-46,0,-8.2,54,0,510,0,0,952.8,204.550987866454,5.7159654899144,57,,
2019,8,5,9,0,23.1,-32,0,-6.6,58,541.58,648,79.36,0,952.8,202.503970887573,5.03152716342819,48,,
2019,8,5,10,0,23.9,-13,0,-5.1,63,845.52,721,311.39,0,952,198.825145718661,5.27832851782619,43,,
2019,8,5,11,0,24.5,8,0,-5.1,64,947.54,729,526.12,0,950.5,195.480183754789,6.65934398550696,42,,
2019,8,5,12,0,25,27,0,-5.7,62,995.17,670,694.81,0,949.4,193.321113962579,7.05269591475736,46,,
2019,8,5,13,0,25.4,43,0,-6.2,55,1017.94,551,802.52,0,949.2,193.622980674895,7.2142902513197,54,,
2019,8,5,14,0,25.6,55,0,-6.5,49,1024.27,376,839.91,0,949.1,193.629755996879,8.27168142946343,65,,
2019,8,5,15,0,25.2,63,0,-6.4,37,1016.88,174,804.4,0,949,196.816184178034,9.26306647428163,76,,
2019,8,5,16,0,22.9,70,0,-6.5,9,993.68,18,698.93,0,949.3,203.298296580899,9.70949179503197,89,,
2019,8,5,17,0,20.3,76,0,-6.8,0,947.51,0,532.94,0,949.6,201.312394683477,10.7591838545876,102,,
2019,8,5,18,0,19.1,81,0,-6.6,0,848.96,0,320.19,0,950.1,203.713481095264,12.0056157564757,115,,
2019,8,5,19,0,17.9,87,0,-5.9,0,565.44,0,88.58,0,950.5,207.296347317174,10.9626919798982,129,,
2019,8,5,20,0,16.8,93,0,-5.5,0,0,0,0,0,950.7,213.084656395879,11.7715110621185,143,,
2019,8,5,21,0,16,103,0,-5.3,0,0,0,0,0,950.6,220.784574033862,12.1334977781723,156,,
2019,8,5,22,0,15,130,0,-4.3,0,0,0,0,0,950.5,226.211146978356,12.9486821749423,168,,
2019,8,5,23,0,14.9,-147,0,-2,0,0,0,0,0,950.2,230.590698682238,13.8373426652539,171,,
2019,8,6,0,0,15.1,-107,0,0.8,0,0,0,0,0,949.7,235.379214143232,13.6608864471973,160,,
2019,8,6,1,0,14.4,-95,0,3.5,0,0,0,0,0,949.5,241.852236989527,10.9955785624581,146,,
2019,8,6,2,0,13.8,-88,0,5.2,0,0,0,0,0,949.6,236.897322688197,9.35456975909484,132,,
2019,8,6,3,0,13.3,-83,0,5.7,0,0,0,0,0,949.8,235.591632141969,7.33403279211323,119,,
2019,8,6,4,0,12.9,-78,0,5.8,0,0,0,0,0,949.9,240.590237997038,6.05350584392587,105,,
2019,8,6,5,0,12.7,-72,0,5.9,4,0,4,0,0,949.9,240.105749124597,5.56458130649144,92,,
2019,8,6,6,0,14.1,-65,0,6.1,34,0,116,0,0,950.2,239.455490472404,5.31120744324708,79,,
2019,8,6,7,0,16.5,-57,0,6.1,51,0,310,0,0,950.7,251.485849490218,5.35114275195777,67,,
2019,8,6,8,0,18.4,-47,0,5.8,60,0,489,0,0,951.2,257.899253653969,4.88186405512852,57,,
2019,8,6,9,0,20,-32,0,5.2,66,548.45,623,81.92,0,951.1,257.111779616311,4.5881768683716,48,,
2019,8,6,10,0,21.3,-13,0,4.4,69,842.4,698,313.05,0,950.2,254.836656912852,4.76343066517075,43,,
2019,8,6,11,0,22.4,8,0,3.6,70,945.34,707,528.11,0,948.9,251.433220384196,4.77174567130695,42,,
2019,8,6,12,0,22.8,28,0,3.1,69,994.07,648,697.44,0,948.2,251.208824271234,5.33517504181913,46,,
2019,8,6,13,0,22.9,43,2.9,2.8,101,1018.01,475,805.98,0,948,243.973144620161,5.79490874369499,54,,
2019,8,6,14,0,22.9,55,7.7,2.4,119,1024.16,265,843.2,0,947.9,232.01235755123,5.59090299539257,64,,
2019,8,6,15,0,22.2,64,9.9,2.5,78,1016.64,108,807.42,0,948,225.057997368788,5.61808965923061,76,,
2019,8,6,16,0,20.7,71,1.3,3,12,993.34,14,701.62,0,948.1,235.398986687033,5.58551842706545,89,,
2019,8,6,17,0,19.3,76,2.6,3.8,0,946.64,0,535.02,0,948.5,246.284682472141,5.27354057520142,102,,
2019,8,6,18,0,18.1,82,3.6,4.4,0,847.73,0,321.82,0,949,237.696035918261,5.61980629914415,115,,
2019,8,6,19,0,16.9,87,0,4.3,0,565.88,0,89.94,0,949.7,238.109988564708,6.73514291001437,129,,
2019,8,6,20,0,16.1,93,0,3.3,0,0,0,0,0,950.3,241.918658536118,7.78319346845638,143,,
2019,8,6,21,0,15.7,103,0,2.1,0,0,0,0,0,950.6,243.617845924351,8.80766558467824,156,,
2019,8,6,22,0,15.1,131,0,1.1,0,0,0,0,0,950.6,249.300099201295,9.3702487984211,168,,
2019,8,6,23,0,14.4,-148,0,0.8,0,0,0,0,0,950.4,259.353516011279,9.6820173573165,170,,
2019,8,7,0,0,13.7,-107,0,1.1,0,0,0,0,0,950.1,265.813048446072,9.46641792109669,159,,
2019,8,7,1,0,13,-96,0,1.8,0,0,0,0,0,949.9,271.247693918392,8.4431551229515,146,,
2019,8,7,2,0,12.5,-89,0,2.3,0,0,0,0,0,950.1,275.953283409716,8.06285491979366,132,,
2019,8,7,3,0,12,-83,0,2.4,0,0,0,0,0,950.5,281.279309943831,5.63217498034322,119,,
2019,8,7,4,0,11.5,-78,0,2.4,0,0,0,0,0,951,280.716283885665,4.57987303598934,105,,
2019,8,7,5,0,11.1,-72,0,2.3,4,0,5,0,0,951.5,280.442358386345,5.10799135993018,92,,
2019,8,7,6,0,12.2,-66,0,2.9,34,0,123,0,0,952.3,288.886492935608,5.17711881516885,79,,
2019,8,7,7,0,14.4,-58,0,4,51,0,323,0,0,953,298.020172706392,4.4735785851348,67,,
2019,8,7,8,0,16.3,-47,0,4.4,59,0,506,0,0,953.2,306.710986164713,4.77034004646569,56,,
2019,8,7,9,0,17.9,-32,0,3.9,63,516.86,643,80.32,0,953,314.223386068938,5.09106780394458,48,,
2019,8,7,10,0,18.9,-13,0,3.1,62,807.63,722,304.88,0,952.3,320.593428667489,5.47019941449924,42,,
2019,8,7,11,0,19.7,8,0,2.2,61,908.74,732,513.24,0,951.3,339.069705610445,6.15621328104006,42,,
2019,8,7,12,0,20.1,28,0,1.5,59,954.95,674,676.15,0,950.7,10.0521945153694,7.40645714264219,46,,
2019,8,7,13,0,20.3,43,0,0.5,55,976.15,554,779.34,0,950.4,7.66102294743092,6.50322150642443,54,,
2019,8,7,14,0,20.3,55,0,-0.6,49,981.67,381,814.73,0,950.3,5.92463404967981,5.97710102595879,64,,
2019,8,7,15,0,19.5,64,0,-1.4,36,972.82,180,779.04,0,950.7,4.2106169670443,6.06314812335368,76,,
2019,8,7,16,0,17.9,71,0,-2,9,947.45,21,675.4,0,951.3,3.80476190527173,5.23815361030496,89,,
2019,8,7,17,0,16.1,77,0,-2.6,0,389.61,0,421.16,0,951.9,4.43935145766295,4.18837008783283,102,,
2019,8,7,18,0,15,82,0,-3.1,0,260.31,0,228.95,0,952.4,6.43824423393829,3.79734021647115,115,,
2019,8,7,19,0,14.1,87,0,-3,0,515.27,0,85.29,0,952.8,359.6326555835,3.64846649280009,129,,
2019,8,7,20,0,13.3,94,0,-2.3,0,0,0,0,0,953.4,355.935661509901,3.85728799031031,142,,
2019,8,7,21,0,12.7,104,0,-2,0,0,0,0,0,953.8,346.089741179709,4.35430522960688,156,,
2019,8,7,22,0,12,132,0,-2,0,0,0,0,0,953.6,339.075498255079,4.55006868080032,168,,
2019,8,7,23,0,11.4,-148,0,-2,0,0,0,0,0,953.4,342.992636271918,4.64846504204439,170,,
2019,8,8,0,0,10.6,-108,0,-2,0,0,0,0,0,953.3,340.207949474768,3.67001287551076,159,,
2019,8,8,1,0,9.9,-96,0,-2.1,0,0,0,0,0,953.4,323.165652440012,4.2359659113294,146,,
2019,8,8,2,0,9.4,-89,0,-2.2,0,0,0,0,0,953.7,322.015500755089,4.04367407340717,132,,
2019,8,8,3,0,8.9,-83,0,-2.3,0,0,0,0,0,953.9,304.022841847736,4.4680886348818,119,,
2019,8,8,4,0,8.3,-78,0,-2.2,0,0,0,0,0,954.3,313.944993529725,6.59716384331544,105,,
2019,8,8,5,0,7.8,-73,0,-2,4,0,6,0,0,955,324.975022284298,8.276220359965,92,,
2019,8,8,6,0,9.2,-66,0,-1.6,33,0,132,0,0,955.5,329.496724394673,9.2579006142413,79,,
2019,8,8,7,0,11.7,-58,0,-1,50,0,337,0,0,955.8,346.226994935186,10.090953911967,67,,
2019,8,8,8,0,13.8,-47,0,-0.8,58,0,523,0,0,956.2,350.187948602846,11.1632958499209,56,,
2019,8,8,9,0,15.7,-32,0,-1.1,63,0,662,33.39,0,956.1,355.146518331315,11.866746135764,47,,
2019,8,8,10,0,17.3,-13,0,-1.9,65,27.6,740,132.05,0,955.5,8.02170668581704,11.558269044649,42,,
2019,8,8,11,0,18.5,8,0,-2.7,65,44.93,748,329.07,0,954.5,15.1050485669439,12.741010319385,41,,
2019,8,8,12,0,19.3,28,0,-3.7,63,212.15,690,490.23,0,953.5,23.7713960958316,13.0525386272272,46,,
2019,8,8,13,0,19.8,44,0,-4.6,58,504.01,567,661.7,0,952.9,22.9753888486795,9.74568723752692,54,,
2019,8,8,14,0,19.9,55,0,-5.1,51,122.85,391,574.02,0,952.8,27.9374898223913,9.82026517046181,64,,
2019,8,8,15,0,19.3,64,0,-5.3,38,966.13,186,777.22,0,953,40.4555564536153,10.7087524292729,76,,
2019,8,8,16,0,17.3,71,0,-5.2,10,464.34,22,573.14,0,953.5,47.7535156757056,10.9694562010059,89,,
2019,8,8,17,0,15.2,77,0,-5.3,0,39.63,0,246.55,0,953.9,61.9426282893387,11.2286017504096,102,,
2019,8,8,18,0,14.1,82,0,-5.7,0,67.95,0,106.89,0,954.3,61.2301836781035,8.96937720519897,115,,
2019,8,8,19,0,13.2,88,0,-6,0,0,0,36.21,0,955,59.9264042518788,6.92320681224348,129,,
2019,8,8,20,0,12.5,94,0,-6.1,0,0,0,0,0,955.5,67.9682816255468,5.97860558563849,142,,
2019,8,8,21,0,11.8,105,0,-6.2,0,0,0,0,0,955.7,75.5260843733058,5.67537046365544,156,,
2019,8,8,22,0,11.1,133,0,-6.2,0,0,0,0,0,955.6,75.926788109605,5.64116641304101,168,,
2019,8,8,23,0,10.3,-149,0,-6.1,0,0,0,0,0,955.1,78.3861333496268,5.20338252731401,170,,
2019,8,9,0,0,9.8,-109,0,-5.9,0,0,0,0,0,955,96.9303961202928,4.75255482814382,159,,
2019,8,9,1,0,9.2,-96,0,-5.6,0,0,0,0,0,954.9,122.182991737155,3.51136853158026,146,,
2019,8,9,2,0,8.7,-89,0,-5.3,0,0,0,0,0,954.6,133.307861430831,3.74598402317595,132,,
2019,8,9,3,0,8.1,-84,0,-5,0,0,0,0,0,954.5,141.612033270153,4.00644719568904,119,,
2019,8,9,4,0,7.6,-78,0,-4.6,0,0,0,0,0,954.9,148.215218622979,3.55206396271641,105,,
2019,8,9,5,0,7.3,-73,0,-4.3,4,0,7,0,0,955.5,165.223262670483,2.63389372128587,92,,
2019,8,9,6,0,9,-66,0,-3.8,31,0,139,0,0,956.4,188.893163580451,2.12311061983271,79,,
2019,8,9,7,0,12.1,-58,0,-3.6,46,0,349,0,0,956.9,130.130920355765,0.61810558246497,67,,
2019,8,9,8,0,14.6,-47,0,-3.8,53,0,538,0,0,956.7,54.5045607461823,0.51805801341102,56,,
2019,8,9,9,0,16.6,-33,0,-4.5,57,0,680,37.23,0,956.2,355.743018871121,1.05371128005141,47,,
2019,8,9,10,0,18.1,-14,0,-5.4,58,90.75,758,109.61,0,955.4,23.2206015814274,0.871392595971304,42,,
2019,8,9,11,0,19.3,8,0,-6,59,395.73,766,426.39,0,954.4,108.31662357736,1.11881769408439,41,,
2019,8,9,12,0,20.1,28,0,-6.6,58,130.46,703,511.61,0,953.8,128.911240960452,2.26356855040238,45,,
2019,8,9,13,0,20.5,44,0,-7.1,55,96.01,576,528.78,0,953.6,190.925828705124,3.73137785498695,53,,
2019,8,9,14,0,20.5,56,0,-7.3,49,118.2,397,576,0,953.3,200.423407042936,5.85605051007776,64,,
2019,8,9,15,0,19.8,64,0,-7.1,38,66.78,188,389.92,0,953.2,200.534763198145,5.74750576458728,76,,
2019,8,9,16,0,17.7,71,0,-6.8,10,92.75,22,189.84,0,953.6,200.834893698327,5.94268636949708,88,,
2019,8,9,17,0,15.6,77,0,-6.5,0,18.43,0,304.14,0,954.3,207.623375514624,7.02682932468712,102,,
2019,8,9,18,0,14.6,83,0,-6.3,0,265.29,0,235.04,0,955,214.643911288594,6.74126756961993,115,,
2019,8,9,19,0,13.9,88,0,-6.1,0,0,0,36.49,0,955.5,225.5054937041,4.77547971332498,129,,
2019,8,9,20,0,13.3,95,0,-5.9,0,0,0,0,0,955.9,228.824082750862,4.35959895857609,142,,
2019,8,9,21,0,12.6,105,0,-5.8,0,0,0,0,0,955.9,232.810991479802,4.21219738440215,156,,
2019,8,9,22,0,12,134,0,-5.8,0,0,0,0,0,955.6,248.642082410573,3.76241017676266,168,,
2019,8,9,23,0,11.4,-150,0,-5.7,0,0,0,0,0,955.1,258.274262379771,3.78214421481507,170,,
2019,8,10,0,0,11,-109,0,-5.7,0,0,0,0,0,955,246.915837586476,3.29528797357345,159,,
2019,8,10,1,0,10.5,-97,0,-5.5,0,0,0,0,0,954.8,237.215485024568,3.48971265084008,146,,
2019,8,10,2,0,9.9,-90,0,-4.9,0,0,0,0,0,954.6,229.965369658165,3.87286390338709,132,,
2019,8,10,3,0,9.4,-84,0,-4.1,0,0,0,0,0,954.7,193.255336289453,2.93303605221664,118,,
2019,8,10,4,0,8.8,-79,0,-3.3,0,0,0,0,0,955,177.933881586258,2.59525323190885,105,,
2019,8,10,5,0,8.6,-73,0,-2.4,4,0,7,0,0,955.5,159.339472000426,0.985140003938482,92,,
2019,8,10,6,0,10.1,-66,0,-1.6,34,0,136,0,0,956.3,77.2156995987374,1.25366560009193,79,,
2019,8,10,7,0,12.8,-58,0,-0.9,50,0,342,0,0,957,40.6121651987776,1.87820056391885,67,,
2019,8,10,8,0,15.2,-47,0,-0.6,58,0,529,0,0,957,39.8436448716862,2.18261739183773,56,,
2019,8,10,9,0,17.1,-33,0,-0.8,62,488.61,668,82.42,0,956.2,53.3660196329873,3.01793454188606,47,,
2019,8,10,10,0,18.7,-14,0,-0.7,65,17.39,744,170.74,0,955.3,78.5910686519547,4.93710015705303,41,,
2019,8,10,11,0,20.1,8,0,-0.9,65,59.98,752,99.04,0,954.3,99.2515911935734,6.4860479950791,41,,
2019,8,10,12,0,21,28,0,-1.5,62,63.32,691,152.38,0,953.5,98.1291836238788,6.49028428085491,45,,
2019,8,10,13,0,21.4,44,0,-1.9,57,87.1,568,198.3,0,953.1,113.111955934934,6.03001879264103,53,,
2019,8,10,14,0,21.2,56,0,-2.1,50,52.91,393,377.22,0,952.8,110.312866577102,5.8054753234274,64,,
2019,8,10,15,0,20.5,65,0,-2,37,47.45,187,374.77,0,952.7,115.608119251472,4.7076713726839,76,,
2019,8,10,16,0,18.5,72,0,-2,10,932.45,23,673.89,0,953,126.300663913692,4.39999114493564,88,,
2019,8,10,17,0,16.4,77,0,-2,0,894.05,0,518.45,0,953.5,126.690183341268,4.98737212055549,101,,
2019,8,10,18,0,15.2,83,0,-2.3,0,805.66,0,316.17,0,954.3,120.065969753715,5.14470569504396,115,,
2019,8,10,19,0,14.4,89,0,-2.4,0,547.27,0,92.89,0,955,108.365279208591,4.37448181275533,129,,
2019,8,10,20,0,13.6,95,0,-2.5,0,0,0,0,0,955.2,108.800507291284,3.80382006992498,142,,
2019,8,10,21,0,13,106,0,-2.5,0,0,0,0,0,954.8,107.700369325656,3.11953148122256,156,,
2019,8,10,22,0,12.3,135,0,-2.2,0,0,0,0,0,954.3,90.5317628606835,2.87438790290874,168,,
2019,8,10,23,0,11.7,-150,0,-1.7,0,0,0,0,0,954.2,82.4289969592323,3.38439783940935,170,,
2019,8,11,0,0,11.2,-110,0,-1.1,0,0,0,0,0,954.3,92.3837492033915,4.11247372628175,159,,
2019,8,11,1,0,10.8,-97,0,-0.6,0,0,0,0,0,954,107.710707014019,6.67529291725615,146,,
2019,8,11,2,0,10.3,-90,0,-0.3,0,0,0,0,0,953.8,120.936034878633,7.12677942779944,132,,
2019,8,11,3,0,9.7,-84,0,0,0,0,0,0,0,953.6,123.648204864987,7.35292133109136,118,,
2019,8,11,4,0,9.3,-79,0,0.4,0,0,0,0,0,953.6,122.49266179163,7.25698542125348,105,,
2019,8,11,5,0,9,-73,0,0.9,4,0,7,0,0,954.1,124.299822979338,7.22985958484262,91,,
2019,8,11,6,0,10.3,-67,0,1.3,33,0,139,0,0,955.2,125.342933371413,7.4752417558402,79,,
2019,8,11,7,0,12.8,-58,0,1.8,49,0,344,0,0,955.7,126.592176737276,7.25395926974354,66,,
2019,8,11,8,0,15.4,-48,0,2,59,0,528,0,0,955.6,125.21607244592,7.28190737973906,55,,
2019,8,11,9,0,18.1,-33,0,1.3,65,593.07,662,97.14,0,955,127.903843860837,7.44572976881219,47,,
2019,8,11,10,0,20.2,-14,0,-0.1,69,868.54,734,335.72,0,953.9,131.312025587464,7.6863197977782,41,,
2019,8,11,11,0,21.5,8,0,-1,71,964.68,737,554.18,0,953,133.773374817649,8.12505956902147,41,,
2019,8,11,12,0,22.4,29,0,-1,70,1010.41,674,725.41,0,952.4,138.903396881729,8.11695639611342,45,,
2019,8,11,13,0,22.7,45,0,-0.7,66,1032.44,549,834.3,0,951.9,135.17153855617,7.42413412132645,53,,
2019,8,11,14,0,22.8,56,0,-0.5,58,1038.41,375,871.44,0,951.5,137.539026809934,7.67172677248585,64,,
2019,8,11,15,0,22.8,65,0,-0.2,43,1031.15,176,834.4,0,951.5,143.131155518762,8.00701221873485,76,,
2019,8,11,16,0,19.9,72,0,0.1,11,1008.57,21,726.22,0,951.7,150.576105717595,8.15708418350157,88,,
2019,8,11,17,0,17.3,78,0,-0.1,0,963.5,0,556.3,0,952.3,151.624011278841,7.95508491670502,101,,
2019,8,11,18,0,17.3,83,0,-1.3,0,868.68,0,338.86,0,953,152.782780769738,7.66850328349248,115,,
2019,8,11,19,0,16.9,89,0,-2.2,0,601.77,0,100.92,0,953.6,161.54782987607,7.6872407157592,129,,
2019,8,11,20,0,16,96,0,-2.6,0,0,0,0,0,954.1,165.400883859952,8.38285722642257,142,,
2019,8,11,21,0,15.2,107,0,-2.9,0,0,0,0,0,954.3,168.624155646078,9.34662452473307,156,,
2019,8,11,22,0,14.5,136,0,-3.3,0,0,0,0,0,954.2,168.895044289326,10.0783195181201,167,,
2019,8,11,23,0,13.9,-151,0,-3.7,0,0,0,0,0,953.9,171.175555046774,10.514067951249,169,,
2019,8,12,0,0,13.1,-111,0,-4,0,0,0,0,0,953.4,172.473326176539,10.4050675823562,159,,
2019,8,12,1,0,12.6,-98,0,-4,0,0,0,0,0,953.1,169.182140015338,9.28115903695974,145,,
2019,8,12,2,0,12.1,-90,0,-3.8,0,0,0,0,0,953.1,165.287449271776,8.35130239906428,132,,
2019,8,12,3,0,11.6,-85,0,-3.4,0,0,0,0,0,953.2,163.876848903971,8.81948381248438,118,,
2019,8,12,4,0,11.1,-79,0,-3,0,0,0,0,0,953.4,160.338920970541,8.54496002718718,105,,
2019,8,12,5,0,10.9,-73,0,-2.8,5,0,7,0,0,954,160.170155372258,8.47512670231037,91,,
2019,8,12,6,0,12.7,-67,0,-2.7,36,0,133,0,0,954.6,161.775704197741,8.39361499118314,78,,
2019,8,12,7,0,15.8,-59,0,-2.6,53,0,336,0,0,955.2,164.105023210045,7.30260421062468,66,,
2019,8,12,8,0,18.9,-48,0,-2.5,62,0,520,0,0,955.6,164.794210651752,7.14866633578227,55,,
2019,8,12,9,0,21.5,-33,0,-2.2,68,605.44,657,100.9,0,955,167.014498115355,7.23172011621318,46,,
2019,8,12,10,0,23.2,-14,0,-1.6,73,873.6,730,340.47,0,953.6,168.346640865551,7.67762483604314,41,,
2019,8,12,11,0,24,9,0,-1.6,73,968.63,738,559.68,0,952.2,167.556246572977,7.90425262855677,40,,
2019,8,12,12,0,24.5,29,0,-2.3,71,1013.98,678,731.41,0,951.6,167.607173506438,8.51866664431579,45,,
2019,8,12,13,0,24.8,45,0,-2.9,63,1035.84,558,840.53,0,951.4,164.869774111658,8.44099811851943,53,,
2019,8,12,14,0,24.9,56,0,-3.3,56,1042.6,383,878.25,0,951.2,165.749646000396,9.15675907291561,63,,
2019,8,12,15,0,24.7,65,0,-3.2,42,1036.21,181,841.5,0,951.3,171.872487439672,10.279048189183,75,,
2019,8,12,16,0,21.5,72,0,-2.8,12,1014.67,21,733.2,0,951.5,180.750343891046,11.0243368547457,88,,
2019,8,12,17,0,18.6,78,0,-2.9,0,969.82,0,562.13,0,952.1,185.038443995872,11.3406031655275,101,,
2019,8,12,18,0,19,84,0,-3.4,0,875.84,0,343.3,0,952.8,186.615427662512,11.4942932999921,115,,
2019,8,12,19,0,19.1,89,0,-3.5,0,611.84,0,103.54,0,953.2,189.512561200044,9.5253496055342,128,,
2019,8,12,20,0,18,96,0,-3.4,0,0,0,0,0,953.1,192.157693100291,9.73777225365734,142,,
2019,8,12,21,0,16.8,107,0,-3.4,0,0,0,0,0,952.7,194.137411085516,9.74017780871915,156,,
2019,8,12,22,0,15.9,137,0,-3.5,0,0,0,0,0,952.3,196.934739986147,9.8977611847163,167,,
2019,8,12,23,0,15.2,-151,0,-3.8,0,0,0,0,0,952.1,198.870876200602,9.31269021635819,169,,
2019,8,13,0,0,14.6,-112,0,-4.3,0,0,0,0,0,952,199.364801403808,8.86016530169412,159,,
2019,8,13,1,0,14.2,-98,0,-4.7,0,0,0,0,0,951.9,196.116164258895,7.86728832860712,145,,
2019,8,13,2,0,13.8,-91,0,-5,0,0,0,0,0,952,187.87080463886,7.16102741507561,132,,
2019,8,13,3,0,13.4,-85,0,-5.2,0,0,0,0,0,952,184.772311823745,6.62053947748889,118,,
2019,8,13,4,0,13,-80,0,-5.2,0,0,0,0,0,952,183.22832598104,6.65895897471772,104,,
2019,8,13,5,0,12.9,-74,0,-5.2,5,0,7,0,0,952.3,186.944997176474,6.62278923453586,91,,
2019,8,13,6,0,14.9,-67,0,-5.1,37,0,134,0,0,952.8,189.163515548864,6.27933340320758,78,,
2019,8,13,7,0,18.1,-59,0,-4.9,54,0,337,0,0,953.2,183.662612160346,4.70881343050541,66,,
2019,8,13,8,0,21.1,-48,0,-4.5,63,0,520,0,0,953.5,175.900566848401,4.53499433404364,55,,
2019,8,13,9,0,23.6,-33,0,-3.7,68,589.72,656,101.18,0,953,171.287518541171,5.10569811171601,46,,
2019,8,13,10,0,25.1,-14,0,-2.7,70,853.1,733,336.71,0,951.9,171.294075722645,5.93534312420022,41,,
2019,8,13,11,0,26.1,9,0,-1.9,70,947.96,741,552.54,0,950.6,170.797557974675,5.78905309217206,40,,
2019,8,13,12,0,26.7,29,0,-1.6,68,992.66,680,721.16,0,949.8,173.480693799227,5.9522297199978,44,,
2019,8,13,13,0,27,45,0,-1.5,62,1013.83,557,827.91,0,949.5,188.854766134565,6.04055923249549,53,,
2019,8,13,14,0,27.2,57,1.5,-1.5,67,1019.13,365,863.71,0,949.4,188.251804599978,7.34948166901319,63,,
2019,8,13,15,0,26.7,65,0.9,-1.3,45,1010.96,176,826.08,0,949.5,188.633161267287,7.98890848919594,75,,
2019,8,13,16,0,24.2,72,2.1,-1.1,15,987.21,17,718.19,0,949.5,192.434362654358,7.52819497626827,88,,
2019,8,13,17,0,21.8,78,0,-1,0,940.94,0,549.73,0,949.7,195.830788708011,8.1326548188885,101,,
2019,8,13,18,0,21.1,84,0,-0.9,0,844.15,0,334.64,0,950.4,195.290540882462,9.64212617142716,115,,
2019,8,13,19,0,20.3,90,0,-0.5,0,578.44,0,100.56,0,951,194.893188401453,8.54094009411977,128,,
2019,8,13,20,0,19.7,97,0,0.2,0,0,0,0,0,951,196.928885517379,9.53832514268896,142,,
2019,8,13,21,0,19.8,108,0,0.6,0,0,0,0,0,950.8,198.944394829999,10.0355417658519,155,,
2019,8,13,22,0,20.1,138,0,0.8,0,0,0,0,0,950.2,196.25562691983,9.67135727389344,167,,
2019,8,13,23,0,20.2,-151,0,0.8,0,0,0,0,0,949.8,193.453644518612,10.6793864857595,169,,
2019,8,14,0,0,19.9,-112,0,1.1,0,0,0,0,0,949.7,196.393514079853,11.6124420778397,158,,
2019,8,14,1,0,19.4,-99,0,1.6,0,0,0,0,0,949.8,204.686568696387,12.0372644908662,145,,
2019,8,14,2,0,18.5,-91,0,2.1,0,0,0,0,0,949.9,207.534876683017,12.5061178036646,132,,
2019,8,14,3,0,17.5,-85,0,2.4,0,0,0,0,0,949.7,207.634684151381,9.92951240308706,118,,
2019,8,14,4,0,16.8,-80,0,2.8,0,0,0,0,0,949.5,215.425638818984,9.01689940538426,104,,
2019,8,14,5,0,16.3,-74,0,3.4,6,0,6,0,0,949.4,220.805546578047,8.68532115984762,91,,
2019,8,14,6,0,17.8,-67,9.2,2.7,71,0,80,0,0,949.7,222.36553950361,8.05184959091183,78,,
2019,8,14,7,0,20,-59,18.8,1.9,187,0,123,0,0,949.9,223.835656283533,6.93164637113228,66,,
2019,8,14,8,0,21.1,-48,35.4,2.4,334,0,31,0,0,949.9,224.864280293031,6.98269905418341,55,,
2019,8,14,9,0,22.2,-33,32.7,2.9,388,615.5,86,106.85,0,949.9,227.805276982087,6.88600277508224,46,,
2019,8,14,10,0,22.8,-14,50.5,3.7,386,873.09,0,346.62,0,949.7,227.075277933296,6.86571367083502,40,,
2019,8,14,11,0,22.9,9,72.6,4.8,216,966.75,0,565.84,0,949.1,233.174403947088,7.09064551687845,40,,
2019,8,14,12,0,22.9,29,61.3,5.9,279,1011.63,0,737.37,0,948.6,230.023643001974,6.68789722297189,44,,
2019,8,14,13,0,22.6,45,67.4,6.8,197,1033.34,0,846.2,0,948.4,238.588434429152,4.69159508800754,52,,
2019,8,14,14,0,22.1,57,71.4,7.4,118,1038.87,0,882.65,0,948.5,226.748856360314,4.98799490266276,63,,
2019,8,14,15,0,21.5,66,63.8,8,73,1031.29,0,844.62,0,948.7,223.602163389842,5.30772381723294,75,,
2019,8,14,16,0,20.6,73,24.2,9,18,1008.53,0,735.22,0,949,205.185916319362,7.17841896599561,88,,
2019,8,14,17,0,19.3,79,25.7,10.5,0,963.02,0,563.76,0,949.5,197.882056834944,9.80941016993031,101,,
2019,8,14,18,0,18,84,23.4,12,0,868.39,0,344.87,0,950,209.029865287922,8.4605853251219,115,,
2019,8,14,19,0,17.2,90,27,12.7,0,606.83,0,105.57,0,950.4,251.58493095138,5.00636091509008,128,,
2019,8,14,20,0,16.8,97,17.7,12.6,0,0,0,0,0,950.5,257.579564274401,4.61196129832562,142,,
2019,8,14,21,0,16.5,109,28.2,12.4,0,0,0,0,0,950.7,243.705326882853,4.8844242358686,155,,
2019,8,14,22,0,16.1,139,29.2,12.3,0,0,0,0,0,950.6,229.070674024168,5.91989307218949,167,,
2019,8,14,23,0,15.7,-152,31.6,12.1,0,0,0,0,0,950.3,224.660267946404,8.36860572692314,168,,
2019,8,15,0,0,15.3,-113,28.9,11.9,0,0,0,0,0,950.1,232.663171829749,10.6654088476205,158,,
2019,8,15,1,0,15.1,-99,24.6,11.5,0,0,0,0,0,950,240.094802972175,10.4671440819744,145,,
2019,8,15,2,0,15.1,-92,26,11,0,0,0,0,0,950.2,244.888256786484,10.7499837868899,131,,
2019,8,15,3,0,15,-86,27.2,10.6,0,0,0,0,0,950.3,246.691503886172,8.80484276605278,118,,
2019,8,15,4,0,15,-80,37.2,9.9,0,0,0,0,0,950.5,247.602622949766,7.79093827541205,104,,
2019,8,15,5,0,15.1,-74,36,9.2,8,0,0,0,0,950.8,259.67991014922,7.36921710657831,91,,
2019,8,15,6,0,15.3,-68,28.9,8.5,97,0,20,0,0,951.2,271.502039765979,7.75266387402455,78,,
2019,8,15,7,0,15.5,-59,38.3,8,218,0,18,0,0,951.4,271.37460160457,6.35343687265822,66,,
2019,8,15,8,0,15.8,-48,14.5,7.8,230,0,256,0,0,951.7,271.979724370228,5.88253243112645,55,,
2019,8,15,9,0,16.1,-34,29.8,7.6,380,595.25,116,106.53,0,951.9,266.668701838996,5.91240338329563,46,,
2019,8,15,10,0,16.7,-14,48.8,7.5,402,852.77,0,342.88,0,951.7,268.370835277029,5.90077676088524,40,,
2019,8,15,11,0,17.5,9,58.8,7.4,327,940.94,0,555.94,0,950.9,284.605542935115,4.88029506822191,39,,
2019,8,15,12,0,18.3,30,36.8,7.3,420,981.46,45,721.24,0,950.1,295.792097260734,3.74395619961829,44,,
2019,8,15,13,0,18.7,46,32.3,7.1,333,998.87,77,824.27,0,949.7,301.127221631828,2.85644028062415,52,,
2019,8,15,14,0,18.6,57,15.5,6.7,183,1003.05,181,858.51,0,949.8,300.365737112959,2.37221229219229,63,,
2019,8,15,15,0,18.5,66,27,6.4,124,994,35,820.22,0,949.9,278.376303715776,2.57424332917703,75,,
2019,8,15,16,0,18.1,73,8.5,5.9,21,504.19,6,614.63,0,950.2,260.191426704133,3.07232266647349,88,,
2019,8,15,17,0,17.4,79,0,5.4,0,920.21,0,544.18,0,950.5,256.255225395252,3.7642273556923,101,,
2019,8,15,18,0,16.8,85,0.1,4.9,0,280.22,0,257.38,0,950.9,250.30747780606,4.43946995847215,115,,
2019,8,15,19,0,16.1,90,6.8,3.9,0,22.34,0,55.18,0,951.2,269.687089994579,3.54683590715678,128,,
2019,8,15,20,0,15.3,98,2.1,2.6,0,0,0,0,0,951.6,276.325165804217,2.76684270841549,142,,
2019,8,15,21,0,14.5,109,0,1.3,0,0,0,0,0,951.9,239.971234269551,2.97328744175777,155,,
2019,8,15,22,0,13.7,140,0,0.5,0,0,0,0,0,952,222.712525046843,3.80088426439726,167,,
2019,8,15,23,0,12.9,-152,0,0.1,0,0,0,0,0,951.8,237.633539055061,3.43626610744891,168,,
2019,8,16,0,0,12,-114,0,-0.3,0,0,0,0,0,951.6,252.85753466128,6.08234114579923,158,,
2019,8,16,1,0,11.2,-100,0,0,0,0,0,0,0,951.6,254.973168858772,4.59423410567368,145,,
2019,8,16,2,0,10.3,-92,0,1.1,0,0,0,0,0,951.6,264.272333001927,6.22221774396483,131,,
2019,8,16,3,0,9.5,-86,0,2.1,0,0,0,0,0,951.7,269.737086363051,5.09764092861757,118,,
2019,8,16,4,0,9.5,-80,0,2.7,0,0,0,0,0,952,271.651852979121,3.52485630851981,104,,
2019,8,16,5,0,10.1,-75,0,2.7,6,0,10,0,0,952.6,264.216447257741,2.71300582951604,91,,
2019,8,16,6,0,10.7,-68,0,2.8,35,0,151,0,0,953.1,256.61308754981,2.26061952371203,78,,
2019,8,16,7,0,12,-60,0,2.5,50,0,361,0,0,953.4,257.390130150781,1.48501556156816,65,,
2019,8,16,8,0,14,-49,0,1.9,58,0,549,0,0,953.3,238.884547311605,1.25471433505208,54,,
2019,8,16,9,0,15.9,-34,0,1.3,63,0.02,690,38.48,0,953.2,203.527903801286,1.2525186835998,45,,
2019,8,16,10,0,17.4,-14,0,0.1,63,9.16,769,130.74,0,952.7,190.507886405896,2.46308948056862,40,,
2019,8,16,11,0,18.4,9,0,-1.4,63,41.66,779,334.62,0,951.8,188.964005580113,3.03302283043409,39,,
2019,8,16,12,0,19.4,30,0,-3,61,30.95,718,354.89,0,950.8,198.828935300118,3.93305947078475,44,,
2019,8,16,13,0,20,46,0,-4.1,58,958.85,591,797.76,0,950.4,234.705952114079,5.22587784838708,52,,
2019,8,16,14,0,20.2,58,0,-4.9,52,965.58,410,832.62,0,950.5,233.548306127509,6.42970239620191,63,,
2019,8,16,15,0,20.4,66,0,-5.6,40,958.07,199,796.34,0,950.5,234.329990840128,8.33267241250086,75,,
2019,8,16,16,0,19.6,73,0,-5.9,12,395.65,26,548.13,0,950.7,236.720063551419,8.21406831746298,88,,
2019,8,16,17,0,18,79,0,-5.9,0,39.89,0,214.99,0,951,244.571976942683,8.28668433997017,101,,
2019,8,16,18,0,16.3,85,0,-5.8,0,92.21,0,217.31,0,951.3,244.449792517797,9.18271860552203,115,,
2019,8,16,19,0,15.1,91,0,-5.7,0,28.34,0,39.04,0,951.6,252.313851870984,7.19918485136629,128,,
2019,8,16,20,0,14.3,98,0,-5.6,0,0,0,0,0,951.9,252.913171719789,8.0421058918562,142,,
2019,8,16,21,0,13.5,110,0,-5.5,0,0,0,0,0,952.1,253.605788964284,7.56906718335215,155,,
2019,8,16,22,0,12.8,141,0,-5.3,0,0,0,0,0,952,252.754574432776,7.62762996856193,166,,
2019,8,16,23,0,12.1,-153,0,-5.1,0,0,0,0,0,951.7,255.904908113303,7.24894287053162,168,,
2019,8,17,0,0,11.4,-114,0,-4.9,0,0,0,0,0,951.3,260.21343794119,7.00767523067806,158,,
2019,8,17,1,0,11.1,-100,0,-5.1,0,0,0,0,0,951.1,262.970629803953,8.74481958505025,145,,
2019,8,17,2,0,11.1,-92,0,-5.7,0,0,0,0,0,951.1,263.378176037927,7.82559673572896,131,,
2019,8,17,3,0,11.1,-86,0,-6.4,0,0,0,0,0,951.1,263.44794779096,5.51261356346652,117,,
2019,8,17,4,0,11.2,-81,0,-5.1,0,0,0,0,0,951.5,262.905849058831,4.45994714627465,104,,
2019,8,17,5,0,11.5,-75,0,-2.1,6,0,11,0,0,952.3,258.816604714893,4.51147073906738,90,,
2019,8,17,6,0,11.8,-68,0,1,35,0,157,0,0,953.2,255.618605408909,5.03270553479935,77,,
2019,8,17,7,0,12.9,-60,0,2.7,48,0,370,0,0,953.6,252.121303404159,4.07162436872558,65,,
2019,8,17,8,0,14.7,-49,0,3.1,55,0,558,0,0,953.6,256.685005772997,4.44364704826673,54,,
2019,8,17,9,0,16.4,-34,0,3.5,59,554.57,697,105.78,0,953.5,257.552823617616,5.09228061413304,45,,
2019,8,17,10,0,17.8,-14,0,3.2,60,805.97,775,333.39,0,953.3,256.037097525574,6.71786877864368,39,,
2019,8,17,11,0,18.7,9,0,2.2,59,903.51,783,543.75,0,952.8,250.951560938179,7.26475368357277,39,,
2019,8,17,12,0,19.7,30,0,1.1,57,951.58,721,709.15,0,952.4,244.826562780831,6.40066953005178,43,,
2019,8,17,13,0,20,46,0,0.1,53,975.87,594,814.67,0,952.3,271.207737053762,3.52015228826792,52,,
2019,8,17,14,0,19.7,58,0,-0.9,46,982.61,415,849.9,0,952.4,305.476963636437,4.69107820804995,63,,
2019,8,17,15,0,19.3,67,0,-1.9,35,975.39,205,813.03,0,952.5,311.073290602987,5.40437617442263,75,,
2019,8,17,16,0,18.3,74,0,-2.6,11,952.15,28,707.15,0,953.1,308.080820847922,5.43410887260705,88,,
2019,8,17,17,0,16.6,80,0,-3.2,0,904.86,0,541.25,0,953.9,303.086632599599,4.62975386870859,101,,
2019,8,17,18,0,14.9,85,0,-3.8,0,807.21,0,330.2,0,954.8,311.298699792924,4.66407382213063,115,,
2019,8,17,19,0,13.7,91,0,-3.9,0,548.74,0,101.78,0,955.4,320.692374972634,5.01323631399956,128,,
2019,8,17,20,0,12.9,99,0,-3.7,0,0,0,0,0,955.8,325.205545105679,5.17532516557155,142,,
2019,8,17,21,0,12.2,111,0,-3.4,0,0,0,0,0,956.1,307.129824330394,4.80165790349175,155,,
2019,8,17,22,0,11.4,141,0,-3.1,0,0,0,0,0,956.3,329.559125692675,6.66935412869758,166,,
2019,8,17,23,0,10.7,-153,0,-2.8,0,0,0,0,0,956.3,336.149303774606,7.30353058523559,168,,
2019,8,18,0,0,9.9,-115,0,-2.5,0,0,0,0,0,956.3,350.104869895436,6.54658314430704,158,,
2019,8,18,1,0,9.2,-101,0,-2.4,0,0,0,0,0,956.4,357.231826457802,5.02523412813139,145,,
2019,8,18,2,0,8.6,-93,0,-2.4,0,0,0,0,0,956.4,344.713666960352,4.71354672431388,131,,
2019,8,18,3,0,7.9,-87,0,-2.5,0,0,0,0,0,956.5,3.94005993311714,4.94150482423502,117,,
2019,8,18,4,0,7.9,-81,0,-2.5,0,0,0,0,0,956.8,3.50442713253949,5.68643743915517,104,,
2019,8,18,5,0,8.5,-75,0,-2.5,6,0,13,0,0,957.4,1.94190732123764,5.87837596179097,90,,
2019,8,18,6,0,9.1,-68,0,-2.5,34,0,167,0,0,957.9,356.480036195851,6.488849926415,77,,
2019,8,18,7,0,10.3,-60,0,-2.6,47,0,384,0,0,958.1,347.190427847857,6.64191017807029,65,,
2019,8,18,8,0,12,-49,0,-2.8,54,0,576,0,0,957.9,351.504811706605,6.9276164097696,54,,
2019,8,18,9,0,13.8,-34,0,-3,58,583.53,717,112.37,0,957.6,357.960140696219,7.68067143865022,45,,
2019,8,18,10,0,15.1,-14,0,-3.6,60,830.97,795,345.53,0,957.2,356.204707700425,7.4930414051023,39,,
2019,8,18,11,0,16.2,9,0,-4.5,60,923.83,803,558.33,0,956.6,14.6039457669573,7.85540233201102,38,,
2019,8,18,12,0,17.2,31,0,-5.4,59,968.32,739,724.3,0,956.1,42.934052886614,7.13333535748592,43,,
2019,8,18,13,0,17.6,47,0,-6.2,56,989.61,609,828.98,0,955.8,29.2011660309734,7.701333141898,52,,
2019,8,18,14,0,17.2,58,0,-6.7,49,994.83,426,863.25,0,955.8,20.6756074105316,7.66548279248035,63,,
2019,8,18,15,0,16.9,67,0,-7.2,38,986.31,211,824.74,0,955.8,13.7719325220912,7.28359162901173,75,,
2019,8,18,16,0,15.9,74,0,-7.4,12,961.93,30,716.74,0,956.1,7.66841969281353,6.78730806987261,88,,
2019,8,18,17,0,14.5,80,0,-7.4,0,119.88,0,373.57,0,956.7,0.934691891754994,6.6766926566379,101,,
2019,8,18,18,0,13,86,0,-7.4,0,163.63,0,239.66,0,957.3,359.345488580508,7.55129693920673,114,,
2019,8,18,19,0,11.9,92,0,-7.3,0,36.89,0,56.46,0,957.8,355.367720766904,8.12815881604763,128,,
2019,8,18,20,0,11.3,99,0,-7,0,0,0,0,0,958.1,355.88325031267,8.43624330568821,142,,
2019,8,18,21,0,10.7,112,0,-6.7,0,0,0,0,0,958.4,14.0089245876236,7.25940671523059,155,,
2019,8,18,22,0,10.2,142,0,-6.3,0,0,0,0,0,958.5,20.4703182982182,6.52145831725303,166,,
2019,8,18,23,0,9.8,-153,0,-5.8,0,0,0,0,0,958.4,354.405653150573,6.77496241418072,167,,
2019,8,19,0,0,9.4,-115,0,-5.3,0,0,0,0,0,958.3,347.568913312501,10.0888716586428,157,,
2019,8,19,1,0,9,-101,0,-4.9,0,0,0,0,0,958.3,340.423635264884,11.3315519936409,144,,
2019,8,19,2,0,8.6,-93,0,-4.7,0,0,0,0,0,958.4,343.557961234101,10.0605373992858,131,,
2019,8,19,3,0,8.2,-87,0,-4.5,0,0,0,0,0,958.5,348.702691148121,7.15881638752596,117,,
2019,8,19,4,0,8.3,-81,0,-4.3,0,0,0,0,0,958.8,342.600151998654,7.5241208071,104,,
2019,8,19,5,0,9.1,-75,0,-4.1,7,0,13,0,0,959.3,349.03863738379,8.813204076513,90,,
2019,8,19,6,0,9.8,-69,0,-3.8,34,0,167,0,0,959.8,354.813345658101,10.2411282346573,77,,
2019,8,19,7,0,11.1,-60,0,-3.7,45,0,387,0,0,960,357.127962151261,9.67260468243192,65,,
2019,8,19,8,0,12.8,-49,0,-3.5,49,0,582,0,0,959.8,13.4242116452201,11.2203032320969,53,,
2019,8,19,9,0,14.5,-34,0,-3.3,51,581.11,726,114.54,0,959.7,14.903613412851,10.7804164887037,44,,
2019,8,19,10,0,16,-14,0,-3.5,52,824.79,805,346.73,0,959.2,21.8285704147499,12.4472895469711,39,,
2019,8,19,11,0,17.1,10,0,-3.9,52,918.04,812,559.02,0,958.3,28.0248067068397,11.8380059292121,38,,
2019,8,19,12,0,18.3,31,0,-4.3,51,963.27,747,724.83,0,957.4,28.5800202973626,9.51129742790825,43,,
2019,8,19,13,0,18.6,47,0,-4.6,49,985.32,614,829.62,0,957,29.8841268442459,8.70961580576683,52,,
2019,8,19,14,0,18.3,59,0,-4.9,47,569.67,426,746.57,0,957.2,20.7663918307798,9.70545827432526,62,,
2019,8,19,15,0,17.9,67,0,-5.2,39,980.03,207,823.39,0,957.4,23.2154031392003,10.9494516071371,75,,
2019,8,19,16,0,17,74,0,-5.2,13,491.03,28,611.23,0,957.8,25.8932419118692,11.6546716792725,87,,
2019,8,19,17,0,15.6,80,0,-5.1,0,908.95,0,548.5,0,958.5,24.4277257406,12.6093749377796,101,,
2019,8,19,18,0,14.3,86,0,-4.9,0,813.07,0,336.21,0,959.1,25.0526041307014,14.1693174408302,114,,
2019,8,19,19,0,13.3,92,0,-4.9,0,41.07,0,56.61,0,959.4,18.5248726178069,13.9910180456146,128,,
2019,8,19,20,0,12.7,100,0,-5,0,0,0,0,0,959.5,17.3936086163703,12.9358088435264,142,,
2019,8,19,21,0,12.1,112,0,-5.1,0,0,0,0,0,959.5,16.1481703941663,11.3057102112272,155,,
2019,8,19,22,0,11.5,143,0,-4.9,0,0,0,0,0,959.5,14.1797471983422,10.475604695727,166,,
2019,8,19,23,0,11,-154,0,-4.6,0,0,0,0,0,959.5,12.8462513042927,10.1888722040524,167,,
2019,8,20,0,0,10.5,-116,0,-4.2,0,0,0,0,0,959.4,12.9619468348533,10.4302469351023,157,,
2019,8,20,1,0,10,-102,0,-3.8,0,0,0,0,0,959.3,22.7016571857644,8.35012698048985,144,,
2019,8,20,2,0,9.5,-93,0,-3.3,0,0,0,0,0,959.1,26.2370828116296,8.25266471862557,131,,
2019,8,20,3,0,9,-87,0,-2.7,0,0,0,0,0,958.9,24.7822430463654,8.64802757461704,117,,
2019,8,20,4,0,9.2,-81,0,-2.4,0,0,0,0,0,959.3,24.2569807529363,9.24173893020246,103,,
2019,8,20,5,0,10.1,-76,0,-2.4,7,0,15,0,0,960,24.9817832249788,9.04547093120135,90,,
2019,8,20,6,0,10.9,-69,0,-2.4,33,0,173,0,0,960.8,17.7724155087499,9.08603030321514,77,,
2019,8,20,7,0,12.4,-61,0,-2.6,45,0,392,0,0,960.9,19.7760191412839,7.75837403374999,64,,
2019,8,20,8,0,14.6,-50,0,-2.9,50,0,585,0,0,960.4,21.6419278020247,6.77865282739219,53,,
2019,8,20,9,0,16.8,-34,0,-3.3,53,578.28,729,116.64,0,960,35.677412846885,6.46302191390258,44,,
2019,8,20,10,0,18.5,-14,0,-4.1,54,818.08,809,347.71,0,959.3,50.8373972241757,6.29685100611133,38,,
2019,8,20,11,0,19.9,10,0,-5.2,54,911.46,817,559.23,0,958.4,46.8280992952356,7.34798268624641,38,,
2019,8,20,12,0,21.3,31,0,-6.4,53,957.24,752,724.65,0,957.4,49.9798528143579,6.77331892492235,43,,
2019,8,20,13,0,21.7,47,0,-7,51,979.83,620,829.29,0,956.8,68.4545203831262,5.60627569731182,51,,
2019,8,20,14,0,21.2,59,0,-6.9,47,985.37,433,863.14,0,956.6,68.5835700186515,4.68653625589048,62,,
2019,8,20,15,0,20.6,68,0,-6.8,37,977.08,215,824.47,0,956.3,80.3464933357377,4.52051339743569,74,,
2019,8,20,16,0,19.4,75,0,-6.5,12,952.85,31,716.56,0,956.4,87.5941653289884,6.05138104744971,87,,
2019,8,20,17,0,17.5,81,0,-5.9,0,402.07,0,452.57,0,956.9,87.8655988968827,6.30041827405692,101,,
2019,8,20,18,0,15.6,86,0,-5.4,0,809.75,0,336.95,0,957.4,75.9507349118082,6.64729813746106,114,,
2019,8,20,19,0,14.4,92,0,-5.2,0,556.72,0,106.62,0,957.7,63.6772984679041,5.21590090546492,128,,
2019,8,20,20,0,13.6,100,0,-5.2,0,0,0,0,0,957.9,57.0124974210622,4.8938316365191,142,,
2019,8,20,21,0,12.9,113,0,-5.3,0,0,0,0,0,958.1,62.6925577775276,3.69668677316491,155,,
2019,8,20,22,0,12.3,144,0,-5.3,0,0,0,0,0,957.9,74.8899843948228,2.01066795225236,165,,
2019,8,20,23,0,11.8,-154,0,-5.3,0,0,0,0,0,957.5,132.333649209676,1.07784702242494,167,,
2019,8,21,0,0,11.4,-117,0,-5.3,0,0,0,0,0,957,171.552722600875,0.532453189497803,157,,
2019,8,21,1,0,10.9,-102,0,-5.2,0,0,0,0,0,956.7,279.753232346627,1.89433733148986,144,,
2019,8,21,2,0,10.5,-94,0,-4.9,0,0,0,0,0,956.6,293.493259809279,2.34257459848054,130,,
2019,8,21,3,0,10.1,-87,0,-4.5,0,0,0,0,0,956.5,313.771343858177,4.12211949376883,117,,
2019,8,21,4,0,10.4,-82,0,-4.5,0,0,0,0,0,956.6,326.535456040265,4.94469603469053,103,,
2019,8,21,5,0,11.6,-76,0,-4.8,7,0,16,0,0,956.9,334.012560317046,5.36683586225687,90,,
2019,8,21,6,0,12.7,-69,0,-5,34,0,180,0,0,957.4,339.632548554883,5.67926417380272,77,,
2019,8,21,7,0,14.6,-61,0,-5.6,45,0,403,0,0,957.9,346.934760878032,5.97897162500749,64,,
2019,8,21,8,0,17,-50,0,-6.1,51,0,599,0,0,958,350.699061769233,6.35696609515763,53,,
2019,8,21,9,0,19,-35,0,-6.3,54,585.92,742,120.4,0,957.4,356.341630334737,6.73631423056917,44,,
2019,8,21,10,0,20.7,-14,0,-6.7,54,821.03,820,352.21,0,956.1,6.16626456011556,7.08779026703487,38,,
2019,8,21,11,0,22.1,10,0,-7.6,54,914.08,826,564.49,0,954.9,13.4475991927402,8.43032998371054,38,,
2019,8,21,12,0,23,31,0,-9.7,53,960.07,761,730.56,0,954.1,25.7899624130343,8.66375779634784,42,,
2019,8,21,13,0,23.4,48,0,-11.2,51,983.17,630,835.8,0,953.7,25.631613843119,8.0368535450901,51,,
2019,8,21,14,0,23.3,59,0,-11.4,47,989.63,441,870.31,0,953.7,24.8458057306476,9.14747784608461,62,,
2019,8,21,15,0,22.4,68,0,-11.1,37,982.35,220,831.97,0,953.7,37.0367340065939,8.93585580033369,74,,
2019,8,21,16,0,19.9,75,0,-10.6,12,501.56,32,620.88,0,953.6,53.4143416325404,10.1519489489585,87,,
2019,8,21,17,0,17.3,81,0,-10.1,0,411.56,0,458.34,0,954,56.7604332060585,11.1521250792115,101,,
2019,8,21,18,0,15.9,87,0,-9.6,0,816.98,0,341.5,0,954.8,59.6358696753331,10.9187717753155,114,,
2019,8,21,19,0,14.9,93,0,-9.1,0,565.56,0,109.14,0,955.6,55.0606100487808,8.47132414869811,128,,
2019,8,21,20,0,14.3,101,0,-9.1,0,0,0,0,0,956,54.5019933239121,7.54126491859464,141,,
2019,8,21,21,0,13.6,114,0,-9.4,0,0,0,0,0,956,49.5902114328065,7.37591054491915,155,,
2019,8,21,22,0,13.1,145,0,-9.7,0,0,0,0,0,955.8,47.6486386115616,7.87445485845435,165,,
2019,8,21,23,0,12.5,-154,0,-9.7,0,0,0,0,0,955.3,51.4680169180974,8.72274581643725,166,,
2019,8,22,0,0,12,-117,0,-9.5,0,0,0,0,0,955,51.8432732400694,8.80177828938708,157,,
2019,8,22,1,0,11.7,-103,0,-9.6,0,0,0,0,0,954.6,44.4273180673399,6.72353715412968,144,,
2019,8,22,2,0,11.4,-94,0,-9.9,0,0,0,0,0,954.2,41.9450166310149,5.75626654955478,130,,
2019,8,22,3,0,11,-88,0,-10.2,0,0,0,0,0,954.2,27.1138950351754,5.64812912687025,117,,
2019,8,22,4,0,10.5,-82,0,-10.3,0,0,0,0,0,954.3,22.385357863893,6.75936267533292,103,,
2019,8,22,5,0,10.5,-76,0,-10.3,8,0,16,0,0,954.7,28.99556996909,7.37339820901835,90,,
2019,8,22,6,0,12.8,-69,0,-10.2,36,0,182,0,0,955.3,35.5788963063483,7.55966705396765,76,,
2019,8,22,7,0,16.6,-61,0,-10.6,46,0,409,0,0,955.6,42.631591381126,8.15523474443225,64,,
2019,8,22,8,0,19.6,-50,0,-11.4,49,0,608,0,0,955.6,47.0017617248536,8.06480144621395,53,,
2019,8,22,9,0,21.7,-35,0,-12.3,50,602.36,754,125.62,0,955.1,51.8813014967062,7.81508687009237,43,,
2019,8,22,10,0,23,-14,0,-13,50,834.64,835,360.69,0,954.3,60.9582191510849,8.08698378441933,38,,
2019,8,22,11,0,23.8,10,0,-13.3,50,925.47,841,574.58,0,953.3,68.1529271941895,8.26106834800243,37,,
2019,8,22,12,0,24.2,32,0,-13.6,50,970.04,773,741.37,0,952.4,73.8668042109239,8.54712361798137,42,,
2019,8,22,13,0,24.5,48,0,-14.4,48,991.94,637,846.5,0,951.9,80.6609360607131,8.015968520129,51,,
2019,8,22,14,0,24.6,60,0,-15.2,45,996.69,445,879.68,0,951.7,86.0047826823752,7.90553929867887,62,,
2019,8,22,15,0,24.1,68,0,-15,38,987.83,221,839.59,0,951.7,90.9170255681316,7.55907898106915,74,,
2019,8,22,16,0,21.1,75,0,-14.7,13,963.25,32,729.66,0,951.7,94.2811363237884,7.95127551517064,87,,
2019,8,22,17,0,18.5,81,0,-14.6,0,917.07,0,560.38,0,951.9,95.2089731078706,8.98960643935278,101,,
2019,8,22,18,0,18.1,87,0,-14.3,0,821.95,0,345.2,0,952.2,106.798867362779,9.82497689698689,114,,
2019,8,22,19,0,17.4,93,0,-13.8,0,572.28,0,111.35,0,952.9,113.752747181289,8.4752244695931,128,,
2019,8,22,20,0,16.7,101,0,-13.1,0,0,0,0,0,953.6,121.8952571846,8.40541593815509,141,,
2019,8,22,21,0,16.1,114,0,-12.6,0,0,0,0,0,953.6,127.012840260597,8.40894123659051,154,,
2019,8,22,22,0,15.7,146,0,-12.4,0,0,0,0,0,953.1,130.674644573352,7.80272095974514,165,,
2019,8,22,23,0,15.6,-155,0,-12.4,0,0,0,0,0,952.4,134.515589905703,7.21450140951231,166,,
2019,8,23,0,0,15.3,-118,0,-12.7,0,0,0,0,0,951.7,134.229887050078,6.99933164540415,156,,
2019,8,23,1,0,14.8,-103,0,-12.8,0,0,0,0,0,951.5,136.830804176803,6.47968698260102,144,,
2019,8,23,2,0,14.3,-95,0,-12.4,0,0,0,0,0,951.8,142.429116468923,6.13035263423822,130,,
2019,8,23,3,0,13.7,-88,0,-12.2,0,0,0,0,0,952,141.111625190905,5.96678574780511,116,,
2019,8,23,4,0,13.2,-82,0,-12.2,0,0,0,0,0,952.1,140.553411856574,5.10889226252401,103,,
2019,8,23,5,0,13.7,-76,0.1,-11.9,9,0,15,0,0,952.2,131.927231086269,3.65942069505349,89,,
2019,8,23,6,0,16.3,-70,15.4,-10.9,101,0,69,0,0,952.6,126.405455532524,2.60622524058114,76,,
2019,8,23,7,0,19.3,-61,33.2,-8,258,0,30,0,0,953,130.105890323413,3.72304109883637,64,,
2019,8,23,8,0,21.3,-50,13.1,-4.5,199,0,349,0,0,953.2,136.910874716037,3.72808061967222,52,,
2019,8,23,9,0,22.9,-35,0.9,-2.9,81,53.63,680,44.51,0,952.9,142.241274092908,4.07614752600105,43,,
2019,8,23,10,0,24.2,-14,0,-2.6,70,58.08,776,208.74,0,951.9,144.773865356858,5.53246481884828,37,,
2019,8,23,11,0,25.1,10,3.1,-2.2,125,174.39,701,443.76,0,950.7,148.897021562885,6.26805110505511,37,,
2019,8,23,12,0,25.7,32,0.2,-1.5,72,95.62,711,284.63,0,950,154.062079473687,6.88465497956751,42,,
2019,8,23,13,0,26.2,48,0,-0.9,65,983.99,585,844.3,0,949.6,152.390360581245,8.70592679269632,51,,
2019,8,23,14,0,26.2,60,0,-0.3,60,575.84,402,761.13,0,949.7,154.808197619864,10.65363829308,62,,
2019,8,23,15,0,25.7,69,12.4,-0.1,88,553.63,128,723.85,0,950,160.913087034145,11.8131866940367,74,,
2019,8,23,16,0,23.6,76,11.5,0.2,24,508.19,6,627.93,0,950.2,165.559098507444,12.5764373055453,87,,
2019,8,23,17,0,21.1,82,0,1.6,0,913.23,0,560.81,0,950.4,166.52043667269,12.8010898773692,101,,
2019,8,23,18,0,19.6,87,0,3.3,0,816.53,0,345.2,0,950.9,170.964951830531,12.956809199065,114,,
2019,8,23,19,0,18.7,94,0,4.3,0,566.67,0,111.76,0,951.5,173.013595920849,11.6559838124876,128,,
2019,8,23,20,0,18,102,0,5.8,0,0,0,0,0,951.8,176.67577588618,12.4613850478721,141,,
2019,8,23,21,0,17.1,115,0,7.6,0,0,0,0,0,951.9,179.660954115877,13.2180615588154,154,,
2019,8,23,22,0,16.1,147,0,8.8,0,0,0,0,0,951.8,181.545146028307,12.0230060834991,165,,
2019,8,23,23,0,15,-155,0,9.4,0,0,0,0,0,951.8,182.078351089684,11.0961082760388,166,,
2019,8,24,0,0,14.4,-119,0,9.9,0,0,0,0,0,951.9,184.829883292788,10.9478583853644,156,,
2019,8,24,1,0,14,-103,0,10.3,0,0,0,0,0,952.1,191.686262859896,9.10166949953477,143,,
2019,8,24,2,0,13.7,-95,0,10.4,0,0,0,0,0,952.3,189.030119975433,7.36799602887531,130,,
2019,8,24,3,0,13.3,-88,0,10.5,0,0,0,0,0,952.4,190.74000328372,6.45666795300267,116,,
2019,8,24,4,0,12.9,-83,0,10.3,0,0,0,0,0,952.3,196.396354564923,4.16537656540486,103,,
2019,8,24,5,0,12.8,-77,0,9.6,10,0,13,0,0,952.3,189.392393667941,2.60917478010374,89,,
2019,8,24,6,0,14.1,-70,1,8.1,52,0,149,0,0,952.9,187.374396088869,2.34358040075141,76,,
2019,8,24,7,0,16.3,-62,0.5,6.8,70,0,355,0,0,953.7,155.045176957533,2.42565293018893,64,,
2019,8,24,8,0,18.7,-51,0.1,6.7,75,0,545,0,0,953.8,147.074199901266,2.11275187586375,52,,
2019,8,24,9,0,21,-35,0,6.5,80,609.62,683,132.3,0,953.3,150.550561722602,1.97818928499547,43,,
2019,8,24,10,0,22.5,-14,0,6.3,82,834.44,758,367.79,0,952.2,152.779848838691,3.8170920094649,37,,
2019,8,24,11,0,23.6,10,0,6,83,923.55,763,581.41,0,951,156.73478020778,6.19050478020188,37,,
2019,8,24,12,0,24.2,32,0,5.4,80,967.47,700,747.7,0,950.1,160.36243739607,9.356320631218,42,,
2019,8,24,13,0,24.7,49,0,4.6,74,988.98,574,852.15,0,949.8,161.965116537704,10.0808119909184,51,,
2019,8,24,14,0,25,60,6.6,3.8,125,994.81,306,885.69,0,949.9,167.318119663523,11.2627009151825,62,,
2019,8,24,15,0,25,69,11.5,3.1,92,987.08,125,845.84,0,950,174.201434492065,11.5584057118517,74,,
2019,8,24,16,0,23,76,1.4,2.8,18,963.69,23,735.93,0,949.8,178.636078272681,12.2995318720861,87,,
2019,8,24,17,0,21.2,82,0,2.7,0,918.4,0,566.1,0,949.7,181.254968990771,12.8499336634128,100,,
2019,8,24,18,0,21.1,88,0,2.5,0,824.71,0,350.06,0,950,184.141760889846,12.2263689398605,114,,
2019,8,24,19,0,20.5,94,0,2.5,0,578.89,0,114.8,0,950.6,185.491541402526,11.5952441482724,128,,
2019,8,24,20,0,19.7,102,0,2.3,0,0,0,0,0,951,183.222494393885,12.5812900545088,141,,
2019,8,24,21,0,18.8,116,0,1.9,0,0,0,0,0,950.8,182.633755188859,12.0741504333615,154,,
2019,8,24,22,0,18,147,0,1.8,0,0,0,0,0,950.2,182.271782301016,10.843310092764,164,,
2019,8,24,23,0,17.2,-155,0,2,0,0,0,0,0,949.6,181.967139743255,10.3602634713427,165,,
2019,8,25,0,0,16.5,-119,0,3.2,0,0,0,0,0,949.2,180.023088087785,9.97915875246833,156,,
2019,8,25,1,0,15.9,-104,0,4.6,0,0,0,0,0,949.1,187.067678279994,8.69765979701601,143,,
2019,8,25,2,0,15.3,-95,0,5.2,0,0,0,0,0,949.4,188.044072329623,7.67640285655391,130,,
2019,8,25,3,0,14.5,-89,0,5.4,0,0,0,0,0,950,188.088072231587,7.46866127950629,116,,
2019,8,25,4,0,13.8,-83,0,5.5,0,0,0,0,0,950.5,186.540544824549,5.93298510888004,102,,
2019,8,25,5,0,13.5,-77,0,5.6,11,0,14,0,0,950.8,161.205224917553,2.55818912598689,89,,
2019,8,25,6,0,15,-70,0,5.8,48,0,160,0,0,951.3,135.809063193399,2.54413199005545,76,,
2019,8,25,7,0,17.6,-62,0,5.7,65,0,369,0,0,951.7,132.550260351089,2.06790243700369,63,,
2019,8,25,8,0,19.9,-51,0,5.3,73,0,557,0,0,951.9,129.069595154846,2.21873965910029,52,,
2019,8,25,9,0,22.4,-35,0,4.4,77,632.01,697,138.85,0,951.3,130.084205810652,2.67518739026728,42,,
2019,8,25,10,0,24.6,-14,0,2.8,79,854.73,774,379.02,0,950.1,133.268653730183,4.11451978924745,37,,
2019,8,25,11,0,26.1,11,0,1.2,79,942.19,779,595.73,0,948.8,140.586461722849,5.38937235084109,36,,
2019,8,25,12,0,26.8,33,0,-0.2,77,985.35,714,764.17,0,947.6,145.867927548078,6.89888077524188,41,,
2019,8,25,13,0,27.3,49,0.3,-1.3,78,1006.54,578,869.85,0,947.2,146.675790507497,6.41344356879137,50,,
2019,8,25,14,0,27.4,61,10.8,-2,159,1011.31,260,902.79,0,947.1,158.769431951076,8.20880220266418,62,,
2019,8,25,15,0,26.9,69,18.9,-2.4,112,1002.82,90,861.48,0,947.2,165.552662355621,8.20386651653807,74,,
2019,8,25,16,0,24.8,76,18.2,-2.6,24,979.36,2,749.63,0,947.1,164.782446257274,7.03883472962859,87,,
2019,8,25,17,0,22.3,82,0,-2.9,0,933.86,0,576.96,0,947.1,168.766188574198,6.79725890256127,100,,
2019,8,25,18,0,21.5,88,0,-3.2,0,840.35,0,357.59,0,947.4,174.076968092562,7.22901007299928,114,,
2019,8,25,19,0,21.2,95,0,-3.5,0,595.18,0,118.46,0,947.8,179.577141289424,6.33898153836478,128,,
2019,8,25,20,0,20.8,103,0,-3.6,0,0,0,0,0,948,181.871717057328,7.0611423265609,141,,
2019,8,25,21,0,19.9,117,0,-3.7,0,0,0,0,0,947.7,184.267151376358,7.82504506336059,154,,
2019,8,25,22,0,19.4,148,0,-3.8,0,0,0,0,0,947.2,184.9284359123,8.23218137944841,164,,
2019,8,25,23,0,18.7,-155,0,-2.8,0,0,0,0,0,947.1,189.039499014939,8.30488975829597,165,,
2019,8,26,0,0,17.8,-120,0,0.9,0,0,0,0,0,947.5,193.600821612933,7.44186676737907,156,,
2019,8,26,1,0,17.3,-104,0,3.9,0,0,0,0,0,947.7,201.397525260309,5.73836671536201,143,,
2019,8,26,2,0,16.6,-96,0,4.4,0,0,0,0,0,947.6,201.781204379989,5.18996249380291,130,,
2019,8,26,3,0,15.5,-89,0,3.9,0,0,0,0,0,947.7,193.147908931661,4.94580200623503,116,,
2019,8,26,4,0,14.6,-83,0,3,0,0,0,0,0,947.9,188.821719737743,2.9290196492365,102,,
2019,8,26,5,0,14.2,-77,0,2.3,11,0,17,0,0,948.3,182.37953989243,1.22364238243083,89,,
2019,8,26,6,0,15.2,-71,0,1.5,44,0,173,0,0,948.9,201.08511873314,0.694918373638575,76,,
2019,8,26,7,0,17.4,-62,0,0.8,58,0,388,0,0,949.7,208.835752601506,0.882861075794233,63,,
2019,8,26,8,0,19.9,-51,0.5,0.2,73,0,566,0,0,950,218.432149669449,0.603294056349745,52,,
2019,8,26,9,0,22.2,-36,3.7,-0.2,129,637.56,631,142.73,0,949.7,217.317068887929,0.908580027619354,42,,
2019,8,26,10,0,24.1,-14,0,-0.5,71,855.12,794,382.94,0,949,185.367967061731,1.87922023168992,36,,
2019,8,26,11,0,25.5,11,0,-0.9,71,935.88,798,596.3,0,948.2,183.531602703658,3.29902671795609,36,,
2019,8,26,12,0,26.2,33,0,-1,69,973.29,731,759.93,0,947.7,172.782631841596,5.90570798038485,41,,
2019,8,26,13,0,26.2,49,0,-1,64,989.06,601,860.19,0,947.6,177.769512558615,6.11354700518395,50,,
2019,8,26,14,0,26,61,0,-1.3,57,991,419,890.03,0,947.7,186.295196586271,6.523249271773,61,,
2019,8,26,15,0,25.2,70,0,-1.2,44,544.28,207,726.53,0,947.6,198.972819464993,6.51358330521648,74,,
2019,8,26,16,0,23.2,77,0,-0.5,15,485.73,30,623.9,0,947.7,205.046753965692,6.95844333791982,87,,
2019,8,26,17,0,20.9,83,0,0.1,0,406.79,0,466.23,0,948.3,194.713629430717,7.75352256777286,100,,
2019,8,26,18,0,19.6,88,0,0.3,0,303.07,0,272.22,0,949,192.087877161795,7.61324274522719,114,,
2019,8,26,19,0,18.8,95,0,0.5,0,572.49,0,116.28,0,949.8,202.663448351315,6.84387330597993,128,,
2019,8,26,20,0,18,103,0,1.1,0,0,0,0,0,950.2,202.469781217877,6.8892445609096,141,,
2019,8,26,21,0,17.3,117,0,1.8,0,0,0,0,0,950.4,197.838728725364,8.26351020303031,154,,
2019,8,26,22,0,16.5,149,0,2.3,0,0,0,0,0,950.3,202.717184112984,7.20237826984569,164,,
2019,8,26,23,0,15.8,-156,0,2.8,0,0,0,0,0,950.1,209.541490030436,6.80581000872165,165,,
2019,8,27,0,0,15.2,-120,0,3.1,0,0,0,0,0,950.1,208.581007985712,8.1083083515177,155,,
2019,8,27,1,0,14.6,-105,0,3.5,0,0,0,0,0,950,238.072946943091,6.88987287771798,143,,
2019,8,27,2,0,14.1,-96,0,4,0,0,0,0,0,950,243.58955469558,6.78652158801117,129,,
2019,8,27,3,0,13.5,-89,0,4.4,0,0,0,0,0,950.4,257.718624987943,5.14104550509168,116,,
2019,8,27,4,0,13.1,-84,0,4.5,0,0,0,0,0,950.7,289.373976529441,3.92124226614678,102,,
2019,8,27,5,0,13,-78,0,4.3,11,0,19,0,0,951.3,301.671782741682,3.90590264404101,89,,
2019,8,27,6,0,14.7,-71,0,3.8,43,0,180,0,0,951.7,304.509145394414,3.48892621527074,75,,
2019,8,27,7,0,17.5,-62,0,3.1,58,0,395,0,0,952,324.529786966745,3.10333870088034,63,,
2019,8,27,8,0,20.2,-51,0,2.2,65,0,585,0,0,952.1,323.149484741943,2.37741287591373,51,,
2019,8,27,9,0,22.7,-36,0,1.2,70,634.16,724,145.11,0,951.6,270.966452515236,1.62523120149343,42,,
2019,8,27,10,0,24.9,-14,0,0.2,73,851.23,799,385.23,0,950.7,259.741790143439,0.964614939727712,36,,
2019,8,27,11,0,26.7,11,0,-0.9,74,939.13,804,602.21,0,949.6,2.23236850334081,0.70375108413478,36,,
2019,8,27,12,0,27.8,33,0,-1.9,71,983.53,740,771.24,0,948.7,200.775125355008,0.693481866935996,41,,
2019,8,27,13,0,28.3,50,0,-2.7,66,1006.09,610,877.63,0,948.2,277.992590436577,3.23057739316806,50,,
2019,8,27,14,0,28.1,61,0,-3.1,58,1011.74,425,910.76,0,948.3,277.586264883325,5.11900126228819,61,,
2019,8,27,15,0,27.4,70,0,-3.5,45,1004.34,212,869.53,0,948.4,281.3281088102,4.97185972741545,74,,
2019,8,27,16,0,24.7,77,0,-3.8,15,981.58,32,757.14,0,948.7,273.984469287856,5.11800033267629,87,,
2019,8,27,17,0,21.7,83,0,-4,0,939.71,0,585.07,0,949.1,285.686675456907,5.30314730127942,100,,
2019,8,27,18,0,20.5,89,0,-4,0,851.07,0,365.23,0,949.7,263.668426046546,6.19421662986056,114,,
2019,8,27,19,0,19.8,95,0,-3.8,0,613.26,0,123.62,0,950.4,256.929484922726,9.01499005220318,128,,
2019,8,27,20,0,18.9,104,0,-3.7,0,0,0,0,0,950.8,256.046659244057,8.76258391936887,141,,
2019,8,27,21,0,18.1,118,0,-3.5,0,0,0,0,0,950.8,245.082605023599,10.9490006563101,154,,
2019,8,27,22,0,17.6,150,0,-3.2,0,0,0,0,0,950.6,266.2742961488,9.97832673892425,164,,
2019,8,27,23,0,16.9,-156,0,-2.7,0,0,0,0,0,950.4,266.728485212435,9.45327383477631,164,,
2019,8,28,0,0,15.9,-121,0,-2.1,0,0,0,0,0,950.5,265.317858934648,9.62239177727896,155,,
2019,8,28,1,0,15.3,-105,0,-1.9,0,0,0,0,0,950.6,259.443788237485,11.1105579130141,143,,
2019,8,28,2,0,14.9,-96,0,-2.1,0,0,0,0,0,950.6,254.361561993275,9.54941108591224,129,,
2019,8,28,3,0,13.9,-90,0,-2.5,0,0,0,0,0,950.9,253.686873902386,9.51196368507631,115,,
2019,8,28,4,0,12.8,-84,0,-2.8,0,0,0,0,0,951.4,261.703384331853,9.85311965508666,102,,
2019,8,28,5,0,13.7,-78,0,-2.2,12,0,21,0,0,951.8,264.565336160191,8.41281689867251,88,,
2019,8,28,6,0,17.1,-71,0,-1.5,44,0,185,0,0,952.5,269.710222013914,9.25011830466786,75,,
2019,8,28,7,0,20.7,-63,0,-1.8,59,0,401,0,0,953.1,288.694521516159,7.65380778324687,63,,
2019,8,28,8,0,23.6,-52,0,-2.5,68,0,589,0,0,952.9,291.264237444788,7.10899626033924,51,,
2019,8,28,9,0,26.5,-36,0,-1.5,75,664.15,724,153.32,0,952.3,275.368766930927,8.05874427504332,41,,
2019,8,28,10,0,28.5,-14,0,-0.3,79,874.81,795,397.91,0,951.3,274.798960689691,10.8347656175789,36,,
2019,8,28,11,0,29.7,11,0,-0.3,81,958.06,796,616.83,0,950.1,277.15160606682,12.8971199231714,35,,
2019,8,28,12,0,30.4,34,0,-0.1,80,999.1,726,786.21,0,949.3,281.8200009669,13.7125445894559,41,,
2019,8,28,13,0,30.7,50,0,0.1,71,1018.9,598,891.66,0,949.1,284.432070261824,14.5769505580169,50,,
2019,8,28,14,0,30.4,62,0,0.5,63,1026.57,414,926.5,0,949.3,294.474556222415,15.4636794571949,61,,
2019,8,28,15,0,29.5,70,0,1,49,1021.71,202,886.4,0,949.5,339.343736077868,14.1853146102941,74,,
2019,8,28,16,0,27,77,1,1.3,18,1002.24,27,774.23,0,949.7,354.803926079701,12.6803940675482,87,,
2019,8,28,17,0,24.2,83,0,1.3,0,957.63,0,597.22,0,950.2,353.133380381743,11.3386367461329,100,,
2019,8,28,18,0,22.7,89,0,1.3,0,866.39,0,372.63,0,950.9,353.880558149881,10.5910476826923,114,,
2019,8,28,19,0,21.6,96,0,1.4,0,626.42,0,126.87,0,951.4,354.355507340018,7.46932717901213,127,,
2019,8,28,20,0,20.6,104,0,1.4,0,0,0,0,0,951.7,351.272794680716,7.13265051492699,141,,
2019,8,28,21,0,20,119,0,1.3,0,0,0,0,0,951.5,345.136661395015,6.85358214986279,154,,
2019,8,28,22,0,19.9,151,0,1.3,0,0,0,0,0,951,339.804338451322,5.12736684298971,163,,
2019,8,28,23,0,19.9,-156,0,1.4,0,0,0,0,0,950.3,321.504194831869,3.40861056893338,164,,
2019,8,29,0,0,19.6,-121,0,2.1,0,0,0,0,0,950.1,315.258779963757,3.54694384839408,155,,
2019,8,29,1,0,18.7,-106,0,4,0,0,0,0,0,950.5,293.024664691799,3.68461393047118,142,,
2019,8,29,2,0,17.7,-97,0,6.4,0,0,0,0,0,950.8,292.7169427294,4.37919734015498,129,,
2019,8,29,3,0,16.7,-90,0,7.7,0,0,0,0,0,950.6,290.093790345477,5.6735579965554,115,,
2019,8,29,4,0,15.4,-84,0,8.3,0,0,0,0,0,950.4,294.852805563253,7.19360919704589,102,,
2019,8,29,5,0,16,-78,0,8.8,13,0,19,0,0,950.8,301.743469059456,8.26353706356969,88,,
2019,8,29,6,0,19,-71,0,9,49,0,177,0,0,951.6,315.887329759969,8.91175150322873,75,,
2019,8,29,7,0,21.7,-63,0,8.7,66,0,388,0,0,952.5,322.426522992366,9.67960385336173,62,,
2019,8,29,8,0,23.8,-52,0,7.6,75,0,575,0,0,952.7,329.538362371746,9.77040365807755,51,,
2019,8,29,9,0,25.9,-36,0,5.6,80,660.99,713,155.95,0,952.1,341.722922488566,9.81534884269146,41,,
2019,8,29,10,0,27.9,-14,0,3.4,82,871.03,788,400.43,0,951,359.721258265416,11.2695036357857,35,,
2019,8,29,11,0,29.3,12,2.4,1.6,126,954.35,727,618.98,0,949.8,7.51477034140811,11.4694881366389,35,,
2019,8,29,12,0,30.2,34,2.3,0.4,121,995.77,665,788.15,0,948.8,11.0686179663744,11.2323358118861,40,,
2019,8,29,13,0,31,51,3.3,-0.6,117,1016,530,893.51,0,948.3,14.0710710085493,11.2313686771107,50,,
2019,8,29,14,0,31.1,62,2.7,-1,94,1017.68,372,923.17,0,948.1,43.4379720108024,11.2540524173152,61,,
2019,8,29,15,0,30.2,71,0.8,-0.7,57,1006.31,193,877.92,0,948.1,53.8601332880784,10.2926458206219,73,,
2019,8,29,16,0,27.8,78,2.4,-0.1,21,980.64,24,762.42,0,948.2,60.8598244340332,10.3393378124996,87,,
2019,8,29,17,0,25.2,84,0,0.8,0,934.86,0,587.39,0,948.6,67.9475901983246,10.7676461567579,100,,
2019,8,29,18,0,23.8,90,0,1.9,0,841.84,0,365.82,0,949.3,73.9041357064175,10.2855069989483,114,,
2019,8,29,19,0,23.3,96,0,2.5,0,601.53,0,124.42,0,949.9,78.1666916541116,10.2484956091202,127,,
2019,8,29,20,0,22.7,105,0,2.5,0,0,0,0,0,950.3,86.3593377453215,10.579461069555,141,,
2019,8,29,21,0,21.7,120,0,3.4,0,0,0,0,0,950.2,97.4092686722584,9.05550445041219,153,,
2019,8,29,22,0,21.2,151,0,5,0,0,0,0,0,949.7,103.809743947128,8.6559083656165,163,,
2019,8,29,23,0,20.5,-156,0,6,0,0,0,0,0,949.2,104.990331748736,7.09638754732463,164,,
2019,8,30,0,0,19.8,-122,0,6.5,0,0,0,0,0,948.8,107.260769629201,5.92241903099145,155,,
2019,8,30,1,0,19.1,-106,0,6.9,0,0,0,0,0,948.8,109.320759973705,5.0164349958403,142,,
2019,8,30,2,0,18.2,-97,0,7.3,0,0,0,0,0,949.1,91.981936480302,3.49807138297733,129,,
2019,8,30,3,0,17.3,-90,0,8,0,0,0,0,0,949.4,46.5111505243339,2.61663643778714,115,,
2019,8,30,4,0,16.4,-84,0,8.8,0,0,0,0,0,949.6,49.1439793617386,2.67518470195466,101,,
2019,8,30,5,0,16.4,-78,0,9.8,15,0,18,0,0,950.1,55.9850139460324,2.68139779384633,88,,
2019,8,30,6,0,18.2,-72,0,10.7,54,0,170,0,0,950.7,60.6266039460222,3.20937493828569,75,,
2019,8,30,7,0,20.3,-63,0,11.4,71,0,380,0,0,951,57.1007463460306,3.45199917821223,62,,
2019,8,30,8,0,22.4,-52,0,10.8,79,0,567,0,0,950.9,60.7465987649676,3.83692135234905,50,,
2019,8,30,9,0,24.6,-36,0,9.2,83,678.22,705,162.21,0,950.3,64.5970218353664,3.78803695750501,41,,
2019,8,30,10,0,26.3,-14,0,7.5,86,881.77,778,408.47,0,949.3,63.7765108067761,3.50961007679018,35,,
2019,8,30,11,0,27.7,12,0,6.1,87,961.55,780,627.22,0,948.1,67.9173034453312,3.26273881865942,35,,
2019,8,30,12,0,28.6,35,0.8,4.8,98,1000.59,695,795.76,0,947,81.9172056892967,8.13896389744841,40,,
2019,8,30,13,0,28.9,51,5.9,4.1,158,1018.79,467,899.8,0,946.4,81.5556737193484,11.3570364575865,49,,
2019,8,30,14,0,28.7,63,2.7,4,96,1024.49,366,932.5,0,946.3,89.1983274562969,10.6059319852904,61,,
2019,8,30,15,0,27.9,71,11.9,4.2,100,1017.28,123,889.85,0,946.6,90.4146016799039,10.2535537885783,73,,
2019,8,30,16,0,26,78,2,4.5,21,995.1,23,775.28,0,946.8,94.4024029969365,10.4324574615888,87,,
2019,8,30,17,0,23.9,84,0,5,0,949.54,0,597.77,0,947.2,100.768453569331,11.248145131508,100,,
2019,8,30,18,0,22.3,90,0,7.1,0,857.3,0,373.24,0,948,111.443379589218,10.5245649282764,114,,
2019,8,30,19,0,21,97,0,9.5,0,618.36,0,128.21,0,948.7,115.430222197122,8.72351631150888,127,,
2019,8,30,20,0,19.9,106,0,10.6,0,0,0,0,0,949.3,111.214583323671,7.99855025876401,141,,
2019,8,30,21,0,19.1,120,0,11,0,0,0,0,0,949.5,110.039341934855,6.39444172732045,153,,
2019,8,30,22,0,18.5,152,0,11.2,0,0,0,0,0,949.1,111.723881485189,6.52126139230855,163,,
2019,8,30,23,0,17.9,-156,0,11.1,0,0,0,0,0,948.5,120.109407622695,6.89022854906896,163,,
2019,8,31,0,0,17.8,-122,0,11,0,0,0,0,0,948.5,123.595869461245,6.10535516839858,154,,
2019,8,31,1,0,17.7,-107,0,10.8,0,0,0,0,0,948.8,109.565483239115,5.11981723472426,142,,
2019,8,31,2,0,17.1,-98,0,10.5,0,0,0,0,0,949.2,95.9693160292827,3.34231870265847,129,,
2019,8,31,3,0,16.5,-91,0,10.3,0,0,0,0,0,949.6,56.2656179969268,2.88399576721168,115,,
2019,8,31,4,0,16.2,-85,0,10.3,0,0,0,0,0,949.7,30.8768618234254,3.55458811929896,101,,
2019,8,31,5,0,16.5,-79,0,10.4,15,0,20,0,0,949.9,24.2167957724569,3.83771967057754,88,,
2019,8,31,6,0,18.2,-72,0,10.7,53,0,176,0,0,950.4,15.6926893752354,4.62145462509725,74,,
2019,8,31,7,0,20.1,-64,0,10.8,70,0,385,0,0,950.8,7.40163336448052,5.82190256618642,62,,
2019,8,31,8,0,21.6,-52,0,10.7,80,0,571,0,0,950.8,3.91997094692493,7.31389378826275,50,,
2019,8,31,9,0,23.2,-36,0,10.4,86,678.32,707,165.5,0,950.4,359.31580753461,8.17236568521853,40,,
2019,8,31,10,0,24.7,-14,0,9.4,90,882.02,779,412.55,0,949.6,344.809209228403,7.79578703243416,35,,
2019,8,31,11,0,26,12,0,8.3,91,962.96,782,632.28,0,948.5,31.5975556525194,7.86522026004141,34,,
2019,8,31,12,0,26.5,35,0,7.8,88,1003.27,716,801.9,0,947.7,49.3330536022715,10.309910716681,40,,
2019,8,31,13,0,26.8,51,0.9,7.3,93,1022.81,570,907.07,0,947.4,50.0040932183315,10.1005529953482,49,,
2019,8,31,14,0,27.2,63,6.9,6.5,131,1022.71,315,934.87,0,947.2,50.75205156968,10.3044114034508,61,,
2019,8,31,15,0,26.9,71,17.3,6.2,115,1009.7,98,887.37,0,947.3,50.7370007302104,11.6033913978644,73,,
2019,8,31,16,0,25.2,78,5.3,6.3,25,982.38,16,769.5,0,947.6,68.5518267605855,11.5698623295734,86,,
2019,8,31,17,0,23.2,84,0,6.4,0,935.55,0,592.63,0,948,68.9239080176276,12.0471304462449,100,,
2019,8,31,18,0,22.2,90,0,6.3,0,841.75,0,369.57,0,948.6,72.1671951270849,12.0423952984472,114,,
2019,8,31,19,0,21.5,97,0,6.1,0,602.65,0,127.07,0,949.3,75.0916436576664,10.7515248791844,127,,
2019,8,31,20,0,20.7,106,0,5.9,0,0,0,0,0,949.5,78.7120832761047,10.0608389079084,141,,
2019,8,31,21,0,19.7,121,0,5.3,0,0,0,0,0,949.4,78.8011947661931,9.01447286084112,153,,
2019,8,31,22,0,18.8,153,0,4.7,0,0,0,0,0,949.2,78.5696299483445,8.45981561080338,163,,
2019,8,31,23,0,18.2,-157,0,4.3,0,0,0,0,0,949.1,74.4010590123221,8.09417554139273,163,,
2019,9,1,0,0,17.7,-123,0,4.1,0,0,0,0,0,949,68.0159871864117,7.81770217455184,154,,
2019,9,1,1,0,17.2,-107,0,3.9,0,0,0,0,0,949,69.9348372989392,6.7200166894129,142,,
2019,9,1,2,0,16.7,-98,0,3.6,0,0,0,0,0,949,72.8667050113166,6.29890309278475,128,,
2019,9,1,3,0,16.1,-91,0,3.4,0,0,0,0,0,949.4,61.8503626884506,6.25978743941221,115,,
2019,9,1,4,0,15.6,-85,0,3.3,0,0,0,0,0,950,58.6517395405767,6.20216999611892,101,,
2019,9,1,5,0,16.3,-79,0.7,3.5,16,0,22,0,0,950.7,62.3566553199673,6.0366542001768,87,,
2019,9,1,6,0,18.7,-72,0.6,3.5,52,0,185,0,0,951.2,66.0527715040719,5.85126605997272,74,,
2019,9,1,7,0,21.4,-64,0,3.6,67,0,400,0,0,951.5,66.2149826100737,5.76285900256281,61,,
2019,9,1,8,0,23.7,-53,0,4.1,77,0,585,0,0,951.5,71.2494304746041,5.83296483246685,50,,
2019,9,1,9,0,25.7,-37,0,4.9,83,654,720,164.18,0,951.3,77.5214490120658,5.78505199747431,40,,
2019,9,1,10,0,27.2,-14,0,5.1,87,412.27,790,328.42,0,950.6,79.9646664088198,6.16448823688675,34,,
2019,9,1,11,0,28.2,12,2.4,4.7,130,932.99,727,619.32,0,949.5,82.0629275184484,6.70457671165236,34,,
2019,9,1,12,0,28.7,35,23.2,4.6,378,974.75,244,785.83,0,948.6,88.2325198717523,6.58865826343549,40,,
2019,9,1,13,0,29,52,12.8,4.4,235,995.34,346,889.22,0,948.1,86.6120708450437,6.01782392387842,49,,
2019,9,1,14,0,29,63,17.3,4,204,463.11,195,738.28,0,948.2,98.712798641646,6.7293328527074,61,,
2019,9,1,15,0,28.4,72,11.1,3.5,108,989.01,115,874.24,0,948.6,111.004598247565,7.35494554298509,73,,
2019,9,1,16,0,26.5,79,5.5,3.1,26,963.97,17,759.38,0,948.8,123.903326129701,6.67245630682466,86,,
2019,9,1,17,0,24.3,85,0,3,0,417.38,0,483.43,0,949.2,128.680164217794,6.42366435608757,100,,
2019,9,1,18,0,22.7,91,0,2.9,0,821.89,0,363.98,0,949.7,138.30483083397,7.28061858257254,114,,
2019,9,1,19,0,21.4,98,0,3.5,0,48.23,0,47.18,0,950.4,148.03223966843,8.4387528552124,127,,
2019,9,1,20,0,20.3,107,0,5,0,0,0,0,0,951.1,155.030493149929,8.22448813379119,141,,
2019,9,1,21,0,19.4,122,0,6.4,0,0,0,0,0,951.3,162.128168387839,8.06765521156136,153,,
2019,9,1,22,0,18.4,154,0,7.2,0,0,0,0,0,951.1,170.615660465404,7.37463745374295,162,,
2019,9,1,23,0,17.5,-157,0,7.4,0,0,0,0,0,950.5,178.919109092538,6.80054255661788,163,,
2019,9,2,0,0,16.9,-123,0,7,0,0,0,0,0,949.9,182.61316217718,7.46352758996703,154,,
2019,9,2,1,0,16.2,-108,0,6.5,0,0,0,0,0,949.8,181.675489948865,7.08781799918509,141,,
2019,9,2,2,0,15.3,-98,0,6.3,0,0,0,0,0,950.5,185.417648821723,6.12420864174811,128,,
2019,9,2,3,0,14.6,-91,0,6.2,0,0,0,0,0,951,193.082684453439,5.97113762846928,114,,
2019,9,2,4,0,14.2,-85,0,6.1,0,0,0,0,0,951.1,198.307251950979,5.49678162809588,101,,
2019,9,2,5,0,14.7,-79,0,6.1,14,0,27,0,0,951.3,206.608970463101,4.69214743099294,87,,
2019,9,2,6,0,16.8,-73,0,6.3,46,0,199,0,0,952.1,225.690843693236,3.21529482357469,74,,
2019,9,2,7,0,19.4,-64,0,6.5,60,0,413,0,0,952.8,256.81487184492,2.61986885894443,61,,
2019,9,2,8,0,21.5,-53,0,6.6,69,0,599,0,0,952.8,272.077683871926,2.80264673368316,49,,
2019,9,2,9,0,23.6,-37,0,6.6,74,25.96,735,48.66,0,952.3,271.763176354154,3.30236778091899,40,,
2019,9,2,10,0,25.2,-14,0,6.2,77,60.59,806,262.67,0,951.5,229.235815558732,3.66701929839565,34,,
2019,9,2,11,0,26.3,13,0,5.4,77,414.3,808,506.56,0,950.4,192.915453501152,5.61050654082507,34,,
2019,9,2,12,0,27.1,36,0.1,4.9,77,956.19,737,776.14,0,949.6,203.615100441297,6.37764824553424,39,,
2019,9,2,13,0,27.7,52,5.6,4.5,146,543.68,493,751.88,0,949.3,210.845222267131,6.30095480750675,49,,
2019,9,2,14,0,27.8,64,6.8,4.2,130,994.55,321,918.88,0,949.4,208.667148520093,8.34657117477727,60,,
2019,9,2,15,0,27.5,72,4.7,4.2,71,1000.04,178,886.4,0,949.2,209.292379847129,10.2918461942437,73,,
2019,9,2,16,0,25.6,79,1.2,4.3,19,993.89,30,783.28,0,948.9,207.571559278381,12.0691067638753,86,,
2019,9,2,17,0,23.6,85,0,4.3,0,952.56,0,606.74,0,948.8,214.970289957398,12.540954215851,100,,
2019,9,2,18,0,22.7,91,0,3.9,0,865.65,0,381.95,0,949.1,228.628686575174,12.1444045574304,113,,
2019,9,2,19,0,21.7,98,0,3.6,0,636.45,0,134.81,0,949.6,230.576204994034,11.3784063438338,127,,
2019,9,2,20,0,20.7,107,0,3.6,0,0,0,0,0,949.8,235.677596049894,11.2148102342139,140,,
2019,9,2,21,0,19.8,123,0,3.8,0,0,0,0,0,949.6,238.984344354764,11.0669279593072,153,,
2019,9,2,22,0,19.4,154,0,4.1,0,0,0,0,0,949.4,244.072391941475,11.210618334332,162,,
2019,9,2,23,0,18.9,-157,0,4.2,0,0,0,0,0,949.3,246.837459952929,10.9916357899648,162,,
2019,9,3,0,0,18.2,-124,0,4,0,0,0,0,0,948.8,252.386500711873,10.3116324959552,153,,
2019,9,3,1,0,17.5,-108,0,3.7,0,0,0,0,0,948.3,260.68758327374,8.63722432234619,141,,
2019,9,3,2,0,16.9,-99,0,3.8,0,0,0,0,0,948.3,253.575212591714,7.87204888244571,128,,
2019,9,3,3,0,16.2,-92,0,4.1,0,0,0,0,0,948.6,245.26201928899,6.14184840361974,114,,
2019,9,3,4,0,15.5,-86,0,4.3,0,0,0,0,0,949,262.483772218995,5.52407213356843,101,,
2019,9,3,5,0,15.9,-80,0,4.5,14,0,30,0,0,949.4,278.245057071082,5.22986133653671,87,,
2019,9,3,6,0,18.6,-73,0,4.2,44,0,208,0,0,950.1,278.05320844996,5.35359931831458,74,,
2019,9,3,7,0,22,-64,0,3.7,58,0,426,0,0,950.7,280.256123255695,4.49766947105686,61,,
2019,9,3,8,0,24.3,-53,0,3.8,66,0,615,0,0,950.8,275.495481916714,4.44624026407781,49,,
2019,9,3,9,0,25.9,-37,0,3.8,71,54.91,753,80.52,0,950.3,269.713370500148,4.67586275625819,39,,
2019,9,3,10,0,27.1,-14,0,3,74,63.64,826,235.37,0,949.1,255.600458703697,5.21462076490963,33,,
2019,9,3,11,0,28.3,13,0,1.4,74,73.51,827,269.89,0,947.7,251.752968424241,6.4493008382262,33,,
2019,9,3,12,0,29.1,36,0,0.4,72,272.56,757,619.62,0,946.9,257.314417128077,6.56260708017157,39,,
2019,9,3,13,0,29.5,53,0,-0.3,68,132.37,622,310.32,0,946.5,258.069763769812,5.29006958884059,49,,
2019,9,3,14,0,29.6,64,0,-0.7,60,155.27,435,662.39,0,946.2,239.338177063406,5.37670494976073,60,,
2019,9,3,15,0,29.2,73,0,-0.9,47,114.86,219,329.95,0,946.1,229.874069788134,5.6911310787936,73,,
2019,9,3,16,0,27,79,0,-0.6,17,115.5,35,557.64,0,946.3,232.162761181603,6.18297223428437,86,,
2019,9,3,17,0,24.5,85,0,-0.2,0,131.17,0,453.06,0,946.6,233.921711196627,7.37585114370536,100,,
2019,9,3,18,0,23.3,92,0,-0.2,0,97.83,0,127.92,0,947.4,231.965907068971,9.59167192938546,113,,
2019,9,3,19,0,22.4,99,0,0.1,0,78.9,0,47.67,0,948.3,241.553303395326,9.50301801582452,127,,
2019,9,3,20,0,21,108,0,1.3,0,0,0,0,0,948.8,250.663169524078,10.8747934168765,140,,
2019,9,3,21,0,19.7,123,0,2.7,0,0,0,0,0,948.9,254.754646778076,10.7250149850889,153,,
2019,9,3,22,0,18.7,155,0,3.6,0,0,0,0,0,948.7,253.972628124525,11.473384262404,162,,
2019,9,3,23,0,17.4,-157,0,4,0,0,0,0,0,948.8,254.190623133722,12.731592605937,162,,
2019,9,4,0,0,16.4,-124,0,4.1,0,0,0,0,0,948.9,248.456636047736,15.2656557236163,153,,
2019,9,4,1,0,15.7,-109,0,4.3,0,0,0,0,0,949.1,241.34727498105,13.523788127424,141,,
2019,9,4,2,0,15,-99,0,4.9,0,0,0,0,0,949.2,245.143561024981,12.0714715298953,128,,
2019,9,4,3,0,14.4,-92,0,5.6,0,0,0,0,0,949.4,257.412736679963,11.5791053763622,114,,
2019,9,4,4,0,13.9,-86,0,5.9,0,0,0,0,0,949.7,266.335857992504,10.1457398225078,100,,
2019,9,4,5,0,14.3,-80,0,6,16,0,31,0,0,949.9,272.136300071662,9.43235995010045,87,,
2019,9,4,6,0,16.6,-73,0,5.8,47,0,210,0,0,950.4,278.576590206892,8.72254072435565,73,,
2019,9,4,7,0,19.7,-65,0,5.4,62,0,428,0,0,950.7,286.091541195287,6.94802737009641,61,,
2019,9,4,8,0,22.3,-54,0,4.8,70,0,618,0,0,950.6,295.179373304917,5.99549447729919,49,,
2019,9,4,9,0,24.4,-37,0,4.3,75,709.89,757,185.07,0,950,305.033339728579,5.31449932070712,39,,
2019,9,4,10,0,25.9,-14,0,3.9,77,896.77,830,434.76,0,949.2,333.703622248456,4.46172400934924,33,,
2019,9,4,11,0,26.9,13,0,3.1,77,975.57,830,656.86,0,948.3,21.6941104347539,7.7558443317045,33,,
2019,9,4,12,0,27.5,37,0,2.2,76,1015.8,758,828.17,0,947.4,24.3063849463161,8.73038636482289,39,,
2019,9,4,13,0,27.8,53,0,0.9,73,1035.93,621,934.2,0,946.7,31.9533912888708,8.11134683540733,48,,
2019,9,4,14,0,28,65,0,-0.3,65,1041.04,433,965.33,0,946.4,35.7775272474398,8.73857302713271,60,,
2019,9,4,15,0,27.9,73,0.2,-1,52,1033.65,215,919.92,0,946.5,49.7399683527217,8.41948053353562,73,,
2019,9,4,16,0,24.5,80,0.3,-1,19,1011.66,34,801.59,0,946.6,58.3171866746333,9.40018612511826,86,,
2019,9,4,17,0,21.4,86,0,-0.8,0,968.65,0,620.56,0,946.6,63.4451594560563,10.0912325064998,100,,
2019,9,4,18,0,21.3,92,0,-0.1,0,880.65,0,391.38,0,947,65.2215196488524,9.63644372360607,113,,
2019,9,4,19,0,20.8,99,0,0.8,0,651.13,0,139.74,0,947.4,65.4800352487201,7.38813791115617,127,,
2019,9,4,20,0,20,108,0,1.2,0,0,0,0,0,947.8,57.5641050126798,5.77524868970867,140,,
2019,9,4,21,0,18.9,124,0,2.2,0,0,0,0,0,947.8,47.4761508470286,5.29402673088602,153,,
2019,9,4,22,0,17.8,156,0,3.1,0,0,0,0,0,947.8,37.7637230568077,5.06998719267189,161,,
2019,9,4,23,0,16.8,-157,0,2.9,0,0,0,0,0,947.8,30.8271221328154,4.7858013464543,162,,
2019,9,5,0,0,15.8,-125,0,2.5,0,0,0,0,0,947.9,28.0776037677535,5.00331162370994,153,,
2019,9,5,1,0,14.9,-109,0,2,0,0,0,0,0,948.2,13.259346649976,4.51134912678208,141,,
2019,9,5,2,0,14.2,-99,0,1.3,0,0,0,0,0,948.6,14.6107271177306,4.10195097282927,127,,
2019,9,5,3,0,13.6,-92,0,0.7,0,0,0,0,0,948.9,14.9668140994401,3.96264753313575,114,,
2019,9,5,4,0,13.2,-86,0,0.4,0,0,0,0,0,949.1,2.2814087181535,5.00396632164545,100,,
2019,9,5,5,0,13.4,-80,0,0.4,17,0,32,0,0,949.4,8.72849028714785,5.76597409248996,87,,
2019,9,5,6,0,15.2,-73,0,0.7,49,0,214,0,0,949.7,19.9051375697993,5.87433857866526,73,,
2019,9,5,7,0,17.7,-65,0,1.1,64,0,434,0,0,949.9,37.979314679708,6.21439558714111,60,,
2019,9,5,8,0,19.9,-54,0,1.1,73,0,625,0,0,949.8,47.6389160163996,6.89876361926675,49,,
2019,9,5,9,0,22.3,-37,0,1.2,78,740.03,765,194.87,0,949.4,55.8043615654288,7.2491952939276,39,,
2019,9,5,10,0,24.4,-14,0,1.3,80,922.67,838,449.78,0,948.5,75.3859140049771,9.21176728121156,33,,
2019,9,5,11,0,25.7,13,0,0.8,81,998.38,838,674.92,0,947.6,84.1655722573979,10.8368349800612,33,,
2019,9,5,12,0,26.3,37,0,0.1,79,1036.71,766,847.94,0,946.9,90.1082842234226,10.2492824120403,39,,
2019,9,5,13,0,26.6,54,0,-0.5,74,1055.45,628,954.38,0,946.6,96.3491037389396,9.85245547337548,48,,
2019,9,5,14,0,26.7,65,0,-1.1,66,1056.99,438,982.64,0,946.5,101.683467406255,10.4340094152007,60,,
2019,9,5,15,0,26.3,73,0,-1.4,51,1046.29,220,933.54,0,946.6,103.662502214837,11.0622834429953,73,,
2019,9,5,16,0,24.1,80,0,-1.1,18,1021.09,36,811.24,0,946.8,111.57510703451,10.3450553677319,86,,
2019,9,5,17,0,21.6,86,0,-0.7,0,975.97,0,627.12,0,947.1,120.060062269286,10.4247803838384,100,,
2019,9,5,18,0,20.5,92,0,0.1,0,886.01,0,395.29,0,947.5,126.374217057711,10.8664811076435,113,,
2019,9,5,19,0,19.6,99,0,0.5,0,655.05,0,141.66,0,948.2,132.437431251533,8.77472079105974,127,,
2019,9,5,20,0,18.8,109,0,0,0,0,0,0,0,948.6,135.780139077114,8.92132249451368,140,,
2019,9,5,21,0,17.8,125,0,-0.5,0,0,0,0,0,948.6,141.711723525023,11.01235759503,152,,
2019,9,5,22,0,16.8,156,0,-1.1,0,0,0,0,0,948.5,148.554532003274,12.4210419458605,161,,
2019,9,5,23,0,15.9,-157,0,-1.8,0,0,0,0,0,948.6,156.893225055274,13.1475946116486,161,,
2019,9,6,0,0,15.2,-125,0,-2,0,0,0,0,0,948.7,162.225974606988,14.4587827409838,153,,
2019,9,6,1,0,14.5,-109,0,-2,0,0,0,0,0,948.8,167.778468036528,11.7906090522242,140,,
2019,9,6,2,0,13.8,-100,0,-2.2,0,0,0,0,0,948.8,170.266460351643,9.8883244570751,127,,
2019,9,6,3,0,13.2,-93,0,-2.3,0,0,0,0,0,948.9,168.938170273757,8.3264832116143,114,,
2019,9,6,4,0,12.5,-87,0,-2.4,0,0,0,0,0,949.4,163.763070463809,7.05478086140488,100,,
2019,9,6,5,0,12.5,-80,0,-2.6,18,0,34,0,0,950.1,158.706894598316,6.46470503483452,86,,
2019,9,6,6,0,14,-74,0,-3,50,0,217,0,0,950.5,158.566354852737,5.87918339447557,73,,
2019,9,6,7,0,16.3,-65,0,-2.9,65,0,439,0,0,950.7,152.916558678571,5.97992824448578,60,,
2019,9,6,8,0,18.5,-54,0,-2.2,73,0,629,0,0,950.5,152.12189799981,6.2485734143664,48,,
2019,9,6,9,0,20.7,-38,0.5,-1.4,88,724.46,753,195.11,0,949.9,148.323454844241,7.37156140925624,38,,
2019,9,6,10,0,22.9,-14,0,-0.7,81,905.11,840,446.55,0,949.2,143.523245153435,9.8226713165623,32,,
2019,9,6,11,0,24.8,14,0,-0.3,81,980.27,841,668.37,0,948.6,147.415779497396,10.741509905667,32,,
2019,9,6,12,0,26.1,37,0,-0.6,79,1018.07,767,838.45,0,948.1,152.992458971685,11.0266922206386,38,,
2019,9,6,13,0,26.8,54,0,-1.2,73,1036.18,630,942.58,0,947.5,161.707664638559,9.51980010380607,48,,
2019,9,6,14,0,26.8,65,0,-1.7,65,1042.94,440,974.46,0,947.2,162.100280986673,9.44089288513111,60,,
2019,9,6,15,0,26.1,74,0,-1.8,51,1037.28,221,929.57,0,947.4,149.435979499791,11.1143911907034,73,,
2019,9,6,16,0,23.9,80,0.8,-1.8,20,1017.18,34,811.32,0,947.7,144.486189574917,11.6324947773548,86,,
2019,9,6,17,0,21.5,87,0,-1.9,0,972.86,0,627.73,0,948,143.256746055532,11.6742926261519,100,,
2019,9,6,18,0,20.4,93,0,-1.8,0,883.81,0,396.31,0,948.7,147.384060411337,11.7181690870966,113,,
2019,9,6,19,0,19.5,100,0,-1.5,0,654.74,0,142.87,0,949.1,152.263825213592,11.2044134106244,127,,
2019,9,6,20,0,18.7,110,0,-1.2,0,0,0,0,0,949.1,157.702604936858,13.3525700743652,140,,
2019,9,6,21,0,18.1,126,0,-0.9,0,0,0,0,0,948.7,160.265845083877,15.3286118081776,152,,
2019,9,6,22,0,17.5,157,0,-0.7,0,0,0,0,0,948.5,163.857996529518,14.8660472266215,161,,
2019,9,6,23,0,16.9,-157,0,-0.8,0,0,0,0,0,948.4,166.257034879118,14.3388573144194,161,,
2019,9,7,0,0,16.4,-126,0,-1.4,0,0,0,0,0,948.6,167.696488701634,14.335828576881,152,,
2019,9,7,1,0,15.6,-110,0,-2.6,0,0,0,0,0,948.9,163.884478055228,11.5834694509687,140,,
2019,9,7,2,0,14.7,-100,0,-3.9,0,0,0,0,0,948.8,165.732842760865,11.06382716,127,,
2019,9,7,3,0,13.6,-93,0,-4.9,0,0,0,0,0,948.8,162.221808230883,10.2347314143649,113,,
2019,9,7,4,0,12.8,-87,0,-5.6,0,0,0,0,0,949.1,162.662847507421,9.47736063187328,100,,
2019,9,7,5,0,13.1,-81,0,-5.8,20,0,33,0,0,949.8,163.648680241571,8.25569694289047,86,,
2019,9,7,6,0,15.9,-74,0,-5.9,54,0,216,0,0,950.8,161.160936394302,6.65319940970228,73,,
2019,9,7,7,0,19.7,-66,0,-5.2,68,0,437,0,0,951.2,155.717543394328,5.04381766499551,60,,
2019,9,7,8,0,22.9,-54,0,-3.6,77,0,628,0,0,950.7,158.100797953557,5.08986451119531,48,,
2019,9,7,9,0,25.5,-38,0,-2.4,82,751.87,766,204.62,0,949.7,161.653208987313,5.63396902199399,38,,
2019,9,7,10,0,27.4,-14,1.6,-2.2,116,926.01,792,459.67,0,948.8,163.13862709141,7.15099181855259,32,,
2019,9,7,11,0,28.4,14,6.1,-3.1,199,999.91,666,684.68,0,948.1,165.983553867792,7.95128438509398,32,,
2019,9,7,12,0,28.6,38,1.6,-4.3,111,1037.33,722,857.12,0,947.8,170.537677791974,8.95739860844731,38,,
2019,9,7,13,0,28.8,54,3.4,-4.8,124,1055.45,557,962.66,0,947.6,172.840476157363,8.80660142091404,48,,
2019,9,7,14,0,28.8,66,8,-5.1,147,1060.16,317,992.92,0,947.4,173.592553977397,9.79914741443537,60,,
2019,9,7,15,0,28.5,74,11.1,-4.9,108,1052.74,134,945.51,0,947.6,173.953768950703,10.8645264573362,73,,
2019,9,7,16,0,25.4,81,9.9,-4.7,33,1031.08,12,824.15,0,948,179.64184062914,11.2260919344834,86,,
2019,9,7,17,0,22.6,87,0,-4.4,0,987.49,0,638.44,0,948.6,184.255494183953,10.900294177781,100,,
2019,9,7,18,0,21.5,93,0,-4.5,0,899.9,0,404.32,0,949.3,183.090448401768,11.3827759341721,113,,
2019,9,7,19,0,20.3,100,0,-4.4,0,673.86,0,147.35,0,949.8,186.851168399738,9.53187247008958,127,,
2019,9,7,20,0,19.3,110,0,-4,0,0,0,0,0,950,186.238390472566,9.74409703188592,140,,
2019,9,7,21,0,18.6,126,0,-3.8,0,0,0,0,0,950.1,190.354487655419,10.4542353053233,152,,
2019,9,7,22,0,18.4,158,0,-3.7,0,0,0,0,0,950.1,192.91970371831,10.8315833723005,161,,
2019,9,7,23,0,18.2,-158,0,-3.8,0,0,0,0,0,950.3,200.282439369985,10.0060124866857,161,,
2019,9,8,0,0,17.7,-126,0,-3.9,0,0,0,0,0,950.5,201.858230634753,9.78850354628755,152,,
2019,9,8,1,0,17.1,-110,0,-3.7,0,0,0,0,0,950.4,201.432903701129,9.89831583045647,140,,
2019,9,8,2,0,16.6,-101,0,-3.5,0,0,0,0,0,950.2,200.075193437347,8.89963031911035,127,,
2019,9,8,3,0,16.1,-93,0,-3.6,0,0,0,0,0,950.4,200.937570814782,7.83769477810087,113,,
2019,9,8,4,0,15.5,-87,0,-3.6,0,0,0,0,0,951.1,203.78868586243,4.83234198948872,99,,
2019,9,8,5,0,15.8,-81,0,-3.5,19,0,38,0,0,951.8,207.110058229776,3.67741918054638,86,,
2019,9,8,6,0,18.5,-74,0,-3.2,51,0,227,0,0,952.4,208.771786437685,3.22196763868394,72,,
2019,9,8,7,0,22.1,-66,0,-2.8,67,0,449,0,0,952.8,203.127114707033,2.03885076487117,60,,
2019,9,8,8,0,25.5,-55,0,-2.1,77,0,639,0,0,952.6,201.182571454845,2.01086670430158,48,,
2019,9,8,9,0,28,-38,0,-1.9,83,755.69,777,209.12,0,951.9,196.349181175447,2.13722503193706,38,,
2019,9,8,10,0,29.5,-14,0,-2.8,87,928.61,848,465.05,0,951,170.92362501942,2.20339307047948,32,,
2019,9,8,11,0,30.5,14,0,-4.2,88,1001.98,845,690.36,0,949.8,159.246762969103,3.0201581344588,32,,
2019,9,8,12,0,31.3,38,0,-4.7,89,1039.3,767,862.94,0,949,163.506119999481,5.25498273876152,38,,
2019,9,8,13,0,31.8,55,1,-4.3,97,1057.47,606,968.45,0,948.8,150.621411544594,2.85049695114721,48,,
2019,9,8,14,0,31.7,66,2.8,-2.9,100,1060.91,395,997.32,0,948.6,179.387219184272,6.93752882113079,60,,
2019,9,8,15,0,31,74,7.7,-0.9,97,1052.25,150,948.43,0,948.8,183.765145296929,9.93518464955769,72,,
2019,9,8,16,0,27.5,81,3.5,0.4,26,1029.31,25,825.73,0,948.9,191.884711100582,10.9253493586405,86,,
2019,9,8,17,0,24.5,87,0,0.8,0,985.26,0,639.52,0,949.2,195.981642449732,10.1579543760984,99,,
2019,9,8,18,0,24.3,94,0,2,0,897.2,0,405.14,0,950.1,202.861842383397,9.73316081613036,113,,
2019,9,8,19,0,24.2,101,0,3.4,0,671.28,0,148.19,0,951,209.944158740408,8.18634199716816,127,,
2019,9,8,20,0,24,111,0,3.9,0,0,0,0,0,951.2,208.287435857073,8.61422292328632,140,,
2019,9,8,21,0,23.8,127,0,3.7,0,0,0,0,0,951,210.096714128282,7.63412521894344,152,,
2019,9,8,22,0,23.7,158,0,3.4,0,0,0,0,0,950.7,202.471244872756,8.95239799777592,160,,
2019,9,8,23,0,23,-158,0,3.3,0,0,0,0,0,950.5,198.009908282724,10.4856143528707,160,,
2019,9,9,0,0,22.1,-127,0,3.4,0,0,0,0,0,950.4,200.2448692519,11.8859640555964,152,,
2019,9,9,1,0,21.8,-111,0,3.1,0,0,0,0,0,950.3,211.382523973312,11.5436127141014,140,,
2019,9,9,2,0,21.2,-101,0,2,0,0,0,0,0,950.5,214.732258233738,8.81695358499244,126,,
2019,9,9,3,0,19.2,-94,0,1,0,0,0,0,0,950.8,224.616131047879,7.83081466368105,113,,
2019,9,9,4,0,17.5,-87,0,0.6,0,0,0,0,0,951.3,227.252750582034,7.6597820779636,99,,
2019,9,9,5,0,18.7,-81,0,1.4,21,0,37,0,0,951.7,229.707852244372,7.5384431416573,86,,
2019,9,9,6,0,21.9,-75,0,2.1,56,0,219,0,0,952.4,235.411424093123,7.04622806242356,72,,
2019,9,9,7,0,24.6,-66,0,2.3,74,0,435,0,0,953,246.288327749345,6.5276698814841,59,,
2019,9,9,8,0,26.9,-55,0,3.1,84,0,622,0,0,953,247.37267321189,6.69081772800151,47,,
2019,9,9,9,0,28.7,-38,0,3.7,91,746.36,756,210.7,0,952.6,245.513752627874,7.41708699760606,37,,
2019,9,9,10,0,30.2,-14,0,3.3,96,913.36,824,462.67,0,951.9,239.567372009265,7.74252829146904,31,,
2019,9,9,11,0,31.5,15,0.7,2.4,110,987.07,802,685.6,0,950.9,231.801515147228,7.06834786148762,31,,
2019,9,9,12,0,32.3,39,5.6,1.7,188,1024.77,608,856.34,0,950.3,224.78245496608,7.21481592640312,37,,
2019,9,9,13,0,32.8,55,11.3,1.3,227,1043.22,396,960.63,0,949.9,230.148099177062,7.17470141710706,48,,
2019,9,9,14,0,32.8,67,10.4,1.1,185,1046.69,261,988.82,0,949.8,239.299921977486,7.62788240806452,59,,
2019,9,9,15,0,32.2,75,11.2,1.2,116,1037.86,121,939.89,0,950,255.72990675393,7.38427941604707,72,,
2019,9,9,16,0,29.2,82,8.7,1.4,34,1014.54,12,817.82,0,950,252.373345674155,9.32409499565347,86,,
2019,9,9,17,0,26,88,14.9,1.5,0,969.6,0,632.81,0,950.3,252.336984434645,11.1871071063755,99,,
2019,9,9,18,0,25.7,94,0,1.5,0,880.14,0,400.37,0,950.8,275.198442861875,8.4914287510575,113,,
2019,9,9,19,0,25.9,101,0,1.5,0,652.96,0,146.3,0,951.3,300.448066304701,14.2143368236732,127,,
2019,9,9,20,0,25.2,111,0,1.5,0,0,0,0,0,951.7,333.371046690278,9.67459672005808,140,,
2019,9,9,21,0,24.3,128,0,1.6,0,0,0,0,0,951.7,332.561438935216,9.31754296932199,152,,
2019,9,9,22,0,23.3,159,0,1.7,0,0,0,0,0,951.4,339.730010654026,8.34501966894045,160,,
2019,9,9,23,0,22.7,-158,0,1.8,0,0,0,0,0,951,340.668513393136,7.54219256085573,160,,
2019,9,10,0,0,22.5,-127,0,1.7,0,0,0,0,0,950.7,351.355301505848,5.77282079896065,151,,
2019,9,10,1,0,22,-111,0,1.8,0,0,0,0,0,950.8,5.12591340560238,7.03214447405688,139,,
2019,9,10,2,0,21,-101,0,2.4,0,0,0,0,0,951.3,358.269334892612,4.27205490890792,126,,
2019,9,10,3,0,19.8,-94,0,2.8,0,0,0,0,0,951.7,340.721380730574,2.42548754015707,113,,
2019,9,10,4,0,18.6,-88,2.6,3.1,0,0,0,0,0,951.9,309.799976127167,5.27253639574834,99,,
2019,9,10,5,0,19.8,-82,1.8,3.4,24,0,35,0,0,952.3,314.085745520292,6.754298312951,85,,
2019,9,10,6,0,23.2,-75,0,3.9,62,0,214,0,0,953,312.733924207692,6.70621851472243,72,,
2019,9,10,7,0,26.1,-67,0,4.1,78,0,432,0,0,953.4,315,6.61258578058154,59,,
2019,9,10,8,0,29.1,-55,0,3,85,0,623,0,0,953.2,325.782122597246,7.64803040624095,47,,
2019,9,10,9,0,31.6,-39,1.3,1.5,111,754.19,731,216.15,0,952.9,335.490873697398,8.32425064893654,37,,
2019,9,10,10,0,32.7,-14,0,0.7,86,922.04,844,470.71,0,952.4,355.77554595863,8.2215326045462,31,,
2019,9,10,11,0,33.5,15,0,-0.1,85,992.95,846,693.61,0,951.8,13.6066998211542,8.99853620263187,31,,
2019,9,10,12,0,34,39,0,-0.6,81,1028.53,773,863.48,0,950.9,15.2718082420881,10.2323109564969,37,,
2019,9,10,13,0,34.2,56,0,-0.9,74,1045.47,635,966.57,0,950.5,5.81851101458977,8.9014901339044,47,,
2019,9,10,14,0,34.1,67,0,-1.3,66,1047.4,445,993.09,0,950.8,1.38612304724495,8.40084978107515,59,,
2019,9,10,15,0,33.4,75,0.2,-1.6,52,1037.05,224,942.43,0,951.1,2.52228896866831,8.17239403971243,72,,
2019,9,10,16,0,30.6,82,1.2,-1.7,22,1012.15,34,818.82,0,951.3,21.8170323251136,6.98061344709201,86,,
2019,9,10,17,0,27.4,88,2,-1.9,0,966.85,0,633.48,0,951.5,51.1903356580789,7.22380413357929,99,,
2019,9,10,18,0,26,94,0,-2.2,0,877.02,0,400.92,0,952.2,68.2145454753444,8.5354020205813,113,,
2019,9,10,19,0,24.8,102,0,-2.4,0,650.14,0,147.04,0,953.1,73.6388033219532,9.00081613512138,126,,
2019,9,10,20,0,24.1,112,0,-2.6,0,0,0,0,0,953.5,75.0464264875868,7.1318681215049,140,,
2019,9,10,21,0,23.4,128,0,-2.6,0,0,0,0,0,953.5,68.7051804096112,5.94893056368735,151,,
2019,9,10,22,0,22.7,159,0,-2.2,0,0,0,0,0,953.7,70.1392659685351,5.17474530275096,160,,
2019,9,10,23,0,21.9,-158,0,-1.3,0,0,0,0,0,953.7,67.7652835102094,4.66722228678445,159,,
2019,9,11,0,0,21,-128,0,-0.3,0,0,0,0,0,953.7,59.0944742985736,4.80760615768472,151,,
2019,9,11,1,0,20.4,-112,0,0.8,0,0,0,0,0,953.8,28.947955634191,3.35733422052638,139,,
2019,9,11,2,0,20.1,-102,0,1.8,0,0,0,0,0,954,2.65181227051147,4.30541474378093,126,,
2019,9,11,3,0,19.7,-94,0,2.7,0,0,0,0,0,954.2,346.635724126493,5.086949403286,112,,
2019,9,11,4,0,19.2,-88,0,3.7,0,0,0,0,0,954.5,335.872174464198,5.50426763793776,99,,
2019,9,11,5,0,19.9,-82,0,4.7,23,0,39,0,0,955.2,334.265645554768,5.29895901644582,85,,
2019,9,11,6,0,23,-75,0,5,59,0,222,0,0,955.7,339.032397482933,5.03242850552186,72,,
2019,9,11,7,0,26.4,-67,0,4.7,76,0,439,0,0,956.1,342.109261459342,4.80662453625469,59,,
2019,9,11,8,0,28.9,-56,0,3.8,85,0,627,0,0,955.9,347.948079510949,4.67728884496903,47,,
2019,9,11,9,0,30.8,-39,1.5,2.2,116,708.45,725,209.41,0,955.2,355.181170038744,4.79032383977266,37,,
2019,9,11,10,0,31.9,-14,0,0.3,87,875.07,844,454.46,0,954.6,12.3899433430527,5.80702898560166,30,,
2019,9,11,11,0,32.7,15,0,-1.8,85,949.87,849,671.41,0,953.8,23.2120478404518,6.33279886390476,31,,
2019,9,11,12,0,33.2,40,0,-4.2,80,988.65,783,837.66,0,953,35.6552194557539,6.85526735373246,37,,
2019,9,11,13,0,33.2,56,0,-5.7,73,1007.8,649,939.01,0,952.5,36.9778687649165,5.81872353699583,47,,
2019,9,11,14,0,32.9,67,0,-6.1,66,1011.57,454,965.91,0,952.5,59.0705232091617,9.53026662560738,59,,
2019,9,11,15,0,32.2,76,0,-5.8,53,1002.47,229,917.31,0,952.8,64.7154319015475,8.98950092106733,72,,
2019,9,11,16,0,29.6,82,0,-5.3,21,978.31,38,797.22,0,953.2,72.7242141670247,8.79861409348884,86,,
2019,9,11,17,0,26.7,89,0,-5.2,0,931.65,0,615.73,0,953.7,77.1419668735408,8.38945987035905,99,,
2019,9,11,18,0,25.4,95,0,-5.3,0,331.29,0,308.93,0,954.2,69.5083554194206,8.98209855287452,113,,
2019,9,11,19,0,24.1,102,0,-5.3,0,612.45,0,141.9,0,954.8,61.1031502343011,9.36066002696744,126,,
2019,9,11,20,0,22.7,112,0,-5.2,0,0,0,0,0,955.2,54.3037304694014,9.37908595707879,139,,
2019,9,11,21,0,21.2,129,0,-5.3,0,0,0,0,0,955.2,41.6883942399362,7.51185647670735,151,,
2019,9,11,22,0,19.6,160,0,-5.4,0,0,0,0,0,955,42.2549320884751,7.21503310984352,159,,
2019,9,11,23,0,18.2,-158,0,-5.4,0,0,0,0,0,954.8,40.243380541305,7.16527048048438,159,,
2019,9,12,0,0,17.2,-128,0,-5.7,0,0,0,0,0,954.6,35.0442081191541,6.4085201313337,151,,
2019,9,12,1,0,16.9,-112,0,-6.1,0,0,0,0,0,954.5,24.6300544758276,7.19842773034248,139,,
2019,9,12,2,0,17,-102,0,-6.5,0,0,0,0,0,954.8,8.7284090966748,5.9201713875288,126,,
2019,9,12,3,0,16.4,-95,0,-6.7,0,0,0,0,0,955.3,348.711688083477,5.88728329649659,112,,
2019,9,12,4,0,15.5,-88,0,-6.6,0,0,0,0,0,955.5,336.084295639243,6.72585399750187,99,,
2019,9,12,5,0,17.9,-82,0,-5.6,23,0,45,0,0,955.9,338.99230219439,6.9083800919016,85,,
2019,9,12,6,0,22.9,-76,0,-5.6,55,0,242,0,0,956.5,342.582807670979,7.02110974141043,71,,
2019,9,12,7,0,26.3,-67,0,-6.9,68,0,467,0,0,957,343.257926667855,6.60413704883861,58,,
2019,9,12,8,0,28.3,-56,0,-7.5,75,13.67,662,1.44,0,956.9,351.146451756242,7.48760656085324,46,,
2019,9,12,9,0,30.1,-39,2.1,-7.6,116,697.91,748,210.36,0,956.3,1.88380238146885,9.02827084447045,36,,
2019,9,12,10,0,31.7,-14,0,-7.3,79,863.07,878,452.99,0,955.5,14.8239351362397,11.7099205778758,30,,
2019,9,12,11,0,32.8,16,0,-7.2,78,937.32,879,667.55,0,954.5,20.5975252945217,13.0572772114056,30,,
2019,9,12,12,0,33,40,0,-8.1,75,975.86,807,831.79,0,953.6,38.9140232248745,13.2634811856711,37,,
2019,9,12,13,0,32.8,57,0,-9.1,70,994.7,667,931.57,0,953.1,40.8549947505931,13.8768236024856,47,,
2019,9,12,14,0,32.4,68,0,-9.3,62,999.28,470,958.52,0,953.2,44.2966560587815,14.211690663547,59,,
2019,9,12,15,0,31.5,76,0,-9,49,990.83,243,910.52,0,953.4,47.8080037028778,15.3781328691361,72,,
2019,9,12,16,0,28.6,83,0,-9,19,967.17,44,791.51,0,953.9,48.2274975950768,14.6067253315363,86,,
2019,9,12,17,0,25.4,89,0,-9.3,0,423.66,0,508.39,0,954.5,45.3420065715176,12.3386644600716,99,,
2019,9,12,18,0,23.7,95,0,-9.7,0,331.12,0,306,0,955,49.3442694228089,11.3989230220111,113,,
2019,9,12,19,0,22.7,103,0,-10.8,0,153.83,0,80.69,0,955.4,49.8912097533996,10.3208700658015,126,,
2019,9,12,20,0,21.9,113,0,-12.8,0,0,0,0,0,955.5,66.1829688959576,9.84936723973207,139,,
2019,9,12,21,0,21.3,130,0,-14.5,0,0,0,0,0,955.2,78.5046707307883,9.54973780761193,151,,
2019,9,12,22,0,20.6,160,0,-15.3,0,0,0,0,0,954.7,86.7547625748372,9.4006670170503,159,,
2019,9,12,23,0,20,-158,0,-15.5,0,0,0,0,0,954.1,90.4090445334554,9.16323816923169,159,,
2019,9,13,0,0,19.4,-129,0,-15.3,0,0,0,0,0,953.6,95.75831749115,8.59343111988466,150,,
2019,9,13,1,0,18.6,-112,0,-14.9,0,0,0,0,0,953.5,103.557072049462,5.74561415820259,139,,
2019,9,13,2,0,17.6,-102,0,-15,0,0,0,0,0,953.6,112.904497835989,6.02155324825756,125,,
2019,9,13,3,0,17.3,-95,0,-15.5,0,0,0,0,0,953.8,111.840277290289,5.30236254236589,112,,
2019,9,13,4,0,17.4,-89,0,-16.2,0,0,0,0,0,954.2,106.49439434406,4.92527453403152,98,,
2019,9,13,5,0,18.7,-83,0,-16,22,0,55,0,0,954.7,99.7495090460284,4.86707570502099,85,,
2019,9,13,6,0,23,-76,0,-15.7,50,0,268,0,0,955.2,96.0140600454131,4.77224417392236,71,,
2019,9,13,7,0,27.6,-68,0,-15.3,62,0,502,0,0,955.4,80.9564685873153,4.29942403915102,58,,
2019,9,13,8,0,30,-56,0,-13.6,69,52.34,699,3.67,0,955,76.2723098379378,3.16045433200996,46,,
2019,9,13,9,0,31.1,-39,2.1,-12.7,112,714.53,784,217.94,0,954.4,75.0167631933978,3.38443599229969,36,,
2019,9,13,10,0,31.9,-14,0,-14.3,75,880.53,919,465.04,0,953.8,88.458527603684,5.66579090944351,30,,
2019,9,13,11,0,32.5,16,0,-16.2,76,954.23,918,682.54,0,953.3,97.5222807940281,9.69638309942631,30,,
2019,9,13,12,0,32.6,41,0,-17.5,74,992.79,840,849,0,952.8,110.311305938193,11.73711502267,36,,
2019,9,13,13,0,32.5,57,0,-18.2,69,1012,694,950.24,0,952.2,117.64569720104,12.3330905900178,47,,
2019,9,13,14,0,32,68,0,-18.3,63,1016.97,490,977.57,0,951.8,118.521092050244,14.1366513571206,59,,
2019,9,13,15,0,31,76,0,-18,51,1009.23,254,929.03,0,952,118.917574607343,15.2434393753825,72,,
2019,9,13,16,0,27.4,83,0,-17.8,21,986.61,46,808.5,0,952.7,124.021930585006,14.9815084492379,85,,
2019,9,13,17,0,23.5,89,0,-17.9,0,941.25,0,625.6,0,953.4,129.971319690561,15.0607207421017,99,,
2019,9,13,18,0,21.9,96,0,-18.1,0,851.23,0,396.45,0,953.8,132.604728037441,13.8766804091054,113,,
2019,9,13,19,0,20.9,103,0,-17.9,0,627.23,0,146.84,0,954.3,130.602695218932,11.3123663840432,126,,
2019,9,13,20,0,20,114,0,-17.3,0,0,0,0,0,954.6,137.022986038936,9.85445482757527,139,,
2019,9,13,21,0,18.6,130,0,-16.8,0,0,0,0,0,954.2,145.94265855821,9.45685005301849,151,,
2019,9,13,22,0,17.3,161,0,-16.8,0,0,0,0,0,953.7,152.454517325573,8.15792935556725,159,,
2019,9,13,23,0,16.9,-158,0,-17.1,0,0,0,0,0,953.3,153.539023633642,7.73911883530145,158,,
2019,9,14,0,0,16.3,-129,0,-17.2,0,0,0,0,0,952.8,154.846336849238,6.88174640251623,150,,
2019,9,14,1,0,16.1,-113,0,-17.3,0,0,0,0,0,952.5,154.291345711065,6.41943345510504,138,,
2019,9,14,2,0,16.2,-103,0,-17.4,0,0,0,0,0,952.7,159.210136320449,6.40497385497692,125,,
2019,9,14,3,0,15.7,-95,0,-17.4,0,0,0,0,0,952.8,158.037061164305,5.68171524105345,112,,
2019,9,14,4,0,15,-89,0,-17.3,0,0,0,0,0,953,157.021254264441,4.80289392121127,98,,
2019,9,14,5,0,17,-83,0,-16,25,0,55,0,0,953.8,146.746196769357,3.55466441510169,84,,
2019,9,14,6,0,21.5,-76,0,-15.7,56,0,268,0,0,954.8,145.299576799729,2.7652126885437,71,,
2019,9,14,7,0,25.1,-68,0,-16.6,68,0,505,0,0,955.2,157.137487462754,0.703672126761737,58,,
2019,9,14,8,0,27.7,-57,0,-16.6,74,98.92,707,6.25,0,954.8,331.978566630454,0.482349111806319,46,,
2019,9,14,9,0,29.7,-40,2.1,-16.6,117,734.82,792,226.44,0,954,336.507203927929,1.00947982460815,36,,
2019,9,14,10,0,31.1,-14,0,-16.9,79,897.65,923,476.85,0,953.2,8.21680838794975,0.682813776293786,29,,
2019,9,14,11,0,31.9,16,0,-17.3,79,968.74,919,695.87,0,952.4,88.8545227142056,1.37125279853977,30,,
2019,9,14,12,0,32.2,41,0,-17.7,76,1005.44,842,862.79,0,951.8,129.452490696281,5.99921786521703,36,,
2019,9,14,13,0,32.2,58,0,-18.2,71,1023.21,696,963.58,0,951.2,142.451682702534,9.07519463368948,47,,
2019,9,14,14,0,31.9,69,0,-18.3,64,1028.72,492,991.24,0,951,147.192209694674,10.0200520396658,59,,
2019,9,14,15,0,31.1,77,0,-17.9,51,1021.72,256,942.4,0,951.1,151.420410185441,10.6712316116174,72,,
2019,9,14,16,0,26.9,84,0.2,-17.7,21,1000.12,47,820.89,0,951.2,155.470144106741,10.4894901070025,85,,
2019,9,14,17,0,22.2,90,0,-17.1,0,958.85,0,637.82,0,951.7,156.933645601327,10.8558421017137,99,,
2019,9,14,18,0,20.7,96,0,-16.7,0,873.87,0,406.78,0,952.2,158.693928685243,11.7057544321367,113,,
2019,9,14,19,0,20.2,104,0,-17,0,655.79,0,152.91,0,952.6,159.66626315257,9.86822907130622,126,,
2019,9,14,20,0,19.6,114,0,-16.8,0,0,0,0,0,952.8,163.157142319699,9.66381235996528,139,,
2019,9,14,21,0,18.8,131,0,-16.2,0,0,0,0,0,952.5,165.372212189357,9.40158682706052,151,,
2019,9,14,22,0,18,162,0,-15.2,0,0,0,0,0,951.9,167.676726704193,8.5437072530748,158,,
2019,9,14,23,0,17.2,-158,0,-14.6,0,0,0,0,0,951.3,172.187210502331,7.89676137890622,158,,
2019,9,15,0,0,17.4,-129,0,-14.1,0,0,0,0,0,951.3,174.069867064544,7.74392177015401,150,,
2019,9,15,1,0,17.2,-113,0,-13.7,0,0,0,0,0,951.6,176.265255544075,6.58744961442096,138,,
2019,9,15,2,0,17,-103,0,-13.8,0,0,0,0,0,951.6,176.250391456783,6.80733376279983,125,,
2019,9,15,3,0,17.2,-96,0,-14,0,0,0,0,0,951.5,177.90493604343,5.44881679853657,111,,
2019,9,15,4,0,16.8,-89,0,-14.2,0,0,0,0,0,951.4,176.542320927779,3.30279535942096,98,,
2019,9,15,5,0,18.1,-83,0,-13.1,24,0,60,0,0,951.8,189.003785409469,1.92207531269577,84,,
2019,9,15,6,0,22.3,-76,0,-12.5,53,0,274,0,0,952.3,184.843133898281,1.20349272569853,71,,
2019,9,15,7,0,26.4,-68,0,-12.8,66,0,507,0,0,952.5,256.144120261677,0.619639264757813,58,,
2019,9,15,8,0,29.1,-57,0,-13.2,74,143.15,705,9.06,0,952.1,315,0.320472804508593,45,,
2019,9,15,9,0,30.9,-40,1.9,-14,114,751.19,793,233.97,0,951.6,126.334429104648,0.586647783447675,35,,
2019,9,15,10,0,32,-14,0,-14.5,82,908.94,914,485.97,0,951.1,141.019122611004,3.37165843849163,29,,
2019,9,15,11,0,32.7,17,0,-14.4,84,980.89,907,707.61,0,950.3,147.00065213402,4.5828931700871,29,,
2019,9,15,12,0,32.9,42,0,-14.3,82,1018.89,828,877.03,0,949.6,154.270772154181,5.98358774917695,36,,
2019,9,15,13,0,32.8,58,0,-14.4,77,1038.1,682,979.87,0,949,153.488710412559,9.23211802011404,46,,
2019,9,15,14,0,32.5,69,0,-14.2,70,1043.94,478,1007.81,0,948.6,162.068871081539,13.1051172719951,59,,
2019,9,15,15,0,31.7,77,0,-13.9,55,1037.56,246,958.46,0,948.7,168.650223233211,13.9124195283262,72,,
2019,9,15,16,0,28,84,1.1,-13.8,24,1016.87,42,835.62,0,949.2,168.833768701404,14.8628643482291,85,,
2019,9,15,17,0,24.1,90,0,-14.1,0,969.95,0,646.3,0,949.8,171.195546283692,15.5379858999483,99,,
2019,9,15,18,0,23.2,97,0,-14.2,0,879.04,0,410.44,0,950,171.416668834201,16.6429054831184,113,,
2019,9,15,19,0,22.9,104,0,-14.3,0,655.96,0,154.18,0,950.1,174.450222809937,16.2358238575723,126,,
2019,9,15,20,0,22.1,115,0,-14.9,0,0,0,0,0,950.1,181.688966069373,15.2405362473722,139,,
2019,9,15,21,0,21.5,132,0,-15.1,0,0,0,0,0,949.8,185.618700609228,14.1259791276342,150,,
2019,9,15,22,0,20.8,162,0,-15,0,0,0,0,0,949.5,188.555855797001,12.8413676041155,158,,
2019,9,15,23,0,19.8,-158,0,-14.7,0,0,0,0,0,949.1,193.462481300966,10.4542826265191,157,,
2019,9,16,0,0,18.3,-130,0,-14.5,0,0,0,0,0,948.9,193.681878645032,9.43060778989028,149,,
2019,9,16,1,0,17,-114,0,-14.4,0,0,0,0,0,949,195.20999318367,8.38243946660444,138,,
2019,9,16,2,0,16,-103,0,-14.4,0,0,0,0,0,949.1,189.588711194729,7.08287073383414,125,,
2019,9,16,3,0,15.3,-96,0,-14.3,0,0,0,0,0,949.4,182.860845536246,6.0268815888173,111,,
2019,9,16,4,0,14.9,-90,0,-13.3,0,0,0,0,0,949.7,170.773493190708,3.89801907694552,98,,
2019,9,16,5,0,17,-84,0,-10.5,27,0,58,0,0,950.3,164.652900077496,3.3944365152159,84,,
2019,9,16,6,0,21.8,-77,0,-9.4,59,0,268,0,0,951,174.120867365773,3.16503901496587,70,,
2019,9,16,7,0,25.6,-69,0,-9.9,73,0,499,0,0,951.2,159.113781176061,1.8187022170497,57,,
2019,9,16,8,0,28.5,-57,0,-10,82,165.45,693,11.62,0,950.7,149.470820648494,1.76856692896246,45,,
2019,9,16,9,0,30.9,-40,1.5,-11.1,114,742.38,793,235.71,0,950,147.117248279478,4.46064904316006,35,,
2019,9,16,10,0,32.3,-14,0,-11.7,89,899.23,904,486.07,0,949.4,163.991062382104,9.68783917402323,29,,
2019,9,16,11,0,33.1,17,0,-11.8,89,968.43,898,704.36,0,948.8,163.359768286901,12.3040111914588,29,,
2019,9,16,12,0,33.2,42,0,-11.7,87,1004.05,818,870.15,0,948,161.521098199515,9.9459180491647,36,,
2019,9,16,13,0,33.1,59,0,-11.8,80,1020.95,674,969.56,0,947.3,153.805883038362,6.69036063719534,46,,
2019,9,16,14,0,33,70,0,-11.9,71,1023.57,473,993.94,0,946.9,166.805324605109,14.6480341549734,59,,
2019,9,16,15,0,32.5,78,0,-11.8,56,1013.6,243,942.01,0,947,178.722075696872,15.5853787790924,72,,
2019,9,16,16,0,29.1,84,2.8,-11.6,27,988.79,36,818.08,0,947.5,182.372880616648,17.5497675576151,85,,
2019,9,16,17,0,25.4,91,0,-11.3,0,940.7,0,631.93,0,947.9,185.529813874031,16.8631974267254,99,,
2019,9,16,18,0,23.8,97,0,-11,0,848.02,0,400.48,0,948.4,186.048362893637,16.3483125709195,113,,
2019,9,16,19,0,22.5,105,0,-10.5,0,623.67,0,149.89,0,949,187.923561879246,13.0341582760879,126,,
2019,9,16,20,0,21.7,115,0,-10,0,0,0,0,0,949.4,187.401788431633,11.4307745859232,139,,
2019,9,16,21,0,21,132,0,-9.7,0,0,0,0,0,949.2,185.548796678378,10.0584596457212,150,,
2019,9,16,22,0,20.6,163,0,-9.5,0,0,0,0,0,948.7,183.134573634999,9.49812563024545,158,,
2019,9,16,23,0,20.2,-159,0,-9.1,0,0,0,0,0,948,182.252521917864,8.63898185309647,157,,
2019,9,17,0,0,20.2,-130,0,-8.3,0,0,0,0,0,947.4,183.635737897089,7.6945759291433,149,,
2019,9,17,1,0,20,-114,0,-7,0,0,0,0,0,947.4,195.05193084912,7.7013591779744,137,,
2019,9,17,2,0,19.1,-104,0,-4.9,0,0,0,0,0,947.7,188.452551053633,6.98966274525323,124,,
2019,9,17,3,0,18,-96,0,-2.4,0,0,0,0,0,948,182.17909551975,6.57492914230935,111,,
2019,9,17,4,0,17,-90,0,-0.9,0,0,0,0,0,948.6,176.330702732737,5.85959911296906,97,,
2019,9,17,5,0,17.5,-84,0,0,27,0,59,0,0,949.1,170.336146433467,5.65443462029084,84,,
2019,9,17,6,0,21,-77,0,-0.1,57,0,268,0,0,949.7,167.929730104547,5.13696006862167,70,,
2019,9,17,7,0,25.3,-69,0,-1.7,71,0,497,0,0,950.1,178.483818248981,4.72424125436453,57,,
2019,9,17,8,0,28.7,-58,0,-4,79,190.48,691,14.39,0,950.1,170.815698047869,5.16378683859116,45,,
2019,9,17,9,0,31.2,-40,1.4,-6.3,112,744.09,789,239.98,0,949.8,171.184307918348,5.86201299413126,34,,
2019,9,17,10,0,32.5,-14,0,-7.5,90,899.25,895,490.41,0,949.2,161.03692854863,5.22895948003952,28,,
2019,9,17,11,0,33.2,18,0,-7.8,91,969.41,890,709.42,0,948.3,174.791561106383,7.44447850969383,29,,
2019,9,17,12,0,33.3,43,0,-7.8,89,1006.21,812,876.14,0,947.7,178.10824552422,9.94255097287647,35,,
2019,9,17,13,0,33.1,59,0,-7.8,82,1024.34,668,976.5,0,947.2,187.113498746059,7.44362293520263,46,,
2019,9,17,14,0,33.1,70,0,-8.2,73,1029.08,468,1002.45,0,947.2,184.162823443328,8.23224195918169,59,,
2019,9,17,15,0,32.5,78,0,-8.4,58,1021.65,240,951.95,0,947.6,183.129004502652,11.4501811357495,72,,
2019,9,17,16,0,29.6,85,0,-8.2,23,999.6,43,828.78,0,947.9,188.791068397787,12.2683904877137,85,,
2019,9,17,17,0,26.3,91,0,-8.1,0,955.83,0,643.02,0,948.3,189.446739496379,11.7088568590645,99,,
2019,9,17,18,0,25.1,97,0,-7.7,0,868.25,0,410.21,0,949,191.563086599931,10.5611951232934,112,,
2019,9,17,19,0,24.5,105,0,-7,0,649.5,0,155.75,0,949.8,198.488380124854,7.93204439552374,126,,
2019,9,17,20,0,23.5,116,0,-6.2,0,0,0,0,0,950.1,194.564777245762,8.41818277391897,139,,
2019,9,17,21,0,22.1,133,0,-5.6,0,0,0,0,0,949.9,190.646598319628,8.87871598975988,150,,
2019,9,17,22,0,20.9,163,0,-4.9,0,0,0,0,0,949.6,190.653746578267,8.44974321707905,157,,
2019,9,17,23,0,20,-159,0,-4.4,0,0,0,0,0,949.6,189.139728743893,8.26057514430543,157,,
2019,9,18,0,0,19.1,-131,0,-3.8,0,0,0,0,0,949.7,190.896240984453,8.40890982899085,149,,
2019,9,18,1,0,18.3,-114,0,-3.6,0,0,0,0,0,949.8,197.552342516189,7.6159105651749,137,,
2019,9,18,2,0,17.6,-104,0,-3.8,0,0,0,0,0,949.9,200.331369600338,6.98175436897514,124,,
2019,9,18,3,0,16.4,-97,0,-4,0,0,0,0,0,950.3,182.563012399955,4.97756658899373,111,,
2019,9,18,4,0,14.5,-90,0,-4,0,0,0,0,0,950.7,171.414787152026,3.68973520792473,97,,
2019,9,18,5,0,16.4,-84,0,-3.9,29,0,61,0,0,950.9,162.48960884154,2.90814811343773,83,,
2019,9,18,6,0,21.1,-77,0,-3.9,60,0,269,0,0,951.1,144.800124603789,2.38536980046439,70,,
2019,9,18,7,0,24.4,-69,0,-4,76,0,495,0,0,951.2,135,1.69591889836039,57,,
2019,9,18,8,0,27.2,-58,0,-3.9,85,227.7,687,17.65,0,950.9,127.718062017989,1.26417341480788,44,,
2019,9,18,9,0,29.4,-41,0.5,-3.8,101,764.98,807,248.98,0,950.4,129.94369570368,0.815207746119942,34,,
2019,9,18,10,0,31,-14,0,-3.6,96,917.63,887,503.02,0,949.6,154.376176555932,1.27365158927741,28,,
2019,9,18,11,0,32.4,18,0,-3.5,97,985.67,880,724.06,0,948.8,162.086493437171,1.62558841372225,28,,
2019,9,18,12,0,33,43,0,-3.7,94,1021.04,802,891.75,0,948.2,183.169491546219,4.9446957271694,35,,
2019,9,18,13,0,33.1,60,0,-4.4,86,1038.12,662,992.16,0,947.6,176.514977027513,5.85036374097099,46,,
2019,9,18,14,0,33.2,71,0,-5,76,1041.03,464,1016.41,0,947.2,171.767406307135,6.35828432100467,58,,
2019,9,18,15,0,32.6,78,0,-5.1,58,1031.67,238,963.39,0,947.1,164.442494355926,6.58482239150396,72,,
2019,9,18,16,0,29.9,85,1.2,-5.1,25,1007.78,41,837.41,0,947.1,148.414927284279,6.47445225930188,85,,
2019,9,18,17,0,26.6,91,0,-5,0,962.33,0,649.01,0,947.3,146.573456380595,6.96403371630228,99,,
2019,9,18,18,0,24.7,98,0,-4.7,0,873.11,0,413.9,0,947.6,187.160300586795,7.80280926542696,112,,
2019,9,18,19,0,23.4,106,0,-4.3,0,653.11,0,157.68,0,948.2,210.165106911839,9.65506696181425,126,,
2019,9,18,20,0,21.9,116,0,-3.5,0,0,0,0,0,948.7,220.816636584475,12.0775437320103,139,,
2019,9,18,21,0,20.4,134,0,-2.7,0,0,0,0,0,948.8,229.360779821874,11.9167843795762,150,,
2019,9,18,22,0,19.2,163,0,-2.5,0,0,0,0,0,948.6,236.44136192728,10.4295443341718,157,,
2019,9,18,23,0,18.1,-159,0,-2.6,0,0,0,0,0,948.4,248.585667629688,10.5691942572768,156,,
2019,9,19,0,0,17.1,-131,0,-2.2,0,0,0,0,0,948.4,258.411420594139,9.992433196359,148,,
2019,9,19,1,0,15.9,-115,0,-1.2,0,0,0,0,0,948.3,265.786460796804,8.23277557642991,137,,
2019,9,19,2,0,14.6,-105,0,0.8,0,0,0,0,0,948.3,251.95551238862,7.5139333808241,124,,
2019,9,19,3,0,13.5,-97,0,3.5,0,0,0,0,0,948.7,242.418420570045,6.2006694546335,110,,
2019,9,19,4,0,12.5,-91,0,5.5,0,0,0,0,0,949.3,281.239400321987,2.44528883272991,97,,
2019,9,19,5,0,12.9,-84,0,7.1,31,0,62,0,0,949.9,324.97095006573,1.43590189994447,83,,
2019,9,19,6,0,15.3,-78,0,8.5,64,0,268,0,0,950.3,332.189812517769,0.962815584954126,70,,
2019,9,19,7,0,18,-70,0,8.7,81,0,493,0,0,950.5,343.576927625836,0.704549734171318,56,,
2019,9,19,8,0,20.2,-58,0,7.1,92,252.73,685,20.74,0,950.4,249.651481456691,1.1456929384491,44,,
2019,9,19,9,0,22.3,-41,0,4.6,98,771.49,823,254.53,0,949.8,240.015722226566,1.844442728213,34,,
2019,9,19,10,0,24.2,-14,0,2.3,98,921.3,895,509.08,0,949,243.023169990294,2.41069963322544,27,,
2019,9,19,11,0,25.5,18,0,0.9,97,989.28,891,730.81,0,948,252.721543685758,0.315020310764963,28,,
2019,9,19,12,0,26.2,44,0,0.9,93,1024.93,811,899.07,0,947.1,189.55744148965,0.471083604545087,35,,
2019,9,19,13,0,26.6,60,0,1.3,87,1042.4,663,999.85,0,946.5,106.95191213819,0.857430022595512,46,,
2019,9,19,14,0,26,71,0,1.7,76,1045.52,464,1023.96,0,946.5,182.080668555799,1.39931407397159,58,,
2019,9,19,15,0,24.8,79,0,1.8,58,1036.45,239,970.53,0,947,221.408057726651,2.42147940893994,71,,
2019,9,19,16,0,22.7,85,0.5,2,24,1012.94,44,843.86,0,947.8,7.96221673690206,1.74673298651198,85,,
2019,9,19,17,0,19.9,92,0,4.4,0,968.18,0,654.61,0,948.7,87.0232654586178,5.12387115307613,99,,
2019,9,19,18,0,17.9,98,0,5.6,0,879.85,0,418.29,0,949.4,126.672055742667,9.99244817039441,112,,
2019,9,19,19,0,17,106,0,4.8,0,661.46,0,160.43,0,949.8,133.030706045228,14.4701139586617,126,,
2019,9,19,20,0,16.1,117,0,3.8,0,0,0,0,0,950,140.64874062366,15.7698958828725,138,,
2019,9,19,21,0,14.7,134,0,1.8,0,0,0,0,0,950.3,146.357113670159,17.1112632985476,149,,
2019,9,19,22,0,13,164,0,1.1,0,0,0,0,0,950.6,151.639868559318,15.3358637101066,157,,
2019,9,19,23,0,11.4,-159,0,1.5,0,0,0,0,0,950.9,154.891609064188,13.0528455263466,156,,
2019,9,20,0,0,10.3,-131,0,1,0,0,0,0,0,951,159.132734076725,11.2069351754073,148,,
2019,9,20,1,0,9.3,-115,0,0.5,0,0,0,0,0,951,168.833389716038,7.96623267107135,137,,
2019,9,20,2,0,8.5,-105,0,-0.3,0,0,0,0,0,951.4,164.312590806848,6.64518070195752,124,,
2019,9,20,3,0,7.7,-97,0,-1.2,0,0,0,0,0,952,164.528699495815,6.09171705523022,110,,
2019,9,20,4,0,6.9,-91,0,-1.8,0,0,0,0,0,952.9,163.402999545438,4.1983031895594,97,,
2019,9,20,5,0,7.2,-85,0,-2.3,28,0,75,0,0,953.7,111.172485523184,2.9741548322601,83,,
2019,9,20,6,0,9.5,-78,0,-2.9,55,0,298,0,0,954.1,127.527232925509,2.99471453508081,69,,
2019,9,20,7,0,11.8,-70,0,-3.5,68,0,530,0,0,954.2,138.99456661267,5.82840638654622,56,,
2019,9,20,8,0,14.1,-59,0,-4.5,77,276.98,728,23.94,0,953.8,113.28009983223,5.06038966878928,44,,
2019,9,20,9,0,16.6,-41,0,-5.6,81,779.64,867,260.63,0,953.4,128.433442696037,6.47258440518395,33,,
2019,9,20,10,0,18.8,-14,0,-6.9,86,926.91,931,516.14,0,952.8,129.301940008826,11.8776562717909,27,,
2019,9,20,11,0,20.5,19,0,-8.1,88,993.07,922,737.73,0,952,134.868946763014,11.9763922581798,28,,
2019,9,20,12,0,21.3,45,0,-8.5,86,1027.36,840,905.27,0,951.3,139.020755408377,13.3539173134948,35,,
2019,9,20,13,0,21.6,61,0.7,-8.7,86,1043.66,682,1004.93,0,950.7,141.981110315573,12.2267225177472,46,,
2019,9,20,14,0,21.7,71,2.9,-9.1,100,1046.01,444,1027.98,0,950.4,147.664041509916,12.4357668172164,58,,
2019,9,20,15,0,21.1,79,1.4,-9.2,59,1036.17,249,973.44,0,950.6,152.099780856536,12.8793531195193,71,,
2019,9,20,16,0,18.7,86,2,-9.1,26,1012.28,45,846.1,0,951.2,153.448994741017,14.6715754407371,85,,
2019,9,20,17,0,15.9,92,7.6,-8.8,0,966.61,0,656,0,952.1,154.925571290296,14.7097341833316,99,,
2019,9,20,18,0,14.5,99,0,-8.7,0,877.41,0,419.21,0,952.8,153.951068363621,14.934034994787,112,,
2019,9,20,19,0,13.5,107,0,-8.9,0,658.72,0,161.28,0,953.2,156.742655722033,15.1646448127168,126,,
2019,9,20,20,0,12.7,118,0,-9.1,0,0,0,0,0,953.4,161.188561452547,14.3181595628526,138,,
2019,9,20,21,0,11.7,135,0,-9.4,0,0,0,0,0,953.4,164.47547754791,13.9083742547022,149,,
2019,9,20,22,0,10.8,164,0,-9.7,0,0,0,0,0,953.2,171.233892028927,13.8163551244419,156,,
2019,9,20,23,0,9.9,-159,0,-10.2,0,0,0,0,0,952.9,178.099543992365,13.7875460005312,156,,
2019,9,21,0,0,9.1,-132,0,-10.6,0,0,0,0,0,952.6,181.836226770152,13.7676616054281,148,,
2019,9,21,1,0,8.6,-116,0,-10.7,0,0,0,0,0,952.5,186.405740163575,9.2448499943348,136,,
2019,9,21,2,0,8.1,-105,0,-10.4,0,0,0,0,0,952.8,181.377786722775,9.42450776234733,123,,
2019,9,21,3,0,7.7,-98,0,-9.7,0,0,0,0,0,953.4,178.755827302614,9.17394585741305,110,,
2019,9,21,4,0,7.4,-91,0,-9,0,0,0,0,0,953.8,174.204519858521,8.66526975337419,96,,
2019,9,21,5,0,8.5,-85,0,-8.2,26,0,81,0,0,954.2,171.17015598576,8.1432927533171,83,,
2019,9,21,6,0,11.9,-78,0,-8,50,0,306,0,0,954.7,168.007781764652,7.33179331919835,69,,
2019,9,21,7,0,15.1,-70,0,-8.2,60,0,542,0,0,955.2,176.379775619774,6.30937335332531,56,,
2019,9,21,8,0,17.5,-59,0,-8.2,66,0,739,20.29,0,954.9,180.96269205523,6.04763665394666,44,,
2019,9,21,9,0,19.5,-41,0,-8.4,69,770.91,877,262.27,0,954.3,184.415833365378,6.19015841650863,33,,
2019,9,21,10,0,20.9,-14,0,-8.7,71,155.35,943,393.26,0,953.6,179.806262553169,6.91780132790486,27,,
2019,9,21,11,0,21.9,19,0,-9.1,72,393.41,933,593.48,0,952.8,179.090057946686,7.61791821514817,27,,
2019,9,21,12,0,22.6,45,0,-9.6,71,1016.81,849,901.29,0,952.2,177.008871010496,9.5049067727845,35,,
2019,9,21,13,0,22.9,61,0,-10,67,1033.13,699,999.81,0,951.6,185.382382298649,9.07877016482906,46,,
2019,9,21,14,0,22.9,72,0,-10.1,61,1035.02,494,1021.92,0,951.4,191.968025891301,9.26759868446007,58,,
2019,9,21,15,0,22.3,80,0,-10.1,50,1024.54,259,966.94,0,951.5,196.647578078307,10.1311493497995,71,,
2019,9,21,16,0,19.9,86,0.5,-9.8,22,586.66,50,737,0,951.9,195.874049938699,10.4401582878529,85,,
2019,9,21,17,0,17.1,92,0,-9.6,0,955.88,0,652.14,0,952.3,191.716539279299,9.86862503434525,99,,
2019,9,21,18,0,15.5,99,0,-9.5,0,868.98,0,417.84,0,953.1,190.447262165864,8.98371767856601,112,,
2019,9,21,19,0,14.4,107,0,-9.4,0,653.68,0,161.73,0,954,183.271347668032,8.49299746629095,125,,
2019,9,21,20,0,13.4,118,0,-9.1,0,0,0,0,0,954.4,178.00400062274,9.8641641444758,138,,
2019,9,21,21,0,12.6,136,0,-8.6,0,0,0,0,0,954.6,175.612889485448,10.1103900196862,149,,
2019,9,21,22,0,12.2,165,0,-8,0,0,0,0,0,954.6,172.304935788945,8.98588241088193,156,,
2019,9,21,23,0,11.8,-159,0,-7.2,0,0,0,0,0,954.6,170.969033359103,8.81096907443794,155,,
2019,9,22,0,0,11.3,-132,0,-6.7,0,0,0,0,0,954.4,175.422172158817,10.5280932956498,147,,
2019,9,22,1,0,10.8,-116,0,-6.4,0,0,0,0,0,954,178.576777769962,10.7130926019963,136,,
2019,9,22,2,0,10.3,-106,0,-6.1,0,0,0,0,0,954,177.83673253518,10.1475810020744,123,,
2019,9,22,3,0,9.8,-98,0,-5.9,0,0,0,0,0,954.2,177.404818079435,9.40401521128918,110,,
2019,9,22,4,0,9.5,-92,0,-5.9,0,0,0,0,0,954.7,170.082292974631,8.57329256001636,96,,
2019,9,22,5,0,10.5,-85,10.9,-5.6,53,0,35,0,0,955.2,158.324229420519,7.58298458835081,82,,
2019,9,22,6,0,13.5,-79,28.4,-5.8,194,0,52,0,0,955.8,141.424233131441,6.61535823207228,69,,
2019,9,22,7,0,16.4,-71,28.6,-6.2,330,0,94,0,0,956.4,142.460980255941,5.82766295882694,56,,
2019,9,22,8,0,18.5,-59,21.1,-6.3,363,0,265,23.8,0,956.5,132.657478291756,5.67813955714184,43,,
2019,9,22,9,0,20.6,-42,18.6,-6.8,398,89.53,363,178.01,0,956.1,130.072515841769,6.20728171627791,33,,
2019,9,22,10,0,22.1,-14,5.2,-7.4,205,433.62,746,433.16,0,955.4,141.3834472555,8.69373132362624,26,,
2019,9,22,11,0,23.1,20,3,-7.9,164,551.21,801,660.12,0,954.5,146.282906811344,9.45788141380084,27,,
2019,9,22,12,0,23.4,46,3.5,-7.9,158,1036.25,721,920.86,0,953.9,154.343878045754,11.8909037832101,34,,
2019,9,22,13,0,23.4,62,6.7,-7.9,197,695.12,505,920.06,0,953.4,159.161393095379,10.6956200586532,45,,
2019,9,22,14,0,23.4,72,13.3,-8,210,1055.94,263,1044.02,0,953.1,166.323341268776,11.0031416132174,58,,
2019,9,22,15,0,22.8,80,20.1,-7.9,164,1046.86,69,988.84,0,953.4,170.559936131367,11.2892094960128,71,,
2019,9,22,16,0,20.7,87,9.5,-7.7,37,776.84,25,778.73,0,953.9,171.122731491749,11.9986233308425,85,,
2019,9,22,17,0,18.2,93,16.8,-7.7,0,979.9,0,668.4,0,954.5,176.549619907672,12.984059843594,98,,
2019,9,22,18,0,16.7,100,8.4,-7.5,0,893.49,0,429.32,0,955.3,179.750487504187,12.5896641714376,112,,
2019,9,22,19,0,15.8,108,11.5,-7.4,0,175.19,0,116.53,0,956.1,181.07612951754,10.3921819785974,125,,
2019,9,22,20,0,15,119,7.3,-7.5,0,0,0,0,0,956.6,182.38676318561,9.56640989378947,138,,
2019,9,22,21,0,14.2,136,0,-7.8,0,0,0,0,0,956.3,185.052086346986,9.93625742756702,149,,
2019,9,22,22,0,13.6,165,0,-8.2,0,0,0,0,0,955.6,186.163679427009,10.4029673330262,156,,
2019,9,22,23,0,13,-159,0,-8.5,0,0,0,0,0,955,191.491247203288,10.3511210539994,155,,
2019,9,23,0,0,12.5,-132,0,-8.3,0,0,0,0,0,954.9,197.705119506067,10.3897744350251,147,,
2019,9,23,1,0,12.1,-116,0,-7.9,0,0,0,0,0,954.9,215.877090377757,7.43780709573529,136,,
2019,9,23,2,0,11.7,-106,0,-7.7,0,0,0,0,0,955.2,206.519227447726,6.33421936166186,123,,
2019,9,23,3,0,11.3,-98,0,-7.4,0,0,0,0,0,955.8,182.807873675834,5.58089609407692,109,,
2019,9,23,4,0,11,-92,0,-7.2,0,0,0,0,0,956,175.03025927189,5.7716981903076,96,,
2019,9,23,5,0,12,-86,0,-7,30,0,82,0,0,956.1,174.242919962003,6.23062219915784,82,,
2019,9,23,6,0,15.2,-79,0,-6.4,55,0,302,0,0,956.3,172.360362022678,6.58181295315259,69,,
2019,9,23,7,0,18.4,-71,0,-4.6,68,0,529,0,0,956.4,174.195672611531,6.18007630375448,55,,
2019,9,23,8,0,21.1,-60,0,-2,77,313.78,718,32.6,0,956.4,171.223895848936,6.221229034399,43,,
2019,9,23,9,0,23.5,-42,0,-0.7,83,773.35,851,270.76,0,955.7,168.656447709017,6.47405513988567,32,,
2019,9,23,10,0,24.8,-14,0,-1.1,85,915.49,918,523.84,0,954.8,167.471192290848,7.59870938973485,26,,
2019,9,23,11,0,25.7,20,0,-2,85,977.95,911,741.09,0,954.1,165.091901473994,7.28808057686411,27,,
2019,9,23,12,0,26.3,46,0,-2.9,83,1010.02,831,904.3,0,953.2,174.792511298959,7.40152824751721,34,,
2019,9,23,13,0,26.5,62,0,-3.8,78,1024.46,683,1000.01,0,952.6,177.996220963464,7.70390651507812,45,,
2019,9,23,14,0,26.5,73,0,-4.3,71,1023.66,480,1018.74,0,952.4,175.015663280476,9.75545641086935,58,,
2019,9,23,15,0,25.9,81,0,-4.1,57,1010.28,248,960.93,0,952.7,182.732496679856,9.50678801581349,71,,
2019,9,23,16,0,23.5,87,0.5,-2.9,25,981.84,46,831.57,0,953.4,185.058279609109,10.2350345505629,85,,
2019,9,23,17,0,20.5,93,3.6,0.6,0,935.09,0,644.25,0,954.2,189.987573004564,10.2251323856592,98,,
2019,9,23,18,0,19.2,100,0,1.9,0,256.42,0,312.88,0,954.8,197.189454815363,11.4856179953586,112,,
2019,9,23,19,0,18.3,108,0,1.9,0,162.15,0,95.97,0,955.1,197.455882563312,9.90957044543416,125,,
2019,9,23,20,0,17.3,119,0,3.5,0,0,0,0,0,955.3,195.161230659674,10.231107142742,138,,
2019,9,23,21,0,16.6,137,0,4.5,0,0,0,0,0,955.2,200.057158065359,10.5581004902401,149,,
2019,9,23,22,0,16,166,0,5,0,0,0,0,0,954.6,209.591461066259,12.1733056751965,155,,
2019,9,23,23,0,14.9,-159,0,4.6,0,0,0,0,0,954.2,211.318532538793,12.0162241023936,154,,
2019,9,24,0,0,13.9,-133,0,4.7,0,0,0,0,0,954,209.863800983969,11.7516350896189,147,,
2019,9,24,1,0,13.2,-117,0,4.8,0,0,0,0,0,953.8,220.640978213959,9.44610985865617,135,,
2019,9,24,2,0,12.5,-106,0,4.3,0,0,0,0,0,953.7,214.420515820079,6.54420966059934,123,,
2019,9,24,3,0,12.3,-99,0,4.4,0,0,0,0,0,954,201.317912275462,5.50142027116635,109,,
2019,9,24,4,0,12,-92,0,5,0,0,0,0,0,954.6,191.821488340607,5.4914706591222,96,,
2019,9,24,5,0,12.8,-86,0,5.2,43,0,60,0,0,955.1,188.652541791115,5.81619506206592,82,,
2019,9,24,6,0,15.8,-79,0,4.6,88,0,254,0,0,955.3,190.398834589672,5.54019262829181,68,,
2019,9,24,7,0,19.3,-71,0.2,2.8,117,0,466,0,0,955.3,187.586264883325,5.11900126228819,55,,
2019,9,24,8,0,21.9,-60,0,0.4,131,310.85,656,34.76,0,955.2,186.513559886789,4.8555380736809,43,,
2019,9,24,9,0,23.8,-42,0,-1.1,138,761.5,791,271.42,0,954.9,185.64225156938,4.84768195354278,32,,
2019,9,24,10,0,24.9,-14,1.4,-1,174,906.58,807,523.86,0,954.4,173.93824949245,5.88046693669859,25,,
2019,9,24,11,0,25.7,21,6.1,-0.6,262,973.77,663,742.58,0,953.4,175.48332598529,6.94334586130583,26,,
2019,9,24,12,0,26.4,47,9.8,-0.8,307,1009.79,502,908.18,0,952.4,178.270319791656,7.37433882256205,34,,
2019,9,24,13,0,26.9,63,0.2,-1.1,123,1027.76,621,1006.66,0,951.5,168.541741569847,6.78359057215345,45,,
2019,9,24,14,0,27.1,73,0,-1.1,103,1029.68,433,1027.52,0,951,169.904552984541,6.57437761030628,58,,
2019,9,24,15,0,27,81,0,-1.1,77,1019.16,216,971.45,0,951.1,166.984349765131,5.89749373484315,71,,
2019,9,24,16,0,23.9,87,2.4,-0.6,32,993.83,34,843.09,0,951.8,165.87308175255,6.04992258999624,85,,
2019,9,24,17,0,20.5,94,0,0.4,0,944.57,0,652.04,0,952.4,170.046689612964,6.07943835438125,98,,
2019,9,24,18,0,19.6,100,0,1.2,0,71.02,0,278.52,0,952.7,168.368949671092,6.54820040705653,112,,
2019,9,24,19,0,18.9,108,0,2.5,0,126.46,0,59.26,0,953,168.880772075812,6.46082744551389,125,,
2019,9,24,20,0,18.1,120,0,4.6,0,0,0,0,0,953.4,178.773866077459,7.12260965106356,138,,
2019,9,24,21,0,17.6,137,0,6,0,0,0,0,0,953.3,207.545237442687,6.6215590608954,148,,
2019,9,24,22,0,17.2,166,0,6.5,0,0,0,0,0,953.1,210.689681268424,7.28576227281977,155,,
2019,9,24,23,0,16.9,-159,0,6.6,0,0,0,0,0,952.7,210.845787912577,7.79354724222256,154,,
2019,9,25,0,0,16.4,-133,0,6.9,0,0,0,0,0,952.2,210.60189482677,8.38660944715621,146,,
2019,9,25,1,0,16,-117,6.5,7.1,0,0,0,0,0,951.7,218.396425911191,8.79171356771363,135,,
2019,9,25,2,0,15.6,-107,5.5,7,0,0,0,0,0,951.8,212.1952167093,5.10990707375904,122,,
2019,9,25,3,0,15.4,-99,5.3,6.9,0,0,0,0,0,952.2,185.1105549442,3.63946807741257,109,,
2019,9,25,4,0,15.2,-93,1.5,6.9,1,0,0,0,0,952.5,171.869897645844,3.53553390593274,95,,
2019,9,25,5,0,16.4,-86,1.5,6.9,42,0,65,0,0,952.9,168.310630824561,3.70177322374021,82,,
2019,9,25,6,0,19.6,-80,0,6.4,76,0,271,0,0,953.3,168.538822313295,3.77446012321937,68,,
2019,9,25,7,0,22.8,-72,0,5.6,98,0,488,0,0,953.5,174.010513996484,3.59381416929562,55,,
2019,9,25,8,0,24.7,-60,0,4.6,113,0,670,20.79,0,953.3,170.927006998404,3.49289803217743,42,,
2019,9,25,9,0,26.1,-43,0,3,123,93.27,800,177.12,0,952.8,170.927006998404,3.49289803217743,32,,
2019,9,25,10,0,27.2,-14,0.6,1.5,142,392.85,844,427.98,0,951.9,175.748925353436,4.05794725853822,25,,
2019,9,25,11,0,28,21,0,0.6,127,508.01,858,635.2,0,950.8,178.88953528831,5.24294221514365,26,,
2019,9,25,12,0,28.6,47,0,0.7,119,591.27,780,785.91,0,950.1,179.41472252773,5.36723755782226,34,,
2019,9,25,13,0,28.9,63,0,1.2,104,646.23,641,879.35,0,949.7,167.882684321472,4.80216757197182,45,,
2019,9,25,14,0,29,74,0,1.3,87,658.85,453,881.54,0,949.5,171.698396732436,5.25018729917336,58,,
2019,9,25,15,0,28.8,81,0.4,1.2,66,1007.98,231,964.83,0,949.5,178.245604149212,5.8737321086473,71,,
2019,9,25,16,0,25.9,88,9,1.3,31,560.12,37,727.46,0,949.5,188.413529541654,6.1125676273214,85,,
2019,9,25,17,0,22.5,94,30.9,1.4,0,455.87,0,552.86,0,949.8,195.3757197891,6.76137438436579,98,,
2019,9,25,18,0,21.6,101,31.5,1.3,0,344.66,0,335.55,0,950.4,180.890639986665,7.52430055410307,112,,
2019,9,25,19,0,21.9,109,24,1.4,0,637.58,0,164.01,0,951,163.23109810369,5.90344965974099,125,,
2019,9,25,20,0,22,120,13.3,1.7,0,0,0,0,0,951.2,163.699066906863,6.06813021257268,137,,
2019,9,25,21,0,21.2,138,16.5,2.2,0,0,0,0,0,950.6,162.263770165405,5.66778684753449,148,,
2019,9,25,22,0,20.5,167,30.6,2.4,0,0,0,0,0,949.7,175.66155136462,5.01033541134079,154,,
2019,9,25,23,0,19.9,-159,32.2,2.4,0,0,0,0,0,949.2,190.953910699574,4.70673378789785,154,,
2019,9,26,0,0,19.5,-133,30.5,2.4,0,0,0,0,0,949,205.306770849866,4.77878473846704,146,,
2019,9,26,1,0,19.2,-117,23.2,2.4,0,0,0,0,0,949.3,215.240151257317,3.87854013549142,135,,
2019,9,26,2,0,19,-107,28.9,2.4,0,0,0,0,0,949.6,179.933728636756,3.47661081884082,122,,
2019,9,26,3,0,18.4,-99,22.1,2.5,0,0,0,0,0,950,162.335062517057,4.042209344038,109,,
2019,9,26,4,0,17.4,-93,6.7,2.5,1,0,0,0,0,950.4,159.041113026363,4.68497010374804,95,,
2019,9,26,5,0,18.5,-87,0.3,2.4,39,0,75,0,0,950.9,159.27444113444,4.94501011121312,81,,
2019,9,26,6,0,21.9,-80,0,2.4,70,0,285,0,0,951.3,160.061518754355,5.13179935956801,68,,
2019,9,26,7,0,24.9,-72,0,2.4,85,0,510,0,0,951.5,163.531617272911,5.29126284959924,55,,
2019,9,26,8,0,27.3,-61,0,2.3,94,333.36,699,40.65,0,951.3,160.22626499382,5.39213804442852,42,,
2019,9,26,9,0,29.2,-43,0,2,100,762.5,833,279.31,0,950.6,161.647172461602,5.1608976305835,31,,
2019,9,26,10,0,30.7,-14,0,0.8,109,902.56,890,530.23,0,949.5,169.881814160321,5.55904447443211,25,,
2019,9,26,11,0,32,22,0,-0.8,111,967.89,880,747,0,948.4,181.730623775446,7.37031942266793,26,,
2019,9,26,12,0,32.9,48,0,-1.6,110,1002.58,795,910.37,0,947.6,179.828603875573,9.16378154885425,33,,
2019,9,26,13,0,33.4,64,0,-1.4,104,1019.32,645,1006.59,0,947.2,167.821976847282,8.20398554576625,45,,
2019,9,26,14,0,33.3,74,5.6,-0.7,148,1022.42,362,1027.6,0,946.9,159.09996825706,7.73127188603411,57,,
2019,9,26,15,0,32.4,82,8.4,-0.3,117,1012.96,155,971.96,0,946.8,162.839221602944,7.71862900959565,71,,
2019,9,26,16,0,30.3,88,19.7,0,38,988.63,23,844.2,0,947,171.49569933077,8.29441603269649,84,,
2019,9,26,17,0,27.9,94,30.1,0.3,0,943.05,0,655.39,0,947.5,178.955022376336,9.41932833886187,98,,
2019,9,26,18,0,25.8,101,30.9,0.8,0,854.07,0,420.84,0,948.1,188.732359972751,11.6544653530611,112,,
2019,9,26,19,0,23.9,109,11.6,1.1,0,640.18,0,165.81,0,948.7,195.911739783304,11.2839513316113,125,,
2019,9,26,20,0,22.5,121,5.1,1.3,0,0,0,0,0,949.3,202.874014285632,9.93793539748848,137,,
2019,9,26,21,0,21.7,139,2.8,1.7,0,0,0,0,0,949.1,211.034996281731,8.26541062993186,148,,
2019,9,26,22,0,21.7,167,27.8,2.1,0,0,0,0,0,948.6,221.256367695437,7.49307435125595,154,,
2019,9,26,23,0,21.8,-159,21,2.3,0,0,0,0,0,948.2,225.93587424149,6.91459724587329,153,,
2019,9,27,0,0,20.8,-134,1.8,2.1,0,0,0,0,0,947.9,227.146166253794,6.33532439845374,146,,
2019,9,27,1,0,19.5,-118,0,1.8,0,0,0,0,0,947.8,234.987647736637,4.90257626138198,134,,
2019,9,27,2,0,18.3,-107,0,1.4,0,0,0,0,0,948.1,195.148611498738,4.48403141302595,122,,
2019,9,27,3,0,17.3,-100,0,0.9,0,0,0,0,0,948.5,174.73881555247,5.19770192058407,108,,
2019,9,27,4,0,16.5,-93,0,0.3,1,0,0,0,0,948.8,171.790685616822,5.60827203564409,95,,
2019,9,27,5,0,17.8,-87,0,-0.1,41,0,78,0,0,949,171.526015415076,5.43432722988005,81,,
2019,9,27,6,0,21.2,-80,0,-0.4,76,0,286,0,0,949.5,167.629246742866,5.83466642022193,68,,
2019,9,27,7,0,24.5,-72,0,-0.8,94,0,508,0,0,949.9,162.947617133985,4.86214575570177,54,,
2019,9,27,8,0,27.2,-61,0,-0.2,103,352.66,697,44.22,0,949.9,158.587443750098,4.59022819072676,42,,
2019,9,27,9,0,29.9,-43,0,0.5,111,774.25,827,286.51,0,949.3,159.454691247277,4.56366352129435,31,,
2019,9,27,10,0,32.3,-14,0,0.4,118,912.43,885,539.28,0,948.2,172.52096979731,5.97259446363252,24,,
2019,9,27,11,0,33.7,22,0,-0.1,122,979.41,870,758.88,0,946.9,183.857809711303,6.20924409580888,25,,
2019,9,27,12,0,33.9,49,0,-0.7,116,1016.54,792,925.51,0,946.3,196.967483579187,5.79501575444559,33,,
2019,9,27,13,0,33.7,64,0.5,-2.1,93,1036.05,665,1024.92,0,946,205.5655238505,5.31293911735521,45,,
2019,9,27,14,0,33.4,75,2.7,-4.3,104,1039.89,438,1046.5,0,946,209.935171790201,3.88993238124898,57,,
2019,9,27,15,0,32.4,82,0,-5.4,58,1031.46,254,990.54,0,946.5,219.245646056246,3.03133241167537,71,,
2019,9,27,16,0,29.2,89,0.6,-4.4,26,1008.52,49,861.48,0,946.9,194.693168337457,3.61832650343842,84,,
2019,9,27,17,0,25.4,95,17.8,-3.1,0,964.18,0,669.94,0,947.6,193.668112221948,5.17393452468447,98,,
2019,9,27,18,0,23,102,0,-3.1,0,876.97,0,431.67,0,948.5,203.349756755002,5.42053670418213,112,,
2019,9,27,19,0,21.5,110,0,-3.9,0,665.17,0,171.77,0,949.2,205.890759103996,4.75017504869458,125,,
2019,9,27,20,0,20.3,121,0,-4.1,0,0,0,0,0,949.7,213.896158443946,4.79080782121393,137,,
2019,9,27,21,0,18.9,139,0,-3.1,0,0,0,0,0,949.8,223.045193795693,4.86418986434562,148,,
2019,9,27,22,0,17.5,167,0,-1.8,0,0,0,0,0,949.6,234.942949684584,5.27764150147292,154,,
2019,9,27,23,0,16.9,-159,0,-0.9,0,0,0,0,0,949.4,241.879718989897,6.05873906179961,153,,
2019,9,28,0,0,16.8,-134,0,-0.5,0,0,0,0,0,949,250.299677405685,6.60517591091979,145,,
2019,9,28,1,0,16.4,-118,0,-0.2,0,0,0,0,0,949,247.605215271063,7.15671159672355,134,,
2019,9,28,2,0,15.5,-108,0,0.5,0,0,0,0,0,949.2,229.20625852369,4.55600147796266,122,,
2019,9,28,3,0,14.6,-100,0,1.8,0,0,0,0,0,949.5,218.087312603731,3.9704136860459,108,,
2019,9,28,4,0,14,-94,0,3.4,1,0,0,0,0,949.7,213.558063841261,3.30002880996883,95,,
2019,9,28,5,0,15.7,-87,1.5,4.8,50,0,67,0,0,950,214.978272942524,2.74601388742624,81,,
2019,9,28,6,0,19,-81,44,6,192,0,11,0,0,950.6,217.70059437769,2.36976651415165,67,,
2019,9,28,7,0,21.8,-73,34.2,6,271,0,133,0,0,950.9,197.431210819351,2.75134942162535,54,,
2019,9,28,8,0,24.2,-62,31.1,4.5,408,384.05,144,48.73,0,950.8,205.520758258546,2.49327024539353,41,,
2019,9,28,9,0,26.3,-44,39.1,2.6,493,796.68,75,296.64,0,950.3,213.508458143606,2.39864428235018,30,,
2019,9,28,10,0,27.9,-14,50.1,1.1,475,929.12,27,551.47,0,949.6,224.262961743732,2.79273415937993,24,,
2019,9,28,11,0,29.2,23,37.1,0,583,992.5,43,771.59,0,948.8,226.893054222316,4.34994340559926,25,,
2019,9,28,12,0,29.8,49,41.4,-0.6,515,1026.11,18,936.98,0,948.3,207.1334910614,9.70432384173816,33,,
2019,9,28,13,0,29.9,65,44.9,-1.2,383,1042.3,34,1033.95,0,947.8,213.372556486353,7.59125610814008,44,,
2019,9,28,14,0,30,75,41.7,-1.8,282,1045.99,41,1055.13,0,947.6,215.138413508387,7.07874198992048,57,,
2019,9,28,15,0,29.5,83,42.6,-2.2,152,1037.53,14,998.47,0,947.7,210.489333950594,8.16821115397433,71,,
2019,9,28,16,0,27.3,89,20.8,-2.7,46,1014.64,5,868.42,0,947.9,211.372632724668,8.33563036337092,84,,
2019,9,28,17,0,24.5,95,5.4,-3.7,0,969.48,0,675.1,0,948.1,221.75709730019,8.20534160583244,98,,
2019,9,28,18,0,22.6,102,14.5,-5.1,0,881.54,0,435.21,0,948.8,230.988168123174,8.25949772996575,111,,
2019,9,28,19,0,21.1,110,0.7,-5.7,0,669.52,0,173.91,0,949.6,229.448566835445,8.15344792080432,125,,
2019,9,28,20,0,20.2,122,0,-5.7,0,0,0,0,0,949.7,236.325164505333,7.6226668098479,137,,
2019,9,28,21,0,19.8,140,0,-5.3,0,0,0,0,0,949.2,271.340455517787,10.4834986301951,147,,
2019,9,28,22,0,19.3,168,0,-4.3,0,0,0,0,0,948.8,279.770838479016,11.8280062838218,153,,
2019,9,28,23,0,18.6,-160,0,-3.5,0,0,0,0,0,948.3,282.460981410022,8.97756791336052,152,,
2019,9,29,0,0,17.8,-134,0,-3.4,0,0,0,0,0,948.1,275.923978059433,8.21235401013889,145,,
2019,9,29,1,0,16.8,-119,0,-4,0,0,0,0,0,948,286.347563778797,8.58996897189776,134,,
2019,9,29,2,0,16.2,-108,0,-4.6,0,0,0,0,0,947.9,275.694379317126,6.81102303816822,121,,
2019,9,29,3,0,15.9,-100,0,-5.2,0,0,0,0,0,948.3,267.684264314394,4.92983026322914,108,,
2019,9,29,4,0,15.6,-94,0,-5.5,1,0,1,0,0,948.8,270.765810439626,3.80114377426753,94,,
2019,9,29,5,0,17.9,-88,0,-5.2,38,0,95,0,0,949.4,278.817502070445,3.59327094942286,81,,
2019,9,29,6,0,22.1,-81,0,-3.1,67,0,318,0,0,950.1,284.152551944901,3.2752129784656,67,,
2019,9,29,7,0,25.4,-73,0,-1,81,0,547,0,0,950.4,322.085140477691,2.44104936376272,54,,
2019,9,29,8,0,27.7,-62,0,-1.3,90,382.05,738,50.98,0,950.1,347.207298719342,2.48755131827579,41,,
2019,9,29,9,0,29.4,-44,0,-3.1,96,791.88,873,299.2,0,949.7,8.51574303500627,3.03344306438219,30,,
2019,9,29,10,0,30.8,-14,0,-5,99,928.75,938,555.46,0,949.1,26.6981404497461,4.50353110415915,23,,
2019,9,29,11,0,32.1,23,0,-6.6,100,991.58,927,775.1,0,948.3,43.4074373349797,6.36073110139129,25,,
2019,9,29,12,0,32.5,50,0,-6.8,96,1024.88,842,939.89,0,947.9,60.5083721620838,7.14888518110177,33,,
2019,9,29,13,0,32.5,65,0,-6.6,86,1040.82,695,1036.23,0,947.5,70.3590557066096,5.91428228284197,44,,
2019,9,29,14,0,32.5,76,0,-7,74,1042.22,494,1054.98,0,947.3,105.179035086245,8.78719413336267,57,,
2019,9,29,15,0,32.1,83,0,-7.1,57,1031.38,262,996.12,0,947.3,117.329431033222,13.8944425636766,71,,
2019,9,29,16,0,29.3,89,1.2,-7.1,27,1005.92,52,864.47,0,947.3,113.158658349492,15.0779253577807,84,,
2019,9,29,17,0,25.9,96,0,-7.3,0,961.72,0,672.73,0,947.5,117.32089525843,14.0513437534246,98,,
2019,9,29,18,0,24.3,102,0,-7.5,0,874.79,0,434.38,0,948.2,125.006644768905,13.0329106087636,111,,
2019,9,29,19,0,23.2,111,0,-7.7,0,664.62,0,174.4,0,949.2,138.740862157134,12.7512063791989,124,,
2019,9,29,20,0,22.2,122,0,-7.9,0,0,0,0,0,949.7,148.080191886654,13.4376138175983,137,,
2019,9,29,21,0,21,140,0,-8.2,0,0,0,0,0,949.6,151.14620719947,14.3335415203405,147,,
2019,9,29,22,0,19.6,168,0,-8.3,0,0,0,0,0,949.1,153.749925508607,13.4401423501551,153,,
2019,9,29,23,0,18.6,-160,0,-8.4,0,0,0,0,0,948.7,161.42635080697,12.5556371879303,152,,
2019,9,30,0,0,18,-135,0,-8.3,0,0,0,0,0,948.5,169.305948630204,10.9433486795637,144,,
2019,9,30,1,0,17.6,-119,0,-8.2,0,0,0,0,0,948.5,166.016933924984,8.79120627380858,134,,
2019,9,30,2,0,16.8,-108,0,-8.1,0,0,0,0,0,948.4,174.224659302018,6.40348213844327,121,,
2019,9,30,3,0,15.6,-101,0,-7.9,0,0,0,0,0,948.6,182.262791852899,4.45266773799313,108,,
2019,9,30,4,0,15,-94,0,-7.4,2,0,1,0,0,949,175.506195283802,4.13772013148607,94,,
2019,9,30,5,0,18.7,-88,0.8,-7.1,41,0,96,0,0,949.4,173.480198248343,4.40347873845213,80,,
2019,9,30,6,0,23.6,-81,0,-7.2,68,0,321,0,0,950.1,175.364536573097,4.64017779831765,67,,
2019,9,30,7,0,26.1,-73,0,-6.9,83,0,551,0,0,950.8,185.040287009273,3.69007313559309,53,,
2019,9,30,8,0,28.6,-62,0.2,-6.5,97,379.06,734,53.04,0,950.9,183.691385986451,3.88305614175227,41,,
2019,9,30,9,0,31,-44,0,-5.5,100,776.61,872,298.54,0,950.3,180.646832277577,4.50028677658161,30,,
2019,9,30,10,0,32.6,-14,0,-5,103,909.57,936,550.07,0,949.2,180.493489950477,5.89861029720814,23,,
2019,9,30,11,0,33.7,24,0,-5.6,102,972.85,925,766.56,0,948,188.830426029218,7.63323854637926,24,,
2019,9,30,12,0,34,50,0,-5.1,99,1006.54,836,928.96,0,947.5,200.28217711656,9.00341497102661,33,,
2019,9,30,13,0,34,66,0,-4.5,94,1022.65,681,1023.69,0,947.3,209.513743181162,7.81026165097735,44,,
2019,9,30,14,0,34,76,1.1,-4.9,96,1023.01,460,1040.8,0,947.1,210.721247612325,6.7975088224193,57,,
2019,9,30,15,0,33.3,83,3.2,-4.9,82,1010.81,223,981.25,0,947.1,207.57234022731,5.66247363260721,71,,
2019,9,30,16,0,30.7,90,2.7,-4.6,31,983.6,46,850.05,0,947.3,209.587985099251,6.05954395677314,84,,
2019,9,30,17,0,27.4,96,11.3,-4.2,0,936.84,0,659.96,0,947.9,193.380122408714,5.80598796780946,98,,
2019,9,30,18,0,25.4,103,0,-3.7,0,846.95,0,424.91,0,948.6,197.749540788965,7.03402783704753,111,,
2019,9,30,19,0,24.1,111,0,-3.2,0,634.88,0,170.06,0,949.5,200.775940249424,5.50645000913638,124,,
2019,9,30,20,0,23.2,123,0,-2.8,0,0,0,0,0,950.2,212.150790952193,6.3209179780099,137,,
2019,9,30,21,0,22.1,141,0,-2.2,0,0,0,0,0,950.5,215.439369107916,6.784352699968,147,,
2019,9,30,22,0,20.8,168,0,-1.5,0,0,0,0,0,950.2,214.97533759164,7.2988016304855,153,,
2019,9,30,23,0,20.1,-160,0,-1,0,0,0,0,0,949.8,212.147819484058,8.24472675590714,152,,
2019,10,1,0,0,19.7,-135,0,-0.5,0,0,0,0,0,949.5,209.612897127036,9.17038938497238,144,,
2019,10,1,1,0,19.1,-119,0,0.1,0,0,0,0,0,949.6,222.368592026473,9.73867403981312,133,,
2019,10,1,2,0,18.7,-109,0,0.8,0,0,0,0,0,949.9,221.379005493866,8.39711628707641,121,,
2019,10,1,3,0,18.3,-101,0,1.2,0,0,0,0,0,949.9,224.76138983718,8.62620884573839,107,,
2019,10,1,4,0,17.8,-94,0,1.5,2,0,1,0,0,950.2,229.125861541577,8.10025620959351,94,,
2019,10,1,5,0,19.5,-88,0,1.7,40,0,96,0,0,950.7,230.490288519815,7.9389072634554,80,,
2019,10,1,6,0,23.7,-82,0,1.5,68,0,314,0,0,951.1,229.125861541577,8.10025620959351,67,,
2019,10,1,7,0,27.5,-74,0,1,83,0,537,0,0,951.4,228.078674359716,7.55984447840991,53,,
2019,10,1,8,0,30.2,-63,0,0.4,94,373.73,720,53.05,0,951.4,228.215483991748,7.87896725465971,40,,
2019,10,1,9,0,31.9,-45,0,0.3,102,762.09,847,292.82,0,950.8,228.764564502462,8.07730861553097,29,,
2019,10,1,10,0,33,-14,0,0.8,109,891.33,902,535.36,0,950,226.004689482548,9.13848531368822,23,,
2019,10,1,11,0,34.2,24,0,0.9,111,955.18,888,748.04,0,948.9,220.318075801741,10.3537580500459,24,,
2019,10,1,12,0,35,51,0,1.2,107,989.42,804,907.8,0,948.1,217.634167474353,11.5470060286275,32,,
2019,10,1,13,0,35.3,67,0,1.4,94,1005.87,662,1000.94,0,947.6,224.027855037677,10.2516804954885,44,,
2019,10,1,14,0,35.4,76,3.1,1.2,118,1009.34,412,1020.21,0,947.4,224.924616898786,10.4104502986019,57,,
2019,10,1,15,0,35.2,84,1.8,0.9,80,1000.07,219,963.62,0,947.3,225.227680036907,9.75587585393075,70,,
2019,10,1,16,0,32,90,2.8,1.1,33,975.75,40,835.79,0,947.4,230.021726470929,9.56326566924606,84,,
2019,10,1,17,0,28.9,96,1,1.2,0,926.16,0,645.55,0,947.9,233.78576016823,9.63966605969483,98,,
2019,10,1,18,0,27.9,103,10.2,1.3,0,833.17,0,412.46,0,948.9,221.902484909677,9.5513656263991,111,,
2019,10,1,19,0,26.9,112,12.9,1.5,0,619.41,0,163.06,0,950,215.603014835934,9.3533061420669,124,,
2019,10,1,20,0,25.9,123,10.9,1.4,0,0,0,0,0,950.3,225.797867679137,10.6903396869844,136,,
2019,10,1,21,0,25.4,141,0,1.3,0,0,0,0,0,949.8,245.630536813045,10.1202421265511,146,,
2019,10,1,22,0,24.6,169,0,1.2,0,0,0,0,0,949.1,258.720192624017,10.2249208435041,152,,
2019,10,1,23,0,23.6,-160,0,1.1,0,0,0,0,0,948.7,257.906481834346,9.50778992280241,151,,
2019,10,2,0,0,23,-135,0,1.2,0,0,0,0,0,948.6,259.42427359281,8.72645153732454,144,,
2019,10,2,1,0,22.3,-120,0,1.3,0,0,0,0,0,948.5,269.495107087326,9.33260056537977,133,,
2019,10,2,2,0,21.5,-109,0,1.5,0,0,0,0,0,948.6,274.31825616025,7.20833101069861,120,,
2019,10,2,3,0,20.9,-101,0,1.5,0,0,0,0,0,949,245.561302281861,6.59047751498207,107,,
2019,10,2,4,0,20.6,-95,0,1.5,2,0,1,0,0,949.4,242.266193048905,5.48130525298705,94,,
2019,10,2,5,0,22.7,-89,0,1.6,43,0,94,0,0,949.7,238.200140102495,5.64870954613021,80,,
2019,10,2,6,0,27.1,-82,0,1.2,73,0,308,0,0,949.8,237.686995154997,7.48301088646687,66,,
2019,10,2,7,0,30.8,-74,0,0.9,88,0,528,0,0,950,242.747340373666,6.55143161252628,53,,
2019,10,2,8,0,33.1,-63,0,1.3,98,397.1,714,56.42,0,950,244.241565034524,6.32798010705355,40,,
2019,10,2,9,0,34.5,-45,0,1.7,103,790.36,845,303.03,0,949.5,248.242004568208,5.7325984876176,29,,
2019,10,2,10,0,35.5,-14,0,1.5,104,931.29,910,559.49,0,948.7,252.866411415258,4.83978746947626,22,,
2019,10,2,11,0,36.6,25,0,1.1,103,993.27,898,777.76,0,947.9,265.888414141796,3.16054702413646,24,,
2019,10,2,12,0,37.1,52,0,1.1,99,1026.42,817,941.35,0,947.6,256.114358225513,4.68779738161942,32,,
2019,10,2,13,0,37,67,0,1.1,90,1042.44,672,1036.59,0,947.6,250.831823155075,5.40104866249505,44,,
2019,10,2,14,0,36.9,77,0,0.8,78,1045.12,476,1055.35,0,947.5,245.09203847893,6.5850967365278,57,,
2019,10,2,15,0,36.3,84,0,0.7,60,1035.64,251,996.56,0,947.5,252.222623102884,5.48869348887025,70,,
2019,10,2,16,0,33.9,91,1.8,0.9,29,1011.67,48,864.96,0,947.7,251.962502646056,3.26614756729265,84,,
2019,10,2,17,0,30.8,97,0,1.2,0,964.9,0,670.68,0,948.1,241.956724952867,7.92662158604923,98,,
2019,10,2,18,0,29,104,0,1.5,0,875.48,0,431.44,0,948.7,262.263227216876,8.70423462635911,111,,
2019,10,2,19,0,27.6,112,0,1.6,0,664.64,0,173.24,0,949.5,349.541313435487,12.2257739647505,124,,
2019,10,2,20,0,26.5,124,0.1,1.5,0,0,0,0,0,949.8,0.809855842895558,11.0157135357467,136,,
2019,10,2,21,0,25.9,142,5.5,1.6,0,0,0,0,0,949.5,1.53539812207845,7.55680276920044,146,,
2019,10,2,22,0,25.1,169,0.2,2,0,0,0,0,0,949.2,358.921635731777,5.43809519459719,152,,
2019,10,2,23,0,24.1,-160,0,2.4,0,0,0,0,0,948.9,8.3925475573609,3.55340125768321,151,,
2019,10,3,0,0,22.9,-136,0,2.6,0,0,0,0,0,948.9,31.9536888052548,3.52627184140381,143,,
2019,10,3,1,0,21.6,-120,0,2.7,0,0,0,0,0,949.1,48.0829569454331,3.47905409989132,133,,
2019,10,3,2,0,20.9,-109,0,2.9,0,0,0,0,0,949.7,61.2295368826175,4.00123998303063,120,,
2019,10,3,3,0,20.6,-102,0,2.9,0,0,0,0,0,950,346.091166152803,1.67408512723171,107,,
2019,10,3,4,0,20.6,-95,0,3.1,2,0,2,0,0,949.7,259.618257067734,2.36287857420623,93,,
2019,10,3,5,0,22.7,-89,0,3.4,39,0,106,0,0,950,253.603118900036,3.54246592547113,80,,
2019,10,3,6,0,27.2,-82,0,3.6,64,0,325,0,0,950.5,251.790329981492,3.76263084952748,66,,
2019,10,3,7,0,30.9,-75,0,3.3,78,0,547,0,0,950.6,247.55131341476,3.40653207350139,53,,
2019,10,3,8,0,32.8,-64,0,2.8,87,419.12,732,60.86,0,950.2,254.152372961473,3.11853122892527,40,,
2019,10,3,9,0,34.1,-45,0,2.6,93,792.91,860,307.34,0,949.6,272.880460861738,2.95292662133484,29,,
2019,10,3,10,0,35.3,-14,0,2.4,104,919.58,912,557.45,0,948.8,332.273321724031,2.84617655264177,22,,
2019,10,3,11,0,36.4,25,0,1.8,106,981.55,898,773.6,0,947.9,359.387965415725,2.56629970019486,23,,
2019,10,3,12,0,36.8,52,0,1.4,103,1014.74,813,935.49,0,947.1,9.4812461445382,1.63527485582242,32,,
2019,10,3,13,0,36.9,68,1.3,1.1,118,1030.68,633,1029.47,0,946.4,43.4154092913877,2.3925668604378,44,,
2019,10,3,14,0,37,77,17.1,0.6,223,1033.83,241,1048.13,0,946,67.3886637615256,2.45833201835281,57,,
2019,10,3,15,0,36.6,85,22.9,0.4,160,1024.64,83,989.77,0,945.9,193.893068065141,1.95145916052228,70,,
2019,10,3,16,0,34,91,17.2,0.6,44,1000.8,12,859.08,0,946.3,221.069180929334,5.92277583200738,84,,
2019,10,3,17,0,30.5,97,4.9,0.8,0,954.81,0,666.63,0,946.8,235.199349957823,6.42780896989273,98,,
2019,10,3,18,0,29.4,104,0,0.7,0,866.2,0,429.34,0,947.1,262.483793078319,5.07983756788361,111,,
2019,10,3,19,0,28.8,113,5.1,0.8,0,657.15,0,173.08,0,947.5,270.40958412573,5.41937203524626,124,,
2019,10,3,20,0,27.7,124,6.5,1.2,0,0,0,0,0,947.9,238.700909598677,0.984258609811862,136,,
2019,10,3,21,0,27,142,4.9,1.5,0,0,0,0,0,948.1,249.442466478052,3.07990663893314,146,,
2019,10,3,22,0,26,169,0.2,1.9,0,0,0,0,0,947.8,261.766293296126,4.17276939772292,152,,
2019,10,3,23,0,24.3,-160,0,2.4,0,0,0,0,0,948,263.182759597948,3.55327084241453,150,,
2019,10,4,0,0,23,-136,0,2.9,0,0,0,0,0,948.6,249.432970431809,4.6693290774666,143,,
2019,10,4,1,0,22.1,-120,0,3,0,0,0,0,0,948.7,272.240905103172,6.59934873407538,132,,
2019,10,4,2,0,21.2,-110,0,2.6,0,0,0,0,0,949.1,255.009032824805,5.79896695211261,120,,
2019,10,4,3,0,20.1,-102,0,1.7,0,0,0,0,0,949.7,246.516972282029,5.58779118992741,107,,
2019,10,4,4,0,19.1,-95,0,0.8,3,0,1,0,0,950.2,245.138202664629,4.87786236864513,93,,
2019,10,4,5,0,20.1,-89,1.6,0,50,0,91,0,0,950.6,246.801409486352,4.75985819116494,80,,
2019,10,4,6,0,23.4,-83,0,-0.5,80,0,305,0,0,950.6,246.801409486352,4.75985819116494,66,,
2019,10,4,7,0,26.3,-75,0,-0.5,96,0,525,0,0,950.8,253.31132514376,4.17589157604792,52,,
2019,10,4,8,0,28.6,-64,0,-0.1,105,432.31,711,64.57,0,950.8,252.938065500148,3.6611332284642,40,,
2019,10,4,9,0,30.7,-46,0,0.9,110,800.36,843,313.11,0,950.2,247.829827551281,3.37448528363262,28,,
2019,10,4,10,0,32.4,-14,0,1.9,111,927.6,908,565.2,0,949.3,229.303469318105,3.79200642917487,21,,
2019,10,4,11,0,33.5,26,0,2.4,109,988.78,900,782.11,0,948.4,226.923200711109,5.26750052856218,23,,
2019,10,4,12,0,33.8,53,0,2.9,105,1021.52,817,944.32,0,948.2,240.569475980533,6.70939953719982,32,,
2019,10,4,13,0,33.8,68,0,3.3,100,1037.21,665,1038.27,0,948.2,255.567011214924,5.5943195447376,44,,
2019,10,4,14,0,33.5,78,0,4.3,89,1037.5,464,1054.14,0,948.1,251.335610630717,4.58892156829501,57,,
2019,10,4,15,0,32.2,85,0,5.9,69,1025.5,240,992.9,0,948.1,260.613788060476,4.88558548959532,70,,
2019,10,4,16,0,30,91,1.7,6.9,32,999.44,44,860.12,0,948,271.416054165174,6.95131865349464,84,,
2019,10,4,17,0,27.7,98,0,7.3,0,951.83,0,666.63,0,948.2,265.429480711301,6.61863444020556,97,,
2019,10,4,18,0,26,105,0,7,0,861.53,0,428.97,0,949.1,312.277359637587,2.67689933462654,111,,
2019,10,4,19,0,24.5,113,0,5.7,0,651.6,0,173.21,0,949.9,268.990672811445,8.00928518032446,124,,
2019,10,4,20,0,22.9,125,0,3.6,0,0,0,0,0,950.3,270.349520923764,5.03226349898063,136,,
2019,10,4,21,0,21.1,143,0,2.4,0,0,0,0,0,950.2,96.6702837916128,5.47823531551488,146,,
2019,10,4,22,0,19.5,170,0,2.2,0,0,0,0,0,949.8,119.823381915514,5.12753778636922,151,,
2019,10,4,23,0,18.1,-160,0,2.3,0,0,0,0,0,949.2,132.269864375975,7.3629331010918,150,,
2019,10,5,0,0,17.1,-136,0,2.2,0,0,0,0,0,948.8,141.432859486889,6.4588943962982,143,,
2019,10,5,1,0,16.1,-121,0,2,0,0,0,0,0,948.7,135.355258410287,6.25242498686885,132,,
2019,10,5,2,0,15,-110,0,2.3,0,0,0,0,0,949.3,128.467413226534,7.42839712339783,120,,
2019,10,5,3,0,13.9,-102,0,2.7,0,0,0,0,0,950,131.352744363957,4.68839140397128,106,,
2019,10,5,4,0,13.2,-96,0,3.2,3,0,2,0,0,950.4,105.142851151582,1.91404772243395,93,,
2019,10,5,5,0,13.9,-90,0,3.7,45,0,107,0,0,950.9,72.9043929311422,2.37848347576354,79,,
2019,10,5,6,0,16.9,-83,0,2.8,73,0,328,0,0,951.4,62.0261268168846,3.1978245188519,66,,
2019,10,5,7,0,20.2,-75,0,1.1,88,0,554,0,0,951.6,55.4969050818031,3.97210170519808,52,,
2019,10,5,8,0,23.2,-64,0,-0.3,97,437.31,742,67.55,0,951.2,52.9925904365773,4.56872636371419,39,,
2019,10,5,9,0,26,-46,0,-1.3,102,795.86,872,315.22,0,950.6,64.7479656825902,6.32721602797827,28,,
2019,10,5,10,0,28.4,-14,0,-1.7,108,921.71,930,565.89,0,949.5,74.8725882361558,11.3906902363454,21,,
2019,10,5,11,0,30.2,26,0,-1.9,108,983.78,916,782.31,0,948.6,72.9473695965103,16.5966146250476,23,,
2019,10,5,12,0,31.4,54,0,-2.1,103,1017.51,832,944.45,0,948,78.0846253905334,21.1508998986929,31,,
2019,10,5,13,0,32,69,0,-2.2,94,1034.35,685,1038.8,0,947.5,81.8312703153887,22.1579267838564,43,,
2019,10,5,14,0,32.4,78,0,-2.2,83,1038.56,484,1057.77,0,947.3,80.2264760362313,20.4328815356102,57,,
2019,10,5,15,0,32.3,85,0,-2.1,65,1030.55,256,999.49,0,947.5,77.8115101637808,19.6296164359172,70,,
2019,10,5,16,0,29.3,92,1.1,-1.9,31,1008.03,51,868.55,0,947.7,76.7281486282562,18.8709675702544,84,,
2019,10,5,17,0,25.8,98,0,-1.7,0,961.15,0,673.96,0,948.1,83.9911606873177,17.5099444299566,97,,
2019,10,5,18,0,25.1,105,0,-1.7,0,871.89,0,434.75,0,948.5,89.2198837991433,16.1612173102284,111,,
2019,10,5,19,0,24.6,113,0,-1.5,0,663.56,0,176.84,0,949,100.684143234521,15.3516577086509,124,,
2019,10,5,20,0,23.7,125,0,-1.2,0,0,0,0,0,949.3,116.735947892306,15.9992292552904,136,,
2019,10,5,21,0,22.7,143,0,-1,0,0,0,0,0,949.2,124.449350008404,16.4463921829504,145,,
2019,10,5,22,0,21.6,170,0,-0.8,0,0,0,0,0,948.7,127.633465815259,16.0550737462202,151,,
2019,10,5,23,0,20.9,-160,0,-0.7,0,0,0,0,0,948.1,139.984703620434,17.477565139877,150,,
2019,10,6,0,0,20.2,-137,0,-0.6,0,0,0,0,0,947.9,148.091812506216,16.1699499259209,142,,
2019,10,6,1,0,19.5,-121,0,-0.4,0,0,0,0,0,948.1,152.921436257554,12.0734536320737,132,,
2019,10,6,2,0,18.9,-110,0,-0.1,0,0,0,0,0,948.4,153.902517485882,11.357085799385,119,,
2019,10,6,3,0,18.4,-103,0,0.2,0,0,0,0,0,948.9,152.654699654616,10.3828227653813,106,,
2019,10,6,4,0,17.9,-96,0,0.3,4,0,3,0,0,949.3,152.025134401649,9.79262602667045,93,,
2019,10,6,5,0,19.2,-90,0,0.3,45,0,111,0,0,949.5,150.584343194958,9.87003591380663,79,,
2019,10,6,6,0,22.6,-83,0,0.2,73,0,333,0,0,950.1,149.609008943065,9.24258042826725,65,,
2019,10,6,7,0,26.2,-76,0,0.1,88,0,558,0,0,950.8,155.982636228499,8.29210867695391,52,,
2019,10,6,8,0,29,-65,0,0.1,99,444.09,743,70.71,0,950.9,162.730798758491,7.40815142385031,39,,
2019,10,6,9,0,31.1,-47,0,-0.1,107,795.54,870,318.54,0,950.6,174.112719636508,7.31195760452742,28,,
2019,10,6,10,0,32.8,-14,0,-0.4,112,921.32,929,569.29,0,949.6,177.885841504458,8.15394182846559,21,,
2019,10,6,11,0,33.9,27,0,-0.8,112,984.52,915,786.32,0,948.3,178.394917518284,8.92528498927839,22,,
2019,10,6,12,0,34.3,54,0,-1.4,106,1019.9,831,949.65,0,947.6,174.775015240649,9.86518775796926,31,,
2019,10,6,13,0,34.4,69,0,-2,90,1038.39,691,1045.3,0,947.2,169.838410416224,11.0483025431497,43,,
2019,10,6,14,0,34.5,79,0,-2.4,78,1044.09,492,1065.31,0,946.9,173.778465726786,12.6876627919758,56,,
2019,10,6,15,0,34.4,86,0,-2.6,61,1037.67,262,1007.8,0,946.8,176.255908911601,15.1291420564166,70,,
2019,10,6,16,0,30.3,92,1.8,-2.3,31,1016.92,53,877.13,0,946.9,174.465789557554,13.2797297054651,84,,
2019,10,6,17,0,26.4,98,0,-2.3,0,971.05,0,681.51,0,947.2,173.260992209959,13.875830464488,97,,
2019,10,6,18,0,26.6,105,0,-2.7,0,883.5,0,440.94,0,947.6,175.94233063146,16.4461872931142,111,,
2019,10,6,19,0,26.6,114,0,-2.6,0,677.61,0,180.83,0,948.2,176.434453169192,16.8319139096841,123,,
2019,10,6,20,0,25.5,126,0,-2.5,0,0,0,0,0,948.6,178.141217725449,16.1360400935173,135,,
2019,10,6,21,0,24.2,144,0,-2.3,0,0,0,0,0,948.5,178.938799473832,16.0246682260577,145,,
2019,10,6,22,0,23.1,170,0,-1.8,0,0,0,0,0,948.2,181.51336336053,17.0084821365953,150,,
2019,10,6,23,0,22,-160,0,-0.8,0,0,0,0,0,947.7,186.980496146233,17.9363051360688,149,,
2019,10,7,0,0,21,-137,0,0.4,0,0,0,0,0,947.5,189.34898662952,14.9126264064375,142,,
2019,10,7,1,0,20.3,-121,0,1.2,0,0,0,0,0,947.6,189.030576085084,11.4263521693813,131,,
2019,10,7,2,0,19.8,-111,0,1.6,0,0,0,0,0,947.8,189.399229505537,10.5276685173119,119,,
2019,10,7,3,0,19.3,-103,0,1.9,0,0,0,0,0,948.4,188.951387428416,9.9926825271506,106,,
2019,10,7,4,0,18.7,-96,0,2.4,4,0,4,0,0,949.2,191.175805796608,8.78761759533665,93,,
2019,10,7,5,0,19.8,-90,0,3,42,0,120,0,0,949.8,188.304846201188,7.62676046071618,79,,
2019,10,7,6,0,23.6,-84,0,3.4,66,0,343,0,0,950.3,183.340783539969,6.03364514833855,65,,
2019,10,7,7,0,27.6,-76,0,3.4,81,0,565,0,0,950.7,182.79095239908,4.65391179645727,52,,
2019,10,7,8,0,30.7,-65,0,3,91,465.78,749,75.46,0,950.6,176.496563066934,4.85666371098175,39,,
2019,10,7,9,0,33,-47,0,2.4,96,808.97,877,326.2,0,950.1,170.193941959004,7.91238376111245,27,,
2019,10,7,10,0,34.5,-14,0,1.9,98,931.26,938,577.97,0,949.2,173.556927715092,9.32828922936278,20,,
2019,10,7,11,0,35.4,28,0,0.9,97,991.04,925,794.21,0,947.8,178.886188208486,10.0406376723694,22,,
2019,10,7,12,0,35.6,55,0,0.6,93,1023.03,840,955.38,0,946.9,185.023818187791,12.3126495505523,31,,
2019,10,7,13,0,35.7,70,0.3,0.5,90,1038.21,684,1048.06,0,946.4,196.994099289172,11.7349975557139,43,,
2019,10,7,14,0,35.8,79,0.8,-0.1,85,1038.29,476,1062.75,0,946.3,196.450321699594,10.4428192692534,56,,
2019,10,7,15,0,35.5,86,3.2,-0.6,76,1026.3,238,1000.49,0,946.5,195.07718446715,10.0324875061757,70,,
2019,10,7,16,0,33,93,5.8,-0.6,39,1000.01,39,866.6,0,946.9,196.520272724265,10.1530408915242,84,,
2019,10,7,17,0,29.8,99,0,-0.5,0,952.32,0,672.26,0,947.3,194.713050267083,10.8593646776288,97,,
2019,10,7,18,0,27.9,106,0,-0.1,0,862.31,0,433.97,0,947.7,194.420162466674,12.0790017222276,111,,
2019,10,7,19,0,26.8,114,0,0.9,0,655,0,177.68,0,948.5,193.666421928127,11.6733283049626,123,,
2019,10,7,20,0,26.3,126,0,2.5,0,0,0,0,0,949,196.808985476047,11.9552361591665,135,,
2019,10,7,21,0,25.6,144,0,3.7,0,0,0,0,0,948.8,200.929893271337,11.9852464749495,145,,
2019,10,7,22,0,24.5,170,0,4.1,0,0,0,0,0,948.3,202.833665522209,12.8244205163565,150,,
2019,10,7,23,0,23.3,-160,0,4.1,0,0,0,0,0,948.1,205.742320220348,13.2389484197589,149,,
2019,10,8,0,0,22.3,-137,0,4.1,0,0,0,0,0,947.9,205.164095865276,14.4140295119299,142,,
2019,10,8,1,0,21.4,-122,0,4,0,0,0,0,0,948,208.284414396066,10.8411479723524,131,,
2019,10,8,2,0,20.5,-111,0,3.7,0,0,0,0,0,948.6,210.635587558288,9.09340096230478,119,,
2019,10,8,3,0,19.6,-103,0,3.4,0,0,0,0,0,949.2,207.559326598798,8.06331813146017,106,,
2019,10,8,4,0,18.9,-97,0,3.1,4,0,4,0,0,949.7,209.813033517874,6.13632357128213,92,,
2019,10,8,5,0,19.9,-91,0,2.9,45,0,117,0,0,950.3,196.209356242017,5.02390546884022,79,,
2019,10,8,6,0,23,-84,0,2.6,72,0,337,0,0,950.9,199.463954641182,5.77948582097969,65,,
2019,10,8,7,0,26.3,-77,0,2.3,88,0,559,0,0,951.1,178.454519102878,5.50200145758563,51,,
2019,10,8,8,0,29.6,-66,0,2.1,98,457,742,77,0,950.8,173.532236312212,5.96376126170043,38,,
2019,10,8,9,0,32.8,-48,0,1.6,105,794.06,869,324.76,0,950,198.387870454362,7.45481777527695,27,,
2019,10,8,10,0,35,-14,0,1.1,111,918.28,925,574.71,0,949,204.604925479921,6.1264546428193,20,,
2019,10,8,11,0,36.2,28,0,0.5,112,979.87,910,789.88,0,948.1,180.68396628785,8.5119342883937,22,,
2019,10,8,12,0,36.6,56,0,-0.1,107,1013.58,825,950.79,0,947.2,177.879487285787,8.02084162652318,31,,
2019,10,8,13,0,36.5,70,0,-0.4,97,1030.28,678,1043.84,0,946.6,156.848510624368,10.6293918605983,43,,
2019,10,8,14,0,36.4,80,0,-0.5,85,1032.59,480,1060.08,0,946.5,163.520382375673,13.6175084017468,56,,
2019,10,8,15,0,36,87,0,-0.7,66,1022.56,254,999.45,0,946.8,162.803069000813,15.1659418626845,70,,
2019,10,8,16,0,33.2,93,1,-0.9,32,997.82,52,866.89,0,947.1,171.424155419901,18.4637434859226,83,,
2019,10,8,17,0,29.9,99,0,-1.1,0,951.5,0,673.5,0,947.6,170.322482548251,22.7013365403257,97,,
2019,10,8,18,0,28.8,106,0,-1.2,0,863.12,0,435.86,0,947.7,178.060312031441,20.991921994661,110,,
2019,10,8,19,0,28.5,115,0,-1.2,0,658.31,0,179.64,0,948,186.7531112884,16.7128035801235,123,,
2019,10,8,20,0,28.2,127,0,-1.3,0,0,0,0,0,948.3,182.148468402698,17.6172781097771,135,,
2019,10,8,21,0,27.8,145,0,-1.5,0,0,0,0,0,948.1,191.034804352631,13.777384360903,145,,
2019,10,8,22,0,27.2,171,0,-1.5,0,0,0,0,0,947.7,194.248455530057,14.9835875573932,150,,
2019,10,8,23,0,26.3,-160,0,-1.2,0,0,0,0,0,947.3,208.669299934722,10.9111275487076,148,,
2019,10,9,0,0,25.1,-137,0,-1,0,0,0,0,0,947,204.719758971161,10.3501202810934,141,,
2019,10,9,1,0,24.2,-122,0,-0.8,0,0,0,0,0,946.9,202.92075817354,6.72981681389905,131,,
2019,10,9,2,0,23.3,-111,0,-0.5,0,0,0,0,0,947.3,190.974064721659,7.53210648752069,119,,
2019,10,9,3,0,22.3,-104,0,-0.3,0,0,0,0,0,947.8,189.475091593755,5.93254465700991,106,,
2019,10,9,4,0,21.5,-97,0,-0.1,5,0,4,0,0,948.1,193.189382352339,6.47151503101567,92,,
2019,10,9,5,0,23.2,-91,0,0,43,0,126,0,0,948.5,212.79762940169,4.93988460680931,78,,
2019,10,9,6,0,27.6,-85,0,-0.4,66,0,352,0,0,949,208.878022895755,5.54058059575711,65,,
2019,10,9,7,0,31.8,-77,0,-1,79,0,577,0,0,949.3,219.604129407935,5.25759398741883,51,,
2019,10,9,8,0,35,-66,0,-1.4,88,466.81,762,80.55,0,949.3,226.40344223333,5.07558241579434,38,,
2019,10,9,9,0,37.1,-48,0,-1.8,93,793.32,891,327.8,0,949,216.568394186009,3.86182281140931,27,,
2019,10,9,10,0,38,-14,0,-2,96,912.76,951,575.18,0,948.4,208.943449022598,2.94620443608667,20,,
2019,10,9,11,0,38.4,29,0,-2.2,97,972.58,936,788.03,0,947.5,224.868946554803,7.23132313055089,21,,
2019,10,9,12,0,38.5,56,0,-2.4,94,1004.73,848,946.48,0,947,228.109355295516,8.1380216770885,31,,
2019,10,9,13,0,38.2,71,0,-2.4,88,1019.88,697,1037.19,0,946.9,92.0306420150423,2.98102997033764,43,,
2019,10,9,14,0,37.9,80,0,-2.7,77,1024.77,496,1055.35,0,946.9,103.025284854093,10.9528564720514,56,,
2019,10,9,15,0,37.3,87,0,-2.9,61,1017.22,266,996.98,0,947.1,101.932078909647,13.4140973913488,70,,
2019,10,9,16,0,34.9,93,2.7,-3.1,33,994.99,53,866.65,0,947.4,97.663693576843,15.2329132215713,83,,
2019,10,9,17,0,31.7,100,0,-3.3,0,951.78,0,675.41,0,947.8,103.495876529229,11.4484354447811,97,,
2019,10,9,18,0,29.6,107,0,-3.6,0,866.95,0,439.03,0,948.3,96.1220288051051,10.4734705956062,110,,
2019,10,9,19,0,28.5,115,0,-3.5,0,667.13,0,182.74,0,948.6,93.2259210468768,11.2363710914865,123,,
2019,10,9,20,0,28,127,0,-3.4,0,0,0,0,0,948.9,107.568582374101,10.1821721342736,135,,
2019,10,9,21,0,27.8,145,0,-3.3,0,0,0,0,0,948.7,105.758126218514,5.85301803161839,144,,
2019,10,9,22,0,27.2,171,0,-3.3,0,0,0,0,0,948.2,113.824310180717,3.63384131625594,149,,
2019,10,9,23,0,26.2,-161,0,-3.3,0,0,0,0,0,948,102.131107123206,2.24531398424375,148,,
2019,10,10,0,0,24.8,-138,0,-2.2,0,0,0,0,0,948,96.049446085486,1.80684475866313,141,,
2019,10,10,1,0,23.2,-122,0,-0.8,0,0,0,0,0,948,63.7720413832299,3.38832926051014,131,,
2019,10,10,2,0,21.7,-112,0,-0.4,0,0,0,0,0,948.1,77.9771717586038,3.65846660289288,118,,
2019,10,10,3,0,20.9,-104,0,-0.3,0,0,0,0,0,948.5,94.0014627618249,2.85454587494312,105,,
2019,10,10,4,0,21.4,-97,0,-0.2,5,0,5,0,0,948.8,160.764706963477,1.58869086651052,92,,
2019,10,10,5,0,23.7,-91,0,0.3,44,0,129,0,0,949.1,200.008337947539,2.34045922909796,78,,
2019,10,10,6,0,27.1,-85,0,0.6,68,0,356,0,0,949.7,214.296628339543,2.66204093913938,65,,
2019,10,10,7,0,30.3,-77,0,0.4,81,0,581,0,0,950,240.847627038527,2.20513457931508,51,,
2019,10,10,8,0,33.5,-67,0,-0.1,89,486.32,766,85.29,0,950.1,257.905242922988,1.78972763290954,38,,
2019,10,10,9,0,35.9,-48,0,-0.8,95,808.7,892,336.21,0,949.9,275.010300429218,1.43127312197897,26,,
2019,10,10,10,0,37.1,-14,0,-1.3,100,927.69,947,586.58,0,949.4,9.04411361120702,1.41599572545506,19,,
2019,10,10,11,0,37.7,29,0,-1.5,102,987.6,929,801.92,0,948.5,58.3806037585376,3.80712751143024,21,,
2019,10,10,12,0,37.9,57,0,-1.7,100,1020.21,840,962.41,0,947.7,72.3180992406349,4.42352319856379,30,,
2019,10,10,13,0,38,71,0.3,-1.7,94,1036.2,687,1054.69,0,947.1,74.0546040990772,6.54038889270793,43,,
2019,10,10,14,0,37.9,81,4.6,-1.8,127,1037.9,421,1069.86,0,946.6,95.3244165845,5.89238172273664,56,,
2019,10,10,15,0,37.3,88,4.8,-2,96,1027.49,214,1008.07,0,946.7,94.1501885849116,6.26240021022218,70,,
2019,10,10,16,0,34.8,94,7.4,-2,45,1002.48,35,874.3,0,947.1,112.984260878237,6.54281120586408,83,,
2019,10,10,17,0,31.2,100,0,-1.9,0,955.85,0,679.63,0,947.7,112.92143135361,8.27432087932861,97,,
2019,10,10,18,0,28.3,107,0,-2.1,0,867.42,0,440.79,0,948.1,109.633200117242,9.21908131870733,110,,
2019,10,10,19,0,26.4,116,0,-2.2,0,663.98,0,183.41,0,948.6,121.165531109633,6.90649387567487,123,,
2019,10,10,20,0,25.1,128,0,-2.1,0,0,0,0,0,948.9,160.905789130146,5.2535867937291,135,,
2019,10,10,21,0,24.1,146,0,-1.9,0,0,0,0,0,948.6,191.11377698052,5.08736421723921,144,,
2019,10,10,22,0,24,171,0,-2,0,0,0,0,0,948,205.641943609883,5.73230195104605,149,,
2019,10,10,23,0,24.6,-161,0,-2,0,0,0,0,0,947.7,189.469508188975,4.82302855031256,148,,
2019,10,11,0,0,24.4,-138,0,-1.6,0,0,0,0,0,947.7,206.822746569579,4.39829524010627,141,,
2019,10,11,1,0,23.6,-123,0,-1,0,0,0,0,0,948,249.556409409246,5.2990321451877,130,,
2019,10,11,2,0,22.5,-112,0,-0.1,0,0,0,0,0,948.3,263.628462766999,5.38486991472626,118,,
2019,10,11,3,0,21.2,-104,0,0.6,0,0,0,0,0,948.6,275.00309521724,4.56820917688379,105,,
2019,10,11,4,0,20.7,-98,0.1,1.2,6,0,4,0,0,949.2,287.282468471333,3.19505541883994,92,,
2019,10,11,5,0,22.5,-92,5,1.8,65,0,99,0,0,949.6,286.811894921036,3.97050575795377,78,,
2019,10,11,6,0,26.4,-85,9.7,2.2,151,0,230,0,0,949.9,255.12731272242,3.69808705436356,64,,
2019,10,11,7,0,29.9,-78,0.2,2.2,91,0,566,0,0,949.9,245.120135127003,4.93014450322614,51,,
2019,10,11,8,0,32.5,-67,0,1.9,98,489.56,753,88.14,0,949.3,9.50059876904948,1.79805383492729,38,,
2019,10,11,9,0,34.5,-49,0,1.4,103,806.13,882,338.58,0,948.4,349.337858800907,4.6028586496964,26,,
2019,10,11,10,0,35.7,-14,0,0.4,106,924.73,941,588.32,0,947.4,341.53213693969,4.42718945473608,19,,
2019,10,11,11,0,36.4,30,2.3,-1,156,984.43,852,802.87,0,946.4,278.37245508089,6.03692611417759,21,,
2019,10,11,12,0,36.8,58,9.3,-1.7,264,1016.91,589,962.61,0,945.6,265.261230908898,8.18037559413567,30,,
2019,10,11,13,0,37,72,12,-1.9,272,1032.65,417,1054.16,0,944.8,276.995875572353,7.98525509513603,43,,
2019,10,11,14,0,37,81,6,-2,147,1034.3,390,1068.91,0,944.2,303.910776117148,7.84189018941014,56,,
2019,10,11,15,0,36.6,88,35.7,-2,180,1023.66,33,1006.83,0,944.1,330.041387184214,4.87379246492886,70,,
2019,10,11,16,0,34.3,94,31.3,-1.6,48,998.3,2,872.97,0,944.3,58.9815892570837,2.43351140853086,83,,
2019,10,11,17,0,31.4,100,0,-1.5,0,952.24,0,679.12,0,944.7,320.90844880098,0.886268559575651,97,,
2019,10,11,18,0,30.3,107,0,-1.1,0,864.53,0,441.13,0,945.1,305.059622613315,2.43440462851551,110,,
2019,10,11,19,0,29.7,116,0,-0.7,0,662.75,0,184.48,0,945.2,327.291681030632,6.1233833467726,123,,
2019,10,11,20,0,28.8,128,0,-0.4,0,0,0,0,0,945,338.957798492687,6.40793508904858,134,,
2019,10,11,21,0,27.6,146,0,0.2,0,0,0,0,0,944.4,347.297348942901,9.68215126554515,144,,
2019,10,11,22,0,26.6,171,0,0.7,0,0,0,0,0,943.9,352.525924605766,8.17103105175009,149,,
2019,10,11,23,0,25.2,-161,0,0.9,0,0,0,0,0,943.9,341.000501618128,7.81268779029731,147,,
2019,10,12,0,0,24,-138,0,1,0,0,0,0,0,944.1,24.1081753067263,5.93709095018097,140,,
2019,10,12,1,0,23.3,-123,0,1.1,0,0,0,0,0,944.4,38.0851067911958,2.25401829663317,130,,
2019,10,12,2,0,22.9,-112,0,0.9,0,0,0,0,0,944.7,114.517121692158,2.93655029470058,118,,
2019,10,12,3,0,22.6,-105,0,0.8,0,0,0,0,0,944.9,188.879211143647,1.31658225403809,105,,
2019,10,12,4,0,22.2,-98,0,0.8,6,0,5,0,0,945.2,294.747054067038,2.86468797726363,91,,
2019,10,12,5,0,24.2,-92,3,1,60,0,110,0,0,945.6,330.552844532205,4.2748583798903,78,,
2019,10,12,6,0,27.8,-86,2.1,0.5,94,0,320,0,0,945.8,4.49466067054385,4.43542353353153,64,,
2019,10,12,7,0,30.4,-78,1.9,0.1,114,0,536,0,0,945.7,23.7439997239003,6.14077275727197,51,,
2019,10,12,8,0,32.1,-68,0.3,0.2,99,497.72,754,91.6,0,945.2,45.8422785923294,7.13800025148389,37,,
2019,10,12,9,0,33.1,-49,0,0.4,98,807.58,890,342.26,0,944.6,60.6622670355374,6.32216584993088,26,,
2019,10,12,10,0,33.8,-14,0,0.2,103,924.18,945,591.3,0,943.8,62.1176244237791,11.326190655206,18,,
2019,10,12,11,0,34.4,31,0,-0.4,104,984.96,928,806.39,0,942.8,80.2397598626907,11.5216609299703,20,,
2019,10,12,12,0,34.6,58,0,-0.6,102,1018.6,839,966.92,0,942.1,89.5594149267051,10.6947548217148,30,,
2019,10,12,13,0,34.7,72,7.2,-0.5,189,1035.51,541,1059.37,0,941.7,92.8317128777309,12.0962725260628,43,,
2019,10,12,14,0,34.8,81,24.7,-0.5,288,1041.11,140,1077.44,0,941.5,73.451358599334,9.72291441904441,56,,
2019,10,12,15,0,34.2,88,27.4,-0.4,176,1034.73,59,1018.4,0,941.9,54.7864378839407,9.24603626252788,69,,
2019,10,12,16,0,32.6,94,13.1,-0.4,59,1014.01,10,886.64,0,942.5,54.7690334392231,9.04756163075107,83,,
2019,10,12,17,0,30.5,101,0,-0.1,0,970.63,0,691.79,0,942.9,45.1480240013661,8.4020875946285,97,,
2019,10,12,18,0,28.3,108,0,0.7,0,886.17,0,451.49,0,943.1,58.5060600855124,10.0866878896071,110,,
2019,10,12,19,0,26.4,116,0,2.4,0,689.59,0,191.32,0,944,47.3959220654082,11.4309530743529,123,,
2019,10,12,20,0,25.1,129,0,4.2,0,0,0,0,0,944.9,91.843954031314,6.44046712280355,134,,
2019,10,12,21,0,23.9,146,0,5,0,0,0,0,0,945,201.937434246724,2.37440623697595,143,,
2019,10,12,22,0,22.7,172,0,5,0,0,0,0,0,945.2,208.432464031445,2.47798700438775,148,,
2019,10,12,23,0,21.6,-161,0,5.1,0,0,0,0,0,945.4,240.651351311951,1.78376568050408,147,,
2019,10,13,0,0,20.7,-139,0,5.2,0,0,0,0,0,945.3,178.812142543854,3.19110316536087,140,,
2019,10,13,1,0,19.9,-123,0,5.5,0,0,0,0,0,945.1,246.940461684097,3.89769150399302,130,,
2019,10,13,2,0,19.6,-113,0,5.9,0,0,0,0,0,945,277.437739578314,2.14303122428214,118,,
2019,10,13,3,0,19.1,-105,0,6.2,0,0,0,0,0,944.9,313.152389734005,2.74146402493266,105,,
2019,10,13,4,0,18.8,-98,0,6.4,6,0,6,0,0,945.2,324.162347045722,5.55090082779363,91,,
2019,10,13,5,0,20.5,-92,0,6.8,48,0,131,0,0,945.8,334.5062315675,4.76473663761047,78,,
2019,10,13,6,0,24.1,-86,0,7,73,0,354,0,0,946.3,341.918910826319,4.9967483237958,64,,
2019,10,13,7,0,27.2,-79,0,6.9,87,0,574,0,0,946.5,353.729213707956,3.89832454478146,50,,
2019,10,13,8,0,29.3,-68,0,6.2,96,526.71,756,97.62,0,946.1,357.315874248398,3.75411868927077,37,,
2019,10,13,9,0,30.6,-50,0,5,103,830.37,881,352.98,0,945.5,10.2821542237821,3.63253173825783,25,,
2019,10,13,10,0,31.5,-14,0.6,3.9,121,943.59,916,604.82,0,944.5,30.4461437669005,5.41903643771004,18,,
2019,10,13,11,0,32.5,31,5.1,3.1,216,1000.3,759,820.16,0,943.6,30.1331680322463,4.7695528099764,20,,
2019,10,13,12,0,32.9,59,16.4,2.8,364,1030.51,420,979.52,0,943,63.7637253198463,5.46913573501568,30,,
2019,10,13,13,0,32.9,73,34.9,2.7,313,1044.4,204,1069.8,0,942.7,55.6244162708902,4.97349371902443,42,,
2019,10,13,14,0,32.9,82,33.2,2.6,298,1047.16,85,1085.15,0,942.4,31.6993170853506,7.4558492008852,56,,
2019,10,13,15,0,32.6,89,32,2.7,171,1037.85,48,1023.09,0,942.1,28.3401655666817,6.3689858558829,69,,
2019,10,13,16,0,30.8,95,38,3.1,39,1014.13,1,888.57,0,942.2,28.5828564393005,4.90686518452588,83,,
2019,10,13,17,0,28.2,101,0.1,3.2,0,967.19,0,691.47,0,942.8,41.9258915331633,3.40242074157251,97,,
2019,10,13,18,0,27,108,10.4,3.1,0,878.95,0,450.19,0,943.6,57.3662728325163,2.87576542433411,110,,
2019,10,13,19,0,26.9,117,0,2.9,0,677.89,0,190.27,0,944.2,347.877615833346,3.06842191517301,122,,
2019,10,13,20,0,27.3,129,0,2.5,0,0,0,0,0,944.5,352.541574652468,4.54171134343352,134,,
2019,10,13,21,0,26.9,147,0,1.9,0,0,0,0,0,944.1,1.4458035312436,8.66247711148146,143,,
2019,10,13,22,0,25.4,172,0,1.1,0,0,0,0,0,943.8,38.1221145556217,8.8138742520927,148,,
2019,10,13,23,0,23.5,-161,0,0.5,0,0,0,0,0,943.9,40.6208366293117,7.78150829891114,147,,
2019,10,14,0,0,21.7,-139,0,0.5,0,0,0,0,0,943.8,48.4602016062613,6.4915774696144,140,,
2019,10,14,1,0,20.3,-124,0,0.8,0,0,0,0,0,943.9,37.6106521391878,4.70426720561059,129,,
2019,10,14,2,0,19.2,-113,0,1.4,0,0,0,0,0,944.2,8.4080838349546,3.73938776882217,117,,
2019,10,14,3,0,18.5,-105,0,2.1,0,0,0,0,0,944.4,348.051768004004,4.47188310480859,104,,
2019,10,14,4,0,18.7,-99,0,2.8,7,0,6,0,0,944.5,330.757140269754,6.24508934362159,91,,
2019,10,14,5,0,20.7,-93,0,3.5,50,0,133,0,0,945.1,330.671023303388,6.73876351228847,77,,
2019,10,14,6,0,23.8,-86,0,4.1,75,0,358,0,0,946,332.922307747044,8.78737954040344,64,,
2019,10,14,7,0,26.6,-79,0,4.2,89,0,581,0,0,946.3,326.797938023451,8.90259189068392,50,,
2019,10,14,8,0,29,-69,0,3.7,97,521.21,766,99.46,0,946.2,327.724355685422,8.42707689534159,37,,
2019,10,14,9,0,31.2,-50,0,3.1,102,820.25,895,352.84,0,945.9,338.514263871665,9.21452428599331,25,,
2019,10,14,10,0,32.6,-14,0,2.5,105,933.83,953,602.93,0,945.3,341.308473525148,10.7628311722893,18,,
2019,10,14,11,0,33.6,32,0,1.7,105,990.82,936,816.67,0,944.5,341.987902560455,9.5376004015315,20,,
2019,10,14,12,0,34,60,0,1.5,102,1021.45,848,974.93,0,943.9,323.526076805613,6.55790472051036,30,,
2019,10,14,13,0,34,74,0,1.2,95,1035.73,696,1064.61,0,943.5,327.767160636672,8.0121906128492,42,,
2019,10,14,14,0,34,82,0,0.6,84,1036.24,495,1077.52,0,943.2,58.6701116947803,16.2340869795214,56,,
2019,10,14,15,0,33.6,89,0,0.2,66,1024.49,266,1013.63,0,943.3,64.1459527775058,16.7418851243839,69,,
2019,10,14,16,0,31.5,95,1.9,0.1,35,998,57,878.23,0,943.5,66.0275001373138,18.2668404808535,83,,
2019,10,14,17,0,28.3,101,0,-0.1,0,951.05,0,683.45,0,943.7,69.0186354804829,17.4325053581293,96,,
2019,10,14,18,0,26.3,108,0,0,0,862.74,0,445.05,0,944.3,72.2175252766317,15.3868149784619,110,,
2019,10,14,19,0,25.2,117,0,0.2,0,662.74,0,188.49,0,945.1,77.2419864009989,12.2591633763207,122,,
2019,10,14,20,0,24.5,129,0,0.1,0,0,0,0,0,945.7,78.6926722440379,10.9981988599788,134,,
2019,10,14,21,0,23.6,147,0,-0.4,0,0,0,0,0,946.1,76.9463989879746,9.58316014730442,143,,
2019,10,14,22,0,22.4,172,0,-0.9,0,0,0,0,0,946.3,80.1097768871023,7.39461325270827,148,,
2019,10,14,23,0,21.2,-161,0,-1.4,0,0,0,0,0,946,89.5318778002314,6.30832137052482,146,,
2019,10,15,0,0,19.9,-139,0,-1.9,0,0,0,0,0,945.5,115.153962458479,6.33907820670335,139,,
2019,10,15,1,0,18.9,-124,0,-1.8,0,0,0,0,0,945.1,91.4735023908378,4.5482870222181,129,,
2019,10,15,2,0,18,-113,0,-1.3,0,0,0,0,0,945.2,82.0704830602685,3.45481615245523,117,,
2019,10,15,3,0,17.4,-106,0,-1.1,0,0,0,0,0,945.6,57.5273310902171,2.18999870094495,104,,
2019,10,15,4,0,17.3,-99,0,-1.1,7,0,8,0,0,946,20.8711743918254,2.72993191914307,91,,
2019,10,15,5,0,19.2,-93,0,-1.1,46,0,149,0,0,946.6,357.817903934017,4.002902652236,77,,
2019,10,15,6,0,22.4,-87,0,-0.9,66,0,388,0,0,947,348.356544511166,6.32944004605845,63,,
2019,10,15,7,0,25.2,-79,0,-0.6,76,0,622,0,0,947,339.766250240492,5.3537758864505,50,,
2019,10,15,8,0,27.6,-69,0,-0.9,82,528.03,813,102.8,0,946.7,346.056258194329,5.81988729327825,37,,
2019,10,15,9,0,29.4,-51,0,-3,86,826.18,943,357.9,0,946.3,16.6133467160871,6.02489471766045,25,,
2019,10,15,10,0,30.8,-14,0,-5.4,92,942.27,997,610.5,0,945.6,15.3753801545398,5.83379487904983,17,,
2019,10,15,11,0,31.9,33,0,-6.3,93,994.43,978,822.14,0,944.7,26.8363944064497,6.24700269101299,20,,
2019,10,15,12,0,32.4,60,0,-5.5,91,1021.05,883,977.3,0,944,36.0220303814251,6.9209322897891,30,,
2019,10,15,13,0,32.8,74,0,-4.3,81,1032.26,729,1063.87,0,943.6,28.3428676930815,7.20759522518673,42,,
2019,10,15,14,0,33.1,83,0,-3.9,74,1028.37,519,1072.38,0,943.1,26.3797229161684,7.02419812416701,56,,
2019,10,15,15,0,32.8,90,0,-3.4,60,1012.03,282,1004.64,0,943.2,75.5232828726776,6.86149150164619,69,,
2019,10,15,16,0,30.9,96,1.5,-2.4,32,981.84,65,867.45,0,943.7,83.1890854577574,6.3919598456868,83,,
2019,10,15,17,0,27.8,102,0,-1.5,0,87.59,0,446.52,0,944.5,82.8913251516359,5.71497693370682,96,,
2019,10,15,18,0,25.7,109,0,-0.7,0,48.64,0,95.48,0,945.3,88.5380013728666,6.44653718917422,109,,
2019,10,15,19,0,24.6,118,0,0.3,0,44.57,0,61.25,0,946.2,114.609035775029,4.92302912854315,122,,
2019,10,15,20,0,23.7,130,0,1.6,0,0,0,0,0,947.1,137.689926222973,4.76348189420723,133,,
2019,10,15,21,0,22.6,148,0,2.4,0,0,0,0,0,947.6,143.669310772537,3.22345542646073,142,,
2019,10,15,22,0,21.3,172,0,2.6,0,0,0,0,0,947.7,160.085297876922,3.34785480610586,147,,
2019,10,15,23,0,20.1,-161,0,2.3,0,0,0,0,0,947.6,168.104304921274,3.37249444156506,146,,
2019,10,16,0,0,19.3,-139,0,1.8,0,0,0,0,0,947.5,184.169808566043,3.43819071612789,139,,
2019,10,16,1,0,18.6,-124,0,1.7,0,0,0,0,0,947.3,205.812977385238,2.11692444355287,129,,
2019,10,16,2,0,18,-114,0,2,0,0,0,0,0,947.4,311.231183291282,2.3945072125954,117,,
2019,10,16,3,0,17.4,-106,0,2.5,0,0,0,0,0,947.9,320.308372336611,4.77691777307897,104,,
2019,10,16,4,0,17,-99,0,3.2,7,0,9,0,0,948.8,318.796326402503,5.88246276906715,91,,
2019,10,16,5,0,18.1,-93,0,4.5,45,0,150,0,0,949.4,318.270487923184,6.19727762812027,77,,
2019,10,16,6,0,21,-87,0,5.3,67,0,380,0,0,949.8,322.676587199118,7.00957618525701,63,,
2019,10,16,7,0,24,-80,0,5.3,80,0,604,0,0,949.9,321.527471808658,5.58815100148208,50,,
2019,10,16,8,0,26.5,-70,0,5.7,89,0,786,34.11,0,949.6,332.915912549822,7.52431780816166,36,,
2019,10,16,9,0,28.5,-52,0,5.8,95,45.58,910,203.98,0,949.1,329.674699560538,5.6477691169875,25,,
2019,10,16,10,0,30,-14,0,5.8,99,27.89,964,324.65,0,948.3,335.453264772532,5.05881003637252,17,,
2019,10,16,11,0,31.1,33,0,4.9,101,113.33,944,191,0,947.5,357.931251768269,6.2774829674105,19,,
2019,10,16,12,0,31.4,61,0,3.6,99,586.35,855,819.57,0,947,12.7836604213935,9.14442936222794,29,,
2019,10,16,13,0,31.6,75,0.5,2.2,98,997.44,695,1033.44,0,946.3,12.6481616997232,9.11557753528971,42,,
2019,10,16,14,0,31.8,83,3.9,0.9,119,119.02,445,696.79,0,945.7,22.0279163514249,8.79005474301854,55,,
2019,10,16,15,0,31.8,90,2.9,0.2,81,994.64,248,990.47,0,945.6,22.6184131569246,7.73965275245427,69,,
2019,10,16,16,0,30.2,96,6.9,0.2,45,971.91,45,860.9,0,945.7,28.1398045220506,6.8399159212643,83,,
2019,10,16,17,0,27.7,102,0,0.5,0,929.08,0,672.62,0,946,67.9466976005537,3.32041975169618,96,,
2019,10,16,18,0,26,109,0,1.1,0,845.84,0,440.58,0,946.4,96.6209220443725,3.4837576845034,109,,
2019,10,16,19,0,24.7,118,0,1.5,0,653.58,0,189.09,0,946.9,110.848533014452,3.65291695091645,122,,
2019,10,16,20,0,23.7,130,2.4,1.5,0,0,0,0,0,947,114.248237804736,2.7374951669435,133,,
2019,10,16,21,0,22.8,148,0,1.1,0,0,0,0,0,947,137.02645470392,2.01713285009885,142,,
2019,10,16,22,0,22,172,0,0.4,0,0,0,0,0,947.1,173.24860449329,3.62196756202173,147,,
2019,10,16,23,0,21,-161,0,-0.1,0,0,0,0,0,946.8,198.432444057396,5.32316188190661,145,,
2019,10,17,0,0,20.1,-140,0,-0.6,0,0,0,0,0,946.2,220.302467795787,7.45716005145089,139,,
2019,10,17,1,0,19.2,-125,0,-0.9,0,0,0,0,0,946.2,237.239419956762,4.46798888977328,128,,
2019,10,17,2,0,18.2,-114,0,-1.3,0,0,0,0,0,946.7,262.130772882864,3.28089573513825,117,,
2019,10,17,3,0,17.4,-106,0,-1.8,0,0,0,0,0,947.2,270,3.92580424662695,104,,
2019,10,17,4,0,17,-100,0,-2.4,8,0,9,0,0,947.8,286.206152967218,4.47877406974324,90,,
2019,10,17,5,0,18.3,-94,0,-2.9,49,0,150,0,0,948.3,287.834589705505,5.3057750176336,77,,
2019,10,17,6,0,21.6,-87,0,-2.1,71,0,381,0,0,948.7,304.096817901016,5.79743231219057,63,,
2019,10,17,7,0,25.2,-80,0,-0.5,84,0,607,0,0,948.8,318.819208776954,7.67089779803595,49,,
2019,10,17,8,0,28.8,-70,0,0.7,93,519.69,792,106.3,0,948.5,310.132387325641,7.09666249112152,36,,
2019,10,17,9,0,31.9,-52,0,0.5,99,804.03,917,355.84,0,947.8,337.771263545793,7.20743244537245,24,,
2019,10,17,10,0,34,-14,0,-1.1,109,916.5,963,602,0,946.9,0.596643762684607,9.3714868789524,17,,
2019,10,17,11,0,35.3,34,0,-2.5,113,974.73,938,813.11,0,945.5,5.74546910182301,11.4713676748713,19,,
2019,10,17,12,0,35.5,62,0.4,-2.4,119,1006.79,834,969.74,0,944.6,6.4226712606814,11.3835784152384,29,,
2019,10,17,13,0,35.4,75,1.5,-2.8,120,1022.3,667,1058.68,0,944.1,5.58460849634787,12.0410670529994,42,,
2019,10,17,14,0,35.5,84,8.1,-4.4,170,1020.61,373,1068.53,0,943.6,27.2200621831583,13.5688144762222,55,,
2019,10,17,15,0,35.1,90,8.5,-5.7,116,1006.61,194,1002.75,0,943.5,35.2849474015981,13.3412848087584,69,,
2019,10,17,16,0,33.2,96,5.9,-6.5,45,977.61,49,866.82,0,943.8,35.7445148509116,12.7104153635109,83,,
2019,10,17,17,0,30.1,102,0,-7.2,0,930.56,0,674.92,0,944.4,34.3885318116747,11.4172076155365,96,,
2019,10,17,18,0,27.6,110,0,-8.1,0,842.62,0,440.49,0,945,31.4892728425257,10.0047543737869,109,,
2019,10,17,19,0,26,118,0,-8.6,0,646.62,0,188.74,0,945.8,27.551997967049,8.27467910476299,122,,
2019,10,17,20,0,24.7,131,0,-8.4,0,0,0,0,0,946.3,45.1981534285051,8.59258448864761,133,,
2019,10,17,21,0,23.4,148,0,-8,0,0,0,0,0,946.3,54.2326362114745,9.5505223812841,142,,
2019,10,17,22,0,22.6,172,0,-7.5,0,0,0,0,0,945.9,56.9686565272798,9.18742098492542,146,,
2019,10,17,23,0,22,-161,0,-6.9,0,0,0,0,0,945.6,68.155326520153,9.08115277767293,145,,
2019,10,18,0,0,21.3,-140,0,-6.5,0,0,0,0,0,945.3,76.792540788321,8.48165337871688,138,,
2019,10,18,1,0,20.4,-125,0,-6.2,0,0,0,0,0,945.1,61.1857165435264,5.57681213025007,128,,
2019,10,18,2,0,19.6,-114,0,-5.8,0,0,0,0,0,945.4,53.1661134570101,5.92967947254308,116,,
2019,10,18,3,0,19,-106,0,-5.4,0,0,0,0,0,945.8,41.9110445631065,5.94720041437332,103,,
2019,10,18,4,0,19.3,-100,0,-5.1,9,0,8,0,0,946,30.9045728306906,5.88655414829502,90,,
2019,10,18,5,0,22.2,-94,0,-5.1,57,0,140,0,0,946.5,16.9991660017128,6.06582618807071,77,,
2019,10,18,6,0,26.9,-88,0,-5.4,89,0,361,0,0,947.1,6.6584764837778,6.66998946196371,63,,
2019,10,18,7,0,31,-81,0,-4.8,108,0,580,0,0,947.4,349.725202659041,7.29275381964536,49,,
2019,10,18,8,0,33.8,-71,0,-3.2,121,535.39,755,110.78,0,947.1,346.607502246249,8.09513742934609,36,,
2019,10,18,9,0,35.7,-53,0,-2,128,816.36,876,362.96,0,946.5,3.89492057601359,9.54543856178354,24,,
2019,10,18,10,0,37.1,-15,0,-1.9,124,927.91,942,611.03,0,945.8,17.6810173017395,9.86436271056497,16,,
2019,10,18,11,0,37.9,35,0.7,-2.7,141,985.56,900,823.42,0,944.9,24.4501047088165,11.834703372328,19,,
2019,10,18,12,0,37.9,62,10.7,-2.9,307,1017.23,545,980.81,0,944.3,37.518977547454,13.7701066911627,29,,
2019,10,18,13,0,37.5,76,12.9,-2.7,302,1032.6,390,1070.09,0,943.9,34.7197880748234,12.5224095978236,42,,
2019,10,18,14,0,37.1,84,24.7,-3,305,1033.98,140,1082.76,0,943.5,34.6273965479701,10.6953228955833,55,,
2019,10,18,15,0,36,91,45.1,-3,185,1023.15,2,1019.01,0,943.6,22.861554168552,9.53005503012224,69,,
2019,10,18,16,0,33.7,97,38.9,-2.7,46,997.7,1,884.04,0,944.1,24.9436456817132,9.65900528432866,82,,
2019,10,18,17,0,30.6,103,3.4,-2.4,0,953.04,0,690.47,0,945.2,26.8280171132309,9.29383769214674,96,,
2019,10,18,18,0,27.8,110,35.4,-1.7,0,868.07,0,453,0,946.4,32.9783191915495,9.85854911734085,109,,
2019,10,18,19,0,25.9,119,28.7,-1.5,0,675.26,0,196.42,0,947.3,22.1386611807431,10.6530977784331,122,,
2019,10,18,20,0,24.7,131,37.9,-2.4,0,0,0,0,0,947.6,39.8134441674095,9.82055801251241,133,,
2019,10,18,21,0,23.8,149,29.4,-3.1,0,0,0,0,0,947.4,55.9708871538044,8.97784312248157,142,,
2019,10,18,22,0,23.3,173,0.8,-4,0,0,0,0,0,947.1,75.1623625808907,7.93565865569633,146,,
2019,10,18,23,0,23,-161,0,-5.3,0,0,0,0,0,946.8,91.5835816590184,6.59937183274873,145,,
2019,10,19,0,0,22.1,-140,0,-6.4,0,0,0,0,0,946.5,109.797443677031,5.77440174752004,138,,
2019,10,19,1,0,21,-125,0,-6.9,0,0,0,0,0,946.3,127.476164986736,5.44372359954508,128,,
2019,10,19,2,0,20.7,-115,0,-7.2,0,0,0,0,0,946.4,119.128615237256,4.91887723695041,116,,
2019,10,19,3,0,20.2,-107,0,-7.2,0,0,0,0,0,946.8,103.500497303926,4.26627774497742,103,,
2019,10,19,4,0,20,-100,0,-6.3,10,0,9,0,0,947.4,89.2435000005082,3.84792265978756,90,,
2019,10,19,5,0,23.3,-94,0,-6.1,60,0,137,0,0,948.1,73.7361851443063,3.48713415474767,76,,
2019,10,19,6,0,27.7,-88,0,-6.8,98,0,347,0,0,948.7,57.0626312217707,3.54189172834929,63,,
2019,10,19,7,0,30.3,-81,0.2,-6.8,129,0,549,0,0,948.9,38.0932198553194,3.39997068812085,49,,
2019,10,19,8,0,32.7,-71,8.6,-6.2,288,504.33,506,108.3,0,948.8,17.5212357470082,3.64575155611857,36,,
2019,10,19,9,0,34.7,-53,16.7,-5,446,780.82,386,352.49,0,948.4,7.08770952289217,3.8300720149371,24,,
2019,10,19,10,0,36.2,-15,18.1,-3.8,484,165.81,380,450.68,0,947.7,13.9975068748699,4.32770142829679,16,,
2019,10,19,11,0,37.7,35,22,-2.9,488,486.67,318,659.72,0,946.7,36.3315305185541,4.83910134633325,18,,
2019,10,19,12,0,38.3,63,24.1,-2.5,428,981.11,291,951.62,0,946,55.4883910909524,6.66002464729527,29,,
2019,10,19,13,0,38,76,57.2,-2.1,327,642.79,14,917.64,0,945.7,48.5961017882385,6.11885399180612,42,,
2019,10,19,14,0,37.5,85,77.5,-1.5,129,448.37,0,819.66,0,945.6,67.3160905356137,6.23999226408913,55,,
2019,10,19,15,0,36.8,91,80.6,-0.8,63,115.99,0,683.34,0,945.8,93.8740952765005,5.31220712968796,69,,
2019,10,19,16,0,35.2,97,54.7,-0.1,30,363.07,0,640.52,0,946.2,105.540473735723,4.85246760384772,82,,
2019,10,19,17,0,32.6,103,36.4,0.4,0,45.68,0,363.66,0,946.9,132.254952175957,5.94149312328331,96,,
2019,10,19,18,0,30.3,110,32.7,0.8,0,189.47,0,325.1,0,947.8,146.052541078717,5.77665700498211,109,,
2019,10,19,19,0,28.9,119,3.5,1.2,0,0,0,46.67,0,948.8,158.143615020059,4.38460437219716,121,,
2019,10,19,20,0,28.2,131,4.8,1.9,0,0,0,0,0,949.5,162.447851870597,4.58364421065399,132,,
2019,10,19,21,0,27,149,5.1,3.2,0,0,0,0,0,950,167.269772823071,5.70567179239849,141,,
2019,10,19,22,0,25.4,173,34,4.7,0,0,0,0,0,949.9,175.567081411447,5.95824141649881,146,,
2019,10,19,23,0,24.3,-162,37.2,6.2,0,0,0,0,0,949.4,186.306328447586,5.79970817437992,144,,
2019,10,20,0,0,22.9,-140,36.3,6.7,0,0,0,0,0,949,186.232501246746,4.89515425022692,138,,
2019,10,20,1,0,21.9,-126,45.7,5.6,0,0,0,0,0,948.7,185.292993269572,5.4637147469206,128,,
2019,10,20,2,0,21.2,-115,43.4,4.5,0,0,0,0,0,949,188.523103460048,5.40323841100481,116,,
2019,10,20,3,0,20.6,-107,52.5,4.9,0,0,0,0,0,949.9,196.390378774725,2.83791628318717,103,,
2019,10,20,4,0,20.7,-101,17.3,6.1,11,0,0,0,0,950.5,227.727563334636,2.26473873898052,90,,
2019,10,20,5,0,22.8,-95,44,6.5,95,0,8,0,0,950.9,255.987321014846,2.37137111066325,76,,
2019,10,20,6,0,27.1,-89,42.2,6.9,240,0,0,0,0,951.2,265.53475711268,2.55857015787567,63,,
2019,10,20,7,0,30.4,-81,40.9,6.7,376,0,4,0,0,951.2,292.61077966191,1.9507424060264,49,,
2019,10,20,8,0,32,-72,13.1,6.1,354,571.11,377,120.44,0,950.9,271.905049029854,1.52825742249977,36,,
2019,10,20,9,0,33,-54,15.2,6.2,422,844.46,403,378.23,0,950.4,206.288136001236,1.42027942363025,23,,
2019,10,20,10,0,34.1,-15,15.6,6.2,408,953.22,466,630.15,0,949.7,181.132497700795,2.77393335949559,15,,
2019,10,20,11,0,35.3,36,17.7,5.6,449,1006.83,389,843.44,0,949,175.995246677738,3.85700506462419,18,,
2019,10,20,12,0,35.6,64,3.7,5.1,228,1035.34,662,1000.27,0,948.6,210.935149675968,6.14793746662282,29,,
2019,10,20,13,0,35.6,77,2.8,4.4,205,1048.11,540,1087.94,0,948.1,252.445516124422,8.61233077481105,42,,
2019,10,20,14,0,35.9,85,9.2,3.8,239,1047.39,262,1098.45,0,947.6,180.124358437258,5.55812391275296,55,,
2019,10,20,15,0,34.2,91,41.6,5.2,161,1034.69,24,1032.16,0,947.9,212.97704038477,10.0113292953116,69,,
2019,10,20,16,0,30.2,97,22.4,7.8,55,1008.13,9,894.94,0,948.5,217.960245288075,8.78931223046101,82,,
2019,10,20,17,0,27.1,104,3.6,8.9,0,963.19,0,699.57,0,949,215.154129526631,8.65724557214157,96,,
2019,10,20,18,0,25.9,111,0,8.7,0,878.41,0,460.29,0,949.7,205.990691011741,5.72318290155289,109,,
2019,10,20,19,0,25.8,120,0,8.6,0,687.46,0,201.8,0,950.3,247.663714737368,5.66361783182189,121,,
2019,10,20,20,0,26.4,132,1.2,8.8,0,0,0,0,0,950.4,223.040520248547,7.92133610861287,132,,
2019,10,20,21,0,26,149,2.8,9,0,0,0,0,0,950.2,214.208900086553,11.2845397348841,141,,
2019,10,20,22,0,24.3,173,0.3,9.1,0,0,0,0,0,949.9,223.477598663433,14.017604739066,145,,
2019,10,20,23,0,23.4,-162,0,9,0,0,0,0,0,949.7,222.608144168511,15.2217442829369,144,,
2019,10,21,0,0,22.7,-141,0,9.1,0,0,0,0,0,949.7,218.920784382893,16.1919531144387,137,,
2019,10,21,1,0,22.4,-126,0,9.4,0,0,0,0,0,949.7,214.939623894067,11.5888141994748,127,,
2019,10,21,2,0,22.4,-115,0,9.5,0,0,0,0,0,949.9,217.218586545001,10.5463212445558,116,,
2019,10,21,3,0,21.4,-107,0.3,9.8,0,0,0,0,0,950.2,226.195942005644,10.3271460036976,103,,
2019,10,21,4,0,21.7,-101,19.9,10,13,0,3,0,0,950.3,238.682203053482,9.42388923804121,90,,
2019,10,21,5,0,24,-95,1.5,10.3,71,0,119,0,0,950.8,242.742298998856,7.36910179585176,76,,
2019,10,21,6,0,27.1,-89,0,10.3,104,0,334,0,0,951,247.936223613556,5.85455495186176,62,,
2019,10,21,7,0,29.9,-82,0,9.8,125,0,544,0,0,950.9,259.710946560122,3.91455778943682,49,,
2019,10,21,8,0,32.3,-72,0.3,8.8,142,557.16,713,120.63,0,950.7,268.629648803607,3.10249581067297,35,,
2019,10,21,9,0,34.1,-55,0,7.1,146,825.93,839,374.26,0,950.1,266.019474519749,1.40580395728482,23,,
2019,10,21,10,0,35.2,-15,6.4,5.6,278,934.52,698,622.36,0,949.1,205.306724248346,3.8108972241328,15,,
2019,10,21,11,0,35.4,37,25.7,4.9,496,991.19,262,834.5,0,948.2,218.021351556558,6.5005084082769,18,,
2019,10,21,12,0,34.7,64,30.9,5.3,377,1022.49,258,991.48,0,947.7,201.195713384713,9.87450409958385,28,,
2019,10,21,13,0,30.3,77,19.5,8.5,381,1037.76,234,1080.29,0,947.8,212.077535022019,7.38473205800534,41,,
2019,10,21,14,0,27.8,85,20.2,10,292,1039.48,159,1092.69,0,947.9,226.22043157572,9.34337031882424,55,,
2019,10,21,15,0,28.6,92,48,8.6,156,1029.14,2,1028.67,0,947.8,235.325653399417,11.5897949306344,69,,
2019,10,21,16,0,27.7,98,32.4,8.6,61,1004.39,0,893.4,0,948.4,248.457131544233,13.010480414311,82,,
2019,10,21,17,0,26.8,104,1.5,9.1,0,957.8,0,697.58,0,949.1,251.898756622337,11.2520498379952,96,,
2019,10,21,18,0,26.4,111,0,9.1,0,871.38,0,458.65,0,949.6,250.477190104438,10.0752179020952,109,,
2019,10,21,19,0,25.6,120,0,8.8,0,679.78,0,201.45,0,950.8,275.951617936197,6.2603530018798,121,,
2019,10,21,20,0,24.9,132,0,8.5,0,0,0,0,0,951.4,289.615090274064,3.92281937453443,132,,
2019,10,21,21,0,25.2,150,0.5,8.1,0,0,0,0,0,950.8,341.594641982604,2.46221014513795,141,,
2019,10,21,22,0,25.3,173,40.6,8.1,0,0,0,0,0,950.1,331.156530761458,1.2538781030961,145,,
2019,10,21,23,0,24.9,-162,42.9,8.2,0,0,0,0,0,949.4,18.2249344997042,2.23800299175047,144,,
2019,10,22,0,0,24.6,-141,40.4,8.6,0,0,0,0,0,949.1,4.81321407928937,0.988874082222436,137,,
2019,10,22,1,0,23.9,-126,15.5,8.9,0,0,0,0,0,949.1,315.174769539909,1.27336681830262,127,,
2019,10,22,2,0,23.1,-116,0.4,9.1,0,0,0,0,0,949.1,10.9643388723946,2.64998191609329,115,,
2019,10,22,3,0,23,-108,7,9.3,0,0,0,0,0,949.3,23.1498652843576,2.9908218981387,103,,
2019,10,22,4,0,23.1,-101,4.7,9.3,13,0,2,0,0,949.6,12.2675469045975,3.52979480212189,89,,
2019,10,22,5,0,24.6,-95,0.6,8.8,100,0,58,0,0,949.8,3.66261216034593,4.70881343050541,76,,
2019,10,22,6,0,27.6,-89,18.4,7.3,230,0,72,0,0,949.9,2.48955292199918,5.75543221661067,62,,
2019,10,22,7,0,30.2,-82,24.5,5.8,396,0,73,0,0,950.1,357.378432960854,4.95438089113268,49,,
2019,10,22,8,0,32.1,-73,29.4,5.2,527,0,40,0,0,949.9,357.141061202621,6.03089781362028,35,,
2019,10,22,9,0,33.4,-55,42,4.4,552,820.63,0,374.78,0,949.2,339.675155769521,5.54439883830689,23,,
2019,10,22,10,0,34.2,-15,49.1,3.8,514,927.81,10,620.94,0,948.3,304.475843483673,5.61037945355693,15,,
2019,10,22,11,0,35.1,38,38.1,3.7,608,984.28,24,831.59,0,947.4,223.756630780749,7.12236568761422,18,,
2019,10,22,12,0,35.3,65,20.3,3.5,460,1015.47,283,987.37,0,946.8,196.702545310181,1.22339853001267,28,,
2019,10,22,13,0,34.7,78,3.8,3.5,205,1030.59,542,1075.31,0,946.3,258.770622395713,2.90726685106406,41,,
2019,10,22,14,0,33.9,86,17.5,3.8,282,1034.23,180,1089.27,0,946,238.870692327038,2.01705949826741,55,,
2019,10,22,15,0,33.2,92,25.2,4.2,194,1025.77,47,1027.07,0,946,64.6112824798097,14.212158788815,68,,
2019,10,22,16,0,31.4,98,30.4,4.9,57,1002.96,0,893.63,0,946.2,69.5530589938093,15.0283468086695,82,,
2019,10,22,17,0,29.4,104,2.4,5.4,0,958.47,0,699.36,0,946.6,70.5064473192035,13.7195271886288,95,,
2019,10,22,18,0,28.2,111,0,5.4,0,874.57,0,461.46,0,946.9,70.1630515640439,11.2241265757009,108,,
2019,10,22,19,0,27.5,120,0,5.2,0,686.58,0,204.36,0,947.3,67.3366356327747,8.48681465814301,121,,
2019,10,22,20,0,27.4,133,0,4.6,0,0,0,0,0,947.5,60.6981014215061,7.55174644333904,132,,
2019,10,22,21,0,26.7,150,0,3.7,0,0,0,0,0,947.5,64.4536592879088,6.25151743575563,140,,
2019,10,22,22,0,25.7,173,0,3,0,0,0,0,0,947.3,61.2972944515516,4.92997373948709,145,,
2019,10,22,23,0,24.9,-162,0,2.3,0,0,0,0,0,946.9,57.3854269091181,4.66072987982555,143,,
2019,10,23,0,0,23.9,-141,0,1.6,0,0,0,0,0,946.6,56.3715730563723,4.80395898233243,137,,
2019,10,23,1,0,23.2,-126,0,0.7,0,0,0,0,0,946.4,27.9766891474831,6.23689524521683,127,,
2019,10,23,2,0,22.5,-116,0,-0.5,0,0,0,0,0,946.5,13.784824485953,7.13120120813295,115,,
2019,10,23,3,0,21.9,-108,0,-1.8,0,0,0,0,0,946.9,0.605255365797234,7.0237834011914,102,,
2019,10,23,4,0,21.6,-101,0,-2.6,11,0,13,0,0,947.5,352.984635801517,7.58014071550469,89,,
2019,10,23,5,0,23.3,-96,0,-3.3,53,0,165,0,0,947.9,348.798042959324,7.72129790322938,76,,
2019,10,23,6,0,26.8,-90,0,-4.9,76,0,396,0,0,948,350.247575058346,8.11730404752711,62,,
2019,10,23,7,0,29.7,-83,0,-6.1,90,0,622,0,0,948,353.398779715891,8.05339142865119,48,,
2019,10,23,8,0,31.6,-73,0,-5.4,99,569.16,808,126.74,0,947.6,347.854682060225,7.72368239707457,35,,
2019,10,23,9,0,33.1,-56,0,-4.6,105,829.36,937,380.44,0,947,345.895593206414,9.53752514544509,23,,
2019,10,23,10,0,34.5,-15,0,-5.4,107,935.05,995,627.39,0,946.2,357.101423200718,9.88765012528255,14,,
2019,10,23,11,0,35.6,38,0,-6.7,107,989.26,978,837.35,0,945.4,28.9915049426106,11.7986439700991,17,,
2019,10,23,12,0,36,66,0,-7.2,103,1018.54,889,991.86,0,944.9,42.6054293247237,14.0849096874852,28,,
2019,10,23,13,0,35.9,78,0,-7.9,95,1031.97,736,1078.21,0,944.2,43.6035078470193,14.6238245488205,41,,
2019,10,23,14,0,35.7,86,0,-9,84,1035.22,532,1091.64,0,943.6,50.6474569803455,13.583139352672,55,,
2019,10,23,15,0,35,93,0,-9.3,67,1026.4,297,1028.97,0,943.3,53.1606620329966,12.7429791258982,68,,
2019,10,23,16,0,33.3,98,0.3,-8.8,35,1003.25,79,895.18,0,943.7,55.3873350801253,12.6669880624413,82,,
2019,10,23,17,0,30.7,105,0,-7.8,0,957.74,0,700.28,0,944.4,59.3278048093179,12.5886315349585,95,,
2019,10,23,18,0,28.7,112,0,-6.6,0,872.94,0,462.18,0,945.1,62.4168766399108,12.1986280444131,108,,
2019,10,23,19,0,27.6,121,0,-5.6,0,684.97,0,205.39,0,945.6,59.9235892265783,12.0657062278613,121,,
2019,10,23,20,0,26.7,133,0,-5.1,0,1.08,0,0.59,0,945.8,54.4455986965752,11.7969696321594,132,,
2019,10,23,21,0,25.7,150,0,-4.2,0,0,0,0,0,945.8,56.2593569871643,10.3391022085096,140,,
2019,10,23,22,0,24.6,173,0,-3.2,0,0,0,0,0,945.4,58.4700048557063,8.40453073261476,144,,
2019,10,23,23,0,23.4,-162,0,-2.6,0,0,0,0,0,945.1,59.5299033222162,7.29642048207047,143,,
2019,10,24,0,0,22.3,-141,0,-2.3,0,0,0,0,0,945,64.7816915840258,5.46614787086979,136,,
2019,10,24,1,0,21.3,-127,0,-2.2,0,0,0,0,0,945,70.5168370770472,1.78185532898697,127,,
2019,10,24,2,0,20.5,-116,0,-2.2,0,0,0,0,0,945.4,330.62517920056,1.06701175820514,115,,
2019,10,24,3,0,19.6,-108,0,-2.1,0,0,0,0,0,946,326.201159565035,2.82986833182776,102,,
2019,10,24,4,0,18.9,-102,0,-1.6,11,0,16,0,0,946.9,325.369361722289,4.61917069625896,89,,
2019,10,24,5,0,19.6,-96,0,-0.4,51,0,177,0,0,947.8,331.438970587532,6.11971857927963,76,,
2019,10,24,6,0,21.7,-90,0,1.8,73,0,412,0,0,948.2,340.154956021409,6.77748664191207,62,,
2019,10,24,7,0,24.3,-83,0,3.3,86,0,636,0,0,948.4,351.506073218014,6.26794555589876,48,,
2019,10,24,8,0,26.7,-74,0,3,94,574.1,820,129.6,0,948.4,1.36009759851379,6.25176135495225,35,,
2019,10,24,9,0,28.8,-57,0,2,98,831.52,947,383.61,0,947.9,3.48019451866361,6.5629072879535,22,,
2019,10,24,10,0,30.4,-16,0,0.8,99,936.97,1004,630.74,0,947.2,3.26465551314749,7.88780082309692,14,,
2019,10,24,11,0,31.6,39,0,-0.8,97,991.88,989,841.32,0,946.3,358.128517629869,9.9270781730239,17,,
2019,10,24,12,0,32.5,66,0,-2.4,92,1021.99,903,996.61,0,945.3,55.701893039926,12.6857272520132,28,,
2019,10,24,13,0,33.2,79,0,-3.9,84,1036.29,750,1083.79,0,944.5,65.6249850846265,13.4010193767445,41,,
2019,10,24,14,0,33.6,87,0,-5,74,1035.09,544,1092.92,0,944,62.5090649595881,13.8175283009025,55,,
2019,10,24,15,0,33.4,93,0,-5.6,59,1021.8,308,1026.19,0,944,59.6922533545148,13.1888884247707,68,,
2019,10,24,16,0,32,99,0,-5.5,32,994.23,85,889.39,0,944.4,59.8569586115423,11.6448568747222,82,,
2019,10,24,17,0,29.4,105,0,-5,0,948.34,0,695.7,0,945.2,63.4026165901162,12.7473878515094,95,,
2019,10,24,18,0,27.3,112,0,-3.5,0,863.26,0,459.34,0,945.9,59.971040021427,11.3110095229234,108,,
2019,10,24,19,0,25.9,121,0,-1.6,0,676.21,0,204.77,0,946.3,53.678994057948,10.7969157459777,120,,
2019,10,24,20,0,24.9,133,0,-0.5,0,6.7,0,1.45,0,946.3,52.1767398688514,9.37125625210856,131,,
2019,10,24,21,0,23.9,151,0,0.9,0,0,0,0,0,946.1,50.71524136728,8.20612060990024,140,,
2019,10,24,22,0,22.9,173,0,3,0,0,0,0,0,946,46.3947041514617,7.35831689050913,144,,
2019,10,24,23,0,21.9,-162,0,4,0,0,0,0,0,945.7,48.3495139360332,4.62684565675766,143,,
2019,10,25,0,0,21,-142,0,3.3,0,0,0,0,0,945.8,37.1120336489121,4.89449280441173,136,,
2019,10,25,1,0,20.2,-127,0,1.7,0,0,0,0,0,946.4,19.5914941274136,6.10412024820731,126,,
2019,10,25,2,0,19.6,-117,0,0.1,0,0,0,0,0,947,7.98897770674461,6.29575234480247,115,,
2019,10,25,3,0,18.9,-109,0,-0.8,0,0,0,0,0,947.7,355.95341009286,5.31405218840183,102,,
2019,10,25,4,0,18.6,-102,0,-1.1,12,0,15,0,0,948.4,359.679360479519,4.89846821074406,89,,
2019,10,25,5,0,20.3,-96,0,-1.1,53,0,172,0,0,948.9,347.631073973679,5.1427622444031,75,,
2019,10,25,6,0,23.3,-90,0,-0.7,77,0,403,0,0,949.2,339.879165608839,4.87150763759937,62,,
2019,10,25,7,0,26.1,-84,0,-0.1,92,0,625,0,0,949.1,359.021519531326,5.95006339443987,48,,
2019,10,25,8,0,28.7,-74,0,0.2,102,573.06,805,131.44,0,948.7,355.401636940986,5.9449400018153,35,,
2019,10,25,9,0,30.8,-57,0,0.2,110,828.42,928,384.73,0,948,352.044773777675,6.68937504577763,22,,
2019,10,25,10,0,32.3,-16,0,-0.4,116,934.56,979,631.53,0,947.2,359.665390238049,8.69934410326313,14,,
2019,10,25,11,0,33.2,40,0,-1.2,115,990.34,961,842.13,0,946.4,7.33465169865019,8.99538855150819,17,,
2019,10,25,12,0,33.5,67,0,-1.7,109,1021.36,873,997.78,0,945.7,12.7797962344145,8.68780667552407,28,,
2019,10,25,13,0,33.8,79,0,-2,99,1036.57,722,1085.56,0,945.2,5.83219791656774,7.11100400123132,41,,
2019,10,25,14,0,34,87,0,-2.4,87,1038.2,518,1097.21,0,944.6,49.0828489004167,9.15462666756397,54,,
2019,10,25,15,0,33.9,93,3.5,-2.6,91,1027.83,256,1032.86,0,944.5,50.8391483297488,9.20369782134403,68,,
2019,10,25,16,0,32.7,99,5.8,-2.3,47,1003.16,59,897.71,0,944.7,43.4278201696644,8.56267589527076,82,,
2019,10,25,17,0,30.5,105,0,-2.3,1,954.24,0,700.79,0,945,42.4563517586526,8.1586300438947,95,,
2019,10,25,18,0,29.1,112,0,-2.8,0,866.09,0,462.03,0,945.3,40.5209821742916,7.89299122889782,108,,
2019,10,25,19,0,28.4,121,0,-3.4,0,677.44,0,206.45,0,945.8,29.3496105941683,6.74935447749262,120,,
2019,10,25,20,0,27.2,134,0,-4.2,0,16.08,0,2.42,0,946.1,29.4433597445836,5.10068286968065,131,,
2019,10,25,21,0,25.8,151,0,-5.3,0,0,0,0,0,945.8,46.5705473193957,3.70569272725711,139,,
2019,10,25,22,0,24.6,174,0,-6.2,0,0,0,0,0,945.5,54.8149986880575,3.51277821765027,144,,
2019,10,25,23,0,23.6,-162,0,-6.8,0,0,0,0,0,945.3,51.4256354530247,3.32771814993399,142,,
2019,10,26,0,0,22.5,-142,0,-7.1,0,0,0,0,0,945.7,48.8297601093142,3.75714502486773,136,,
2019,10,26,1,0,21.5,-127,0,-7.2,0,0,0,0,0,946.2,90.7714334060852,3.17609212441218,126,,
2019,10,26,2,0,20.8,-117,0,-7.5,0,0,0,0,0,946.6,68.3367138146253,2.98416516334142,114,,
2019,10,26,3,0,20.3,-109,0,-7.7,0,0,0,0,0,946.9,37.7326712694679,0.56797335170369,102,,
2019,10,26,4,0,20.4,-102,0,-8.1,13,0,15,0,0,947.5,346.416755744632,2.02934870207812,89,,
2019,10,26,5,0,22.6,-97,0,-8.5,57,0,169,0,0,948.1,4.46954901306731,1.90418233164792,75,,
2019,10,26,6,0,25.9,-91,0,-8.5,82,0,398,0,0,948.3,4.35350757268975,1.95483608628496,62,,
2019,10,26,7,0,28.4,-84,0,-7.8,97,0,618,0,0,948.4,23.4187697597176,2.26039716039114,48,,
2019,10,26,8,0,30.5,-75,0,-6.6,106,159.37,798,60.99,0,948.3,20.9602147524903,3.55974765063432,34,,
2019,10,26,9,0,32.4,-58,0,-4.9,112,319.23,921,288.47,0,947.6,31.5729286166883,4.72243231560392,22,,
2019,10,26,10,0,33.7,-16,0,-3.5,116,42.62,975,351.05,0,946.8,46.8585479935609,6.98066482134228,13,,
2019,10,26,11,0,34.6,41,0,-2.8,116,482.55,957,690.23,0,946.1,52.8406686756679,8.52335307912446,16,,
2019,10,26,12,0,35,68,0,-2.9,112,591.49,868,843.48,0,945.3,62.6058915557011,7.00397259282523,28,,
2019,10,26,13,0,34.9,80,1.4,-3.1,127,119.66,680,606.86,0,944.7,82.3155938779887,7.50858314722276,41,,
2019,10,26,14,0,34.8,87,7.8,-3.4,178,668.1,381,957.99,0,944.3,74.4704014205778,6.55130533199516,54,,
2019,10,26,15,0,34.6,94,8,-3.7,132,1001.96,194,1010.61,0,944.2,77.6335765765446,5.87423048889232,68,,
2019,10,26,16,0,32.9,99,9.5,-3.3,56,980.56,46,880.88,0,944.3,84.1842379854504,5.01374268250119,82,,
2019,10,26,17,0,30.5,106,0,-3.2,1,944.96,0,696.15,0,944.8,114.776180457815,4.14708041657582,95,,
2019,10,26,18,0,29.7,113,0,-3.3,0,873.7,0,466.85,0,945.3,122.405804200373,3.24294893130443,108,,
2019,10,26,19,0,29.4,122,0,-2.9,0,705.94,0,214.51,0,945.6,135.685007696272,3.24268655277555,120,,
2019,10,26,20,0,28.3,134,0,-2.3,0,39.61,0,3.65,0,945.7,147.526548975711,3.52829092559749,131,,
2019,10,26,21,0,27.3,151,0,-1.9,0,0,0,0,0,945.7,151.766152302668,4.85504603050901,139,,
2019,10,26,22,0,26.5,174,0,-2,0,0,0,0,0,945.5,163.071440757706,6.58619346819633,143,,
2019,10,26,23,0,25.6,-162,0,-2.8,0,0,0,0,0,945.2,176.935241865028,7.66337332105303,142,,
2019,10,27,0,0,24.8,-142,0,-3.3,0,0,0,0,0,945,189.591723773705,7.90324827369129,136,,
2019,10,27,1,0,24.2,-128,0,-3.4,0,0,0,0,0,944.9,205.646935909971,7.51810997740728,126,,
2019,10,27,2,0,23.5,-117,0,-3.4,0,0,0,0,0,945.4,221.052963178947,7.42284366901582,114,,
2019,10,27,3,0,22.9,-109,0,-3.6,0,0,0,0,0,946,238.647017814332,7.49245421830997,102,,
2019,10,27,4,0,23.1,-103,0,-3.8,14,0,13,0,0,946.4,266.58060085495,5.43548108351231,89,,
2019,10,27,5,0,25.2,-97,0,-4.2,65,0,156,0,0,946.9,274.181428501982,5.83974018514987,75,,
2019,10,27,6,0,28.1,-91,0,-4.2,93,0,378,0,0,947.4,281.534620653645,6.25124987502499,61,,
2019,10,27,7,0,30.2,-84,0,-4,109,0,598,0,0,947.8,284.103790834769,7.29406893338225,48,,
2019,10,27,8,0,32.1,-75,0,-4.3,117,623.24,780,143.68,0,947.8,274.946008465156,5.84596387065977,34,,
2019,10,27,9,0,33.7,-59,0,-4.2,121,870.84,908,405.09,0,947.3,277.662874990586,5.27370367691122,22,,
2019,10,27,10,0,34.6,-16,0,-3.4,120,972.11,970,657.16,0,946.4,276.268344963938,5.76105134040151,13,,
2019,10,27,11,0,35.3,41,0,-3,116,1022.67,957,869.58,0,945.5,281.758491933681,5.31063800742881,16,,
2019,10,27,12,0,35.6,68,0,-3.1,109,1049.49,872,1025,0,945,338.072886741192,4.36235749753421,27,,
2019,10,27,13,0,35.6,80,4.8,-3.4,168,1061.68,616,1111.53,0,944.6,330.839965316348,1.23470022643117,41,,
2019,10,27,14,0,35.5,88,14.5,-3.7,226,1064.64,298,1124.35,0,944.4,258.612461505718,2.11584804001569,54,,
2019,10,27,15,0,35.2,94,17.3,-4,161,1056.53,144,1060.65,0,944.3,259.191039670391,3.85308092763662,68,,
2019,10,27,16,0,33.5,100,37.6,-3.7,57,1034.71,3,924.83,0,944.3,246.509842995924,4.2630002724881,81,,
2019,10,27,17,0,30.7,106,0,-3.5,1,989.51,0,725.53,0,944.7,253.440068994323,5.72960951976126,95,,
2019,10,27,18,0,29.3,113,0.1,-3.4,0,906.27,0,482.45,0,945.2,268.625704783251,5.04421274684823,108,,
2019,10,27,19,0,29.4,122,5.8,-3.2,0,723.69,0,219.96,0,945.9,281.783884282286,9.14186168485081,120,,
2019,10,27,20,0,29.5,134,2.4,-3.5,0,59.98,0,4.89,0,946.4,289.294663784754,7.49518746836253,131,,
2019,10,27,21,0,29.1,151,7.2,-3.5,0,0,0,0,0,946.3,287.140434918904,5.02394126170849,139,,
2019,10,27,22,0,28.1,174,0.3,-3.4,0,0,0,0,0,945.8,264.401787297421,4.04267326521263,143,,
2019,10,27,23,0,27.1,-162,0,-3.3,0,0,0,0,0,945.2,260.212737167333,3.95188717516132,142,,
2019,10,28,0,0,26.4,-143,0,-3.1,0,0,0,0,0,944.8,258.018559408599,4.44029838577724,135,,
2019,10,28,1,0,26,-128,0,-2.8,0,0,0,0,0,944.8,249.529160013289,3.99848167783035,126,,
2019,10,28,2,0,25.1,-117,0,-2.6,0,0,0,0,0,945.4,291.663286185375,2.98416516334142,114,,
2019,10,28,3,0,23.2,-110,0,-2.6,0,0,0,0,0,946.2,326.664859730827,4.54929806906268,102,,
2019,10,28,4,0,22.7,-103,0,-2,14,0,15,0,0,946.8,337.683477029468,5.72997816581339,88,,
2019,10,28,5,0,25.2,-97,0,-1.9,62,0,167,0,0,947.1,340.805527292288,6.6179017913263,75,,
2019,10,28,6,0,29.2,-91,0,-2.8,87,0,395,0,0,947.4,353.696901961345,7.29409264003521,61,,
2019,10,28,7,0,32.4,-85,0,-3.3,101,0,616,0,0,947.6,0.196393745507805,6.82423584315069,48,,
2019,10,28,8,0,34.4,-76,0,-3,109,609.43,799,143.35,0,947.4,355.210786757814,6.59722935191513,34,,
2019,10,28,9,0,35.5,-59,0,-2.6,114,851.32,924,399.96,0,946.6,355.961124610241,6.76680542470683,21,,
2019,10,28,10,0,36,-17,0,-2.6,119,950.82,974,647.04,0,945.8,355.757890875477,7.44620400118914,13,,
2019,10,28,11,0,36.3,42,4.2,-3.2,214,1003.82,815,857.6,0,945,354.40116197808,8.96858999225094,16,,
2019,10,28,12,0,36.4,69,12,-3.8,345,1032.8,516,1012.45,0,944.4,334.349930720807,8.9872618652569,27,,
2019,10,28,13,0,36.4,81,6.9,-4.3,228,1046.39,534,1098.94,0,944.1,319.104049308855,10.1907919476528,41,,
2019,10,28,14,0,36.4,88,10.1,-4.9,211,1046.63,334,1109,0,943.9,323.426919638039,10.2727251041004,54,,
2019,10,28,15,0,36.1,94,1.1,-5.4,97,1035.05,252,1043.01,0,943.9,0.715553902091529,10.6532435191639,68,,
2019,10,28,16,0,34.4,100,3,-5.1,51,1009.32,57,906.36,0,944.1,60.9678031352049,8.80565103888902,81,,
2019,10,28,17,0,31.2,106,0,-4.8,1,963.93,0,711.01,0,944.3,56.0680703453309,8.78962278579713,95,,
2019,10,28,18,0,28.7,113,0,-4,0,880.4,0,472.78,0,944.7,58.1932743091073,8.16768825104595,108,,
2019,10,28,19,0,28,122,0,-3.2,0,698.4,0,215.74,0,945.4,67.5982860574308,7.28792200277546,120,,
2019,10,28,20,0,28.1,135,0,-2.8,0,63.21,0,5.86,0,945.9,75.0936431361896,5.75582985958177,130,,
2019,10,28,21,0,27.9,152,0,-2.1,0,0,0,0,0,945.9,78.9428260913036,5.13404750799178,139,,
2019,10,28,22,0,27.3,174,10.1,-1.9,0,0,0,0,0,945.4,73.7341559874431,4.78510200113792,143,,
2019,10,28,23,0,26.5,-163,6.8,-1.7,0,0,0,0,0,944.6,64.6588304995861,3.73433553645082,141,,
2019,10,29,0,0,25.2,-143,0,-0.5,0,0,0,0,0,944,47.7968390393512,3.61220506213824,135,,
2019,10,29,1,0,24.2,-128,0,-0.1,0,0,0,0,0,943.8,25.6878193389638,4.45206485918777,125,,
2019,10,29,2,0,23.4,-118,0,-1,0,0,0,0,0,944,12.2788842359234,6.11653012497096,114,,
2019,10,29,3,0,22.6,-110,0,-2.2,0,0,0,0,0,944.4,5.80708333666269,6.91046305984881,101,,
2019,10,29,4,0,22.4,-103,0,-2.4,15,0,15,0,0,944.8,358.670349518693,7.57623577006065,88,,
2019,10,29,5,0,24.6,-97,0,-2.1,64,0,165,0,0,945.2,350.915713810864,7.59526631889284,75,,
2019,10,29,6,0,28.1,-92,0,-1.7,91,0,389,0,0,945.5,3.04062924525937,7.51057359944282,61,,
2019,10,29,7,0,31.3,-85,0,-1.6,107,0,607,0,0,945.8,9.08000697242704,8.8610382465115,47,,
2019,10,29,8,0,34.1,-76,0,-2.2,118,590.79,785,142.02,0,945.9,5.32222203752656,8.08566317734708,34,,
2019,10,29,9,0,36,-60,0,-2.3,125,832.97,907,394.9,0,945.6,24.4137795960104,8.0991953590534,21,,
2019,10,29,10,0,37,-17,0.1,-2.3,131,935.04,957,639.72,0,944.8,42.5685095254228,9.63731983901402,12,,
2019,10,29,11,0,37.5,43,14.8,-2.4,408,989.21,502,848.32,0,943.7,48.4148470577671,10.3872737481079,16,,
2019,10,29,12,0,37.6,70,16.5,-2.1,391,1019.19,425,1002.05,0,943,59.6421643053512,10.8824930554529,27,,
2019,10,29,13,0,37.7,81,22.6,-1.7,378,1033.59,252,1088.21,0,942.5,57.0695582676523,12.8914248963197,40,,
2019,10,29,14,0,37.4,89,15.4,-1.8,248,1034.2,259,1098.4,0,942.5,61.8077541533555,12.5602269374675,54,,
2019,10,29,15,0,37,95,26.8,-2,204,1023.03,53,1033.36,0,942.6,69.8014143230049,11.6082603377925,68,,
2019,10,29,16,0,35.7,100,36.7,-2.2,58,997.56,5,898.26,0,942.8,74.1409059185061,10.4644658540113,81,,
2019,10,29,17,0,33.3,107,0,-2.8,1,477.93,0,603.82,0,943.3,73.2007504175741,10.0701081984866,95,,
2019,10,29,18,0,31.9,114,0.2,-3.1,0,102.05,0,331.67,0,944.1,69.0331317581765,8.34102036097114,107,,
2019,10,29,19,0,31.1,123,14,-2.8,0,76.72,0,126.34,0,944.9,68.3031240443602,6.58337142286073,119,,
2019,10,29,20,0,29.7,135,14.2,-2.1,0,0,0,0.66,0,945.4,73.0651912243771,5.27134414201237,130,,
2019,10,29,21,0,28.3,152,15.6,-1.5,0,0,0,0,0,945.5,73.2880964925928,5.08158979291591,138,,
2019,10,29,22,0,26.8,174,0.4,-1.7,0,0,0,0,0,945.3,72.174037694087,4.84979229863348,142,,
2019,10,29,23,0,25.4,-163,0,-2.3,0,0,0,0,0,945.1,69.0116967246478,4.27563035876748,141,,
2019,10,30,0,0,23.9,-143,0,-2.5,0,0,0,0,0,945.4,61.8659492083296,2.88345074578698,135,,
2019,10,30,1,0,22.8,-129,0,-2.6,0,0,0,0,0,945.8,51.5993808501818,2.23303508844016,125,,
2019,10,30,2,0,22.3,-118,0,-3.1,0,0,0,0,0,946.1,35.8802897029364,3.1193256494742,114,,
2019,10,30,3,0,21.6,-110,0,-3.5,0,0,0,0,0,946.4,20.8564850422314,5.05803556562916,101,,
2019,10,30,4,0,21.6,-104,0,-3.4,15,0,18,0,0,946.7,22.6198649480404,6.5,88,,
2019,10,30,5,0,23.3,-98,0,-2.8,58,0,175,0,0,947.1,24.5286168557341,7.22634415203623,75,,
2019,10,30,6,0,26.7,-92,0,-2.8,81,0,404,0,0,947.3,24.7384158192837,5.97405655503152,61,,
2019,10,30,7,0,29.8,-86,0.4,-3.5,100,0,615,0,0,947.3,24.5498871869948,5.41535294104531,47,,
2019,10,30,8,0,32,-77,0,-3.5,103,584.3,803,142.57,0,947,31.7594800848128,6.17454451761423,34,,
2019,10,30,9,0,33.7,-61,0,-2.8,111,824.25,923,393.3,0,946.3,40.9515009405865,6.02544325253982,21,,
2019,10,30,10,0,34.8,-17,0,-2.2,121,926.92,968,636.57,0,945.5,58.7745222168258,6.75144795508105,12,,
2019,10,30,11,0,35.4,44,0,-1.5,131,980.67,938,843.28,0,944.6,72.3195041925125,8.15455112666131,15,,
2019,10,30,12,0,35.7,70,0,-1,136,1010.31,838,995.45,0,943.9,82.7654583889907,8.15851628491515,27,,
2019,10,30,13,0,35.7,82,0,-0.7,130,1024.31,684,1080.47,0,943.5,81.4835873158804,8.44065833127391,40,,
2019,10,30,14,0,35.6,89,0,-0.4,120,1026.02,479,1091.55,0,943.1,90.6752676734124,8.62157753457237,54,,
2019,10,30,15,0,34.9,95,0,-0.4,95,1015.67,257,1027.7,0,943,100.125159794777,9.11045148969259,68,,
2019,10,30,16,0,33.5,101,3.4,-0.4,53,990.99,58,894.11,0,943.2,121.846855794359,8.02408763858959,81,,
2019,10,30,17,0,31.2,107,0,-0.3,1,467.52,0,597.07,0,943.5,134.265121026904,7.7782940248603,94,,
2019,10,30,18,0,29,114,0,0.2,0,158.81,0,332.11,0,943.9,139.235361355648,8.52458120505531,107,,
2019,10,30,19,0,27.6,123,0,1.3,0,73.6,0,124.45,0,944.2,139.762374105971,4.95262874115592,119,,
2019,10,30,20,0,26.6,135,0,2.3,0,83.37,0,8.18,0,944.4,143.109001275127,5.16681070571201,130,,
2019,10,30,21,0,25.7,152,0,2.3,0,0,0,0,0,944.2,153.188406591653,5.69810029317393,138,,
2019,10,30,22,0,24.6,174,0,1.5,0,0,0,0,0,943.8,157.295377330331,6.385154098339,142,,
2019,10,30,23,0,23.3,-163,0,0.9,0,0,0,0,0,943.4,163.798317065399,6.34138998654405,141,,
2019,10,31,0,0,22.1,-143,0,0.6,0,0,0,0,0,943.1,161.507475096024,7.12945700390935,134,,
2019,10,31,1,0,20.7,-129,0,1,0,0,0,0,0,943.1,159.069478124575,4.67977711270398,125,,
2019,10,31,2,0,19.3,-118,0,2.1,0,0,0,0,0,943.4,167.596094415085,2.3277261314307,113,,
2019,10,31,3,0,18.1,-110,0,3.8,0,0,0,0,0,944,197.023265934607,0.600506366597154,101,,
2019,10,31,4,0,17.5,-104,0,5.2,15,0,19,0,0,944.6,294.699073884593,1.01903030353274,88,,
2019,10,31,5,0,18.4,-98,0,6,58,0,180,0,0,945,313.858993547167,1.80404869336798,74,,
2019,10,31,6,0,21.6,-92,0,3.2,81,0,408,0,0,945,326.159385474252,2.46909357011498,61,,
2019,10,31,7,0,25.1,-86,0,0.2,95,0,626,0,0,945.2,352.234833981575,5.55090082779363,47,,
2019,10,31,8,0,27.1,-78,0,1.1,105,584.26,802,144.23,0,945.4,358.496755375091,6.70150213572626,34,,
2019,10,31,9,0,28.8,-62,0,3.5,110,820.96,921,393.77,0,944.9,4.38579606480397,6.84423745567676,21,,
2019,10,31,10,0,30,-18,0,5.6,109,922.69,977,635.67,0,944.1,15.3319441419496,7.07603061231475,12,,
2019,10,31,11,0,31,45,0,6.9,107,976.15,958,841.24,0,943.1,27.7406122314943,7.40150415473267,15,,
2019,10,31,12,0,32,71,0,7,102,1005.66,870,992.56,0,942.2,32.2391825028099,6.97826139243215,27,,
2019,10,31,13,0,32.5,82,0,6.1,94,1019.52,722,1076.99,0,941.3,30.4598745745755,6.55744212240647,40,,
2019,10,31,14,0,32.5,89,0,5.2,82,685.27,523,981.06,0,940.8,93.501406450583,10.2336479490728,54,,
2019,10,31,15,0,31.8,95,0,5,67,651.74,296,908.47,0,940.5,98.9761273792755,10.8906800035517,67,,
2019,10,31,16,0,30.2,101,2.5,5.5,43,573.28,77,777.29,0,940.6,115.351205441881,12.4613528820652,81,,
2019,10,31,17,0,27.9,107,0,6.6,1,172.32,1,491.29,0,941.2,123.164128609441,13.1308876884893,94,,
2019,10,31,18,0,25.9,114,0,7.4,0,137.52,0,324.29,0,941.9,128.933584388791,12.2324922471774,107,,
2019,10,31,19,0,24.6,123,0,5.2,0,203.02,0,142.23,0,942.8,142.431407971173,11.4676630013656,119,,
2019,10,31,20,0,23.2,136,0,1.1,0,0,0,0.91,0,943.4,152.062151292917,11.0800502684351,130,,
2019,10,31,21,0,21.4,152,0,0.1,0,0,0,0,0,943.4,158.018659729079,11.2596656160012,138,,
2019,10,31,22,0,19.9,174,0,1.2,0,0,0,0,0,943,154.009601021384,10.6424510618641,142,,
2019,10,31,23,0,18.7,-163,0,1.2,0,0,0,0,0,942.5,153.110062546197,10.7520936945742,140,,
2019,11,1,0,0,17.5,-144,0,0,0,0,0,0,0,942.5,163.436301835274,7.91811992507119,134,,
2019,11,1,1,0,16.1,-129,0,-0.6,0,0,0,0,0,943.2,137.562309482723,4.26059730760498,125,,
2019,11,1,2,0,14.6,-119,0,0.4,0,0,0,0,0,943.8,100.58549941973,2.97645798784796,113,,
2019,11,1,3,0,13.3,-111,0,1.8,0,0,0,0,0,944.3,52.4474888768134,2.30096754423099,101,,
2019,11,1,4,0,12.6,-104,0,2.6,15,0,21,0,0,945,15.4865832809124,3.55487092795627,88,,
2019,11,1,5,0,12.8,-98,0,3.2,52,0,190,0,0,945.8,358.169197654344,5.50280902204793,74,,
2019,11,1,6,0,14.9,-93,0,3.3,68,0,429,0,0,946.3,342.389531316797,6.61060769932025,61,,
2019,11,1,7,0,17.4,-87,0,2.6,75,0,661,0,0,946.2,338.227159465087,7.21381675039492,47,,
2019,11,1,8,0,19.5,-78,0,1.1,77,592.92,858,147.47,0,946,338.016741374706,8.68204751297219,34,,
2019,11,1,9,0,21.4,-62,0,-1,76,830.56,998,399.39,0,945.5,351.038666732848,11.0844965846293,21,,
2019,11,1,10,0,23.1,-18,0,-3.2,74,934.51,1062,644.43,0,944.7,0.758431357048494,12.9777454664096,12,,
2019,11,1,11,0,24.5,46,0,-4.9,72,986.72,1048,850.8,0,943.7,359.173090096852,15.4233892644776,15,,
2019,11,1,12,0,25.3,72,0,-5.2,70,1015.18,955,1002.29,0,943,24.2012067333916,15.2933013373033,27,,
2019,11,1,13,0,25.8,83,0,-5.1,67,1028.21,794,1086.43,0,942.9,23.5925088726747,16.9137332928379,40,,
2019,11,1,14,0,26,90,0,-5.4,62,1030.62,582,1098.12,0,943,20.8424196234138,16.1926487144496,54,,
2019,11,1,15,0,25.5,96,0,-5.6,52,664.22,339,918.01,0,943.1,29.782831201351,17.5215889742681,67,,
2019,11,1,16,0,24.2,101,0,-5.2,32,997.39,105,901.67,0,943.2,46.2969533007921,16.3281132860457,81,,
2019,11,1,17,0,22,107,0,-4.5,1,482.16,1,609.07,0,943.8,39.9384360155456,15.8800751886074,94,,
2019,11,1,18,0,20,115,0,-3.7,0,374.34,0,386.29,0,944.6,35.8686147668401,14.3652769973578,107,,
2019,11,1,19,0,18.8,124,0,-2.8,0,203.41,0,150.61,0,945.1,28.3560109039281,12.211988735584,119,,
2019,11,1,20,0,17.9,136,0,-2.2,0,116.26,0,10.91,0,945.4,33.8078385538083,12.3271036548503,129,,
2019,11,1,21,0,17.1,153,0,-1.6,0,0,0,0,0,945.4,43.9268144874024,10.6529247296771,137,,
2019,11,1,22,0,16.3,174,0,-1.4,0,0,0,0,0,945.3,53.1803017187577,10.9252985501108,141,,
2019,11,1,23,0,15.9,-163,0,-1.5,0,0,0,0,0,945.3,48.1266431658766,10.675477747102,140,,
2019,11,2,0,0,15.4,-144,0,-0.7,0,0,0,0,0,945.3,47.8714441677603,9.81257337127743,134,,
2019,11,2,1,0,14.7,-129,0,1.1,0,0,0,0,0,945.4,40.07429106299,10.3271117326387,124,,
2019,11,2,2,0,13.7,-119,0,2.5,0,0,0,0,0,945.9,26.9901585370959,10.3543587448139,113,,
2019,11,2,3,0,12.8,-111,0,3.2,0,0,0,0,0,946.5,21.4758586761558,10.9895951013151,101,,
2019,11,2,4,0,12.6,-105,0,3.7,14,0,25,0,0,947.1,20.5556298783592,11.8814729100252,88,,
2019,11,2,5,0,13.9,-99,0,4.1,48,0,205,0,0,947.6,22.0969951454886,12.2219154830625,74,,
2019,11,2,6,0,16.5,-93,0,4.4,64,0,443,0,0,948.3,18.2529653382369,12.8455461637749,61,,
2019,11,2,7,0,19,-87,0,4.3,74,0,668,0,0,948.8,20.2245282803676,12.5761876517313,47,,
2019,11,2,8,0,20.9,-79,0,3.1,81,615.72,852,153.33,0,948.6,22.7719595182047,12.201038088189,33,,
2019,11,2,9,0,22.7,-63,0,1.1,85,848.53,977,408.28,0,948,21.8722722664247,11.7437456730941,20,,
2019,11,2,10,0,24.3,-18,0,-0.7,86,948.48,1035,654.29,0,947.5,32.957831927242,12.723359477676,11,,
2019,11,2,11,0,25.7,46,0,-2.1,85,1000.26,1018,862.47,0,946.9,39.3871224450678,12.6809495207152,15,,
2019,11,2,12,0,26.6,72,0,-2.8,82,1028.59,928,1015.33,0,946.5,44.9756772181779,13.3962625810998,27,,
2019,11,2,13,0,27,83,0,-3.4,77,1041.72,774,1100.38,0,946.1,58.1896968151942,13.6655268642087,40,,
2019,11,2,14,0,27.1,90,0,-4,69,1042.94,568,1111.01,0,946,67.3197792859457,15.0544941900005,54,,
2019,11,2,15,0,26.6,96,0,-4.4,57,1032.4,330,1046.23,0,946.3,66.7262000490528,14.0787377022571,67,,
2019,11,2,16,0,25.3,102,0.4,-4.8,35,1007.86,101,911.29,0,946.7,80.120604406199,14.8009847886859,81,,
2019,11,2,17,0,22.9,108,0,-5.2,2,963.32,1,717.46,0,947.2,89.5947676698059,15.5036731034821,94,,
2019,11,2,18,0,20.8,115,0,-5.6,0,881.85,0,481.04,0,947.6,94.9171261371915,15.0352276832026,107,,
2019,11,2,19,0,19.7,124,0,-5.6,0,706.76,0,225.47,0,948.2,98.7462694053387,13.8955000950167,119,,
2019,11,2,20,0,18.7,136,0,-5.6,0,135.62,0,12.43,0,948.9,106.321028863787,13.3702956091208,129,,
2019,11,2,21,0,17.7,153,0,-5.4,0,0,0,0,0,949.4,107.477594670102,12.6662463296183,137,,
2019,11,2,22,0,17,174,0,-4.8,0,0,0,0,0,949.4,113.779541932401,12.0883917943362,141,,
2019,11,2,23,0,16.6,-163,0,-3.9,0,0,0,0,0,949.1,123.575981884569,11.6599749199836,140,,
2019,11,3,0,0,15.9,-144,1,-3.2,0,0,0,0,0,948.8,128.191459467062,9.41332185432561,134,,
2019,11,3,1,0,15.3,-130,0.3,-2.6,0,0,0,0,0,948.8,124.142639591329,8.6370483024115,124,,
2019,11,3,2,0,15,-119,0.3,-2.2,0,0,0,0,0,949.2,126.981162376623,7.22727918891462,113,,
2019,11,3,3,0,14.7,-111,11.8,-1.8,0,0,0,0,0,949.7,129.55040136237,6.51487638587963,101,,
2019,11,3,4,0,14.8,-105,13.8,-1.4,23,0,13,0,0,950.1,132.936246823193,5.9064666366658,88,,
2019,11,3,5,0,16.6,-99,5.5,-1.4,80,0,162,0,0,950.6,135.632335552419,4.75387654865663,74,,
2019,11,3,6,0,19.6,-94,3.9,-1.9,110,0,385,0,0,951.1,133.679271400544,3.83479830273983,61,,
2019,11,3,7,0,22.3,-87,0,-2.7,85,0,667,0,0,951.7,117.318376346193,3.31940917552202,47,,
2019,11,3,8,0,24.5,-79,0.5,-3.6,103,617.86,836,155.3,0,951.9,112.477093976329,3.13667718793087,33,,
2019,11,3,9,0,26,-64,0,-4.4,96,847.02,978,409.33,0,951.5,110.851414844056,3.36904133762988,20,,
2019,11,3,10,0,27.3,-19,0,-5.1,97,945.27,1035,653.87,0,951,111.080475694764,4.09417227333477,11,,
2019,11,3,11,0,28.3,47,2.5,-5.8,146,996.55,941,860.94,0,950.2,118.396661377638,5.19071999542533,15,,
2019,11,3,12,0,28.9,73,16.1,-6.5,375,1024.46,482,1012.81,0,949.6,121.113999224967,5.59340268570028,26,,
2019,11,3,13,0,29.2,84,18.7,-7.4,366,1037.17,334,1097.09,0,949.4,114.420760883084,5.23357665781892,40,,
2019,11,3,14,0,29.5,91,13.3,-8.3,232,1036.62,325,1105.92,0,949.2,121.640810635194,6.21687914717297,53,,
2019,11,3,15,0,29.3,96,6.6,-8.5,112,668.48,253,923.63,0,949.1,130.651424340931,7.83613687577197,67,,
2019,11,3,16,0,27.9,102,1,-8.3,35,587.58,105,789.34,0,949.5,136.913381251248,8.01136202620955,81,,
2019,11,3,17,0,25.3,108,0,-8.2,2,342.75,2,554.14,0,950.3,150.75562918536,8.33961012184507,94,,
2019,11,3,18,0,23.4,115,0,-8.3,0,20.79,0,259.2,0,950.6,157.936620086668,7.98653993663916,107,,
2019,11,3,19,0,22.6,124,0,-8.3,0,77.98,0,132.49,0,950.9,154.184508457014,7.05941606477584,118,,
2019,11,3,20,0,21.5,136,0,-8.2,0,0,0,11.81,0,951.4,158.922080963682,7.85290142831462,129,,
2019,11,3,21,0,20.6,153,0,-8.1,0,0,0,0,0,951.5,163.46238863955,8.16525236498531,137,,
2019,11,3,22,0,19.9,174,0,-8.1,0,0,0,0,0,951.2,171.093865387013,8.25115863011189,141,,
2019,11,3,23,0,19.4,-163,0,-8.4,0,0,0,0,0,950.9,172.518467831167,7.8906337603268,139,,
2019,11,4,0,0,18.8,-144,0,-8.7,0,0,0,0,0,950.8,191.855263452646,8.59301089121014,133,,
2019,11,4,1,0,17.8,-130,0,-8.7,0,0,0,0,0,950.9,197.327842069535,6.20331304567482,124,,
2019,11,4,2,0,16.9,-120,0,-8.4,0,0,0,0,0,951.2,211.834042029544,5.11734039315126,113,,
2019,11,4,3,0,16.4,-112,0,-8.1,0,0,0,0,0,951.7,239.822438020123,3.32573051286497,100,,
2019,11,4,4,0,16.7,-105,0,-7.7,14,0,30,0,0,952.3,273.499239836536,2.88037013821697,87,,
2019,11,4,5,0,19.4,-99,0,-7.3,45,0,221,0,0,952.9,292.773127206361,3.03760103606605,74,,
2019,11,4,6,0,23.6,-94,0,-7.6,58,0,468,0,0,953.1,300.893334411491,3.2638664649364,60,,
2019,11,4,7,0,26.9,-88,0,-8.1,66,0,699,0,0,953.4,306.588474797768,3.0211623884894,47,,
2019,11,4,8,0,29,-80,0,-8.6,71,21.41,886,67.86,0,953.6,303.571020836612,3.12242592244353,33,,
2019,11,4,9,0,30.5,-65,0,-9,74,829.08,1013,403.56,0,953.1,293.891504814438,2.8454212122655,20,,
2019,11,4,10,0,31.7,-19,0,-9.2,76,431.29,1068,541.56,0,952.4,275.790263273653,2.01429845019555,11,,
2019,11,4,11,0,32.5,48,0,-9.4,77,538.94,1047,731.15,0,951.5,225.887022507639,2.68789656207193,14,,
2019,11,4,12,0,32.8,74,0,-10,76,632.47,955,878.34,0,950.7,231.074665134767,4.56938762542139,26,,
2019,11,4,13,0,32.8,84,0,-10.7,72,682.52,797,974.54,0,950.4,226.365033229519,3.25475222237506,40,,
2019,11,4,14,0,32.9,91,0,-11,66,685.42,585,986.57,0,950.1,269.10272095977,4.48117922072843,53,,
2019,11,4,15,0,32.4,97,0,-11.1,56,410.64,342,799.28,0,950.2,280.792933919361,6.69667887648291,67,,
2019,11,4,16,0,30.7,102,2.3,-10.8,39,560.21,102,775.43,0,950.6,288.191576275445,8.10849615532743,81,,
2019,11,4,17,0,27.8,108,0,-10.6,2,465.77,2,599.7,0,951.2,331.766292046177,16.3738821059249,94,,
2019,11,4,18,0,25.5,115,0,-10.7,0,371.62,0,386.66,0,951.6,340.318327240025,17.652252979285,106,,
2019,11,4,19,0,24.3,124,0,-10.8,0,208.52,0,154.93,0,952,341.163245830283,15.1961783592469,118,,
2019,11,4,20,0,23.4,137,0,-11,0,0,0,1.45,0,952.4,342.290197560784,14.2283803306516,129,,
2019,11,4,21,0,22.6,153,0,-11.2,0,0,0,0,0,952,340.76372323228,13.8593175408947,137,,
2019,11,4,22,0,21.7,174,0,-11.3,0,0,0,0,0,951.3,335.526755551591,11.9565444376902,140,,
2019,11,4,23,0,20.7,-164,0,-11.3,0,0,0,0,0,951,329.838233409599,9.72660118149084,139,,
2019,11,5,0,0,20.1,-145,0,-11.1,0,0,0,0,0,951.1,324.471028532181,8.92744479150738,133,,
2019,11,5,1,0,19.5,-130,0,-10.9,0,0,0,0,0,951.3,298.661805328085,7.77800039343533,124,,
2019,11,5,2,0,19,-120,0,-10.7,0,0,0,0,0,951.5,307.791090991116,8.16604175697235,113,,
2019,11,5,3,0,18.5,-112,0,-10.6,0,0,0,0,0,951.6,315.713101194384,11.3174284751173,100,,
2019,11,5,4,0,18.8,-105,0,-10.5,15,0,29,0,0,951.8,322.436769136584,12.1423366520431,87,,
2019,11,5,5,0,21.9,-100,0,-10.5,51,0,215,0,0,952.2,321.155743755323,12.5183966997111,74,,
2019,11,5,6,0,26.4,-94,0,-10.9,67,0,458,0,0,952.5,323.489627381395,12.4416925846747,60,,
2019,11,5,7,0,29.7,-88,0,-11.3,77,0,685,0,0,952.6,326.357281358195,13.0019055781087,47,,
2019,11,5,8,0,31.5,-80,0,-11.3,83,593.51,872,153.55,0,952.5,326.916595206865,14.1120925859813,33,,
2019,11,5,9,0,32.6,-66,0,-11.1,87,818.12,1000,400.59,0,951.8,334.695800151544,14.0469869990123,20,,
2019,11,5,10,0,33.5,-20,0,-11.2,89,916.65,1055,639.23,0,950.6,341.400197401056,15.0642245879394,10,,
2019,11,5,11,0,34.3,49,0,-11.4,88,495.37,1037,711.73,0,949.3,345.737417137716,17.0771770104718,14,,
2019,11,5,12,0,34.8,74,0,-11.7,85,994.67,947,988.14,0,948.7,346.530337557058,18.1798926769061,26,,
2019,11,5,13,0,35,85,0,-12.1,79,399.76,791,817.52,0,948.5,341.483727961984,17.5904199128119,40,,
2019,11,5,14,0,35.1,91,0,-12.2,71,104,582,222.74,0,948.2,334.888358559034,16.6521335018317,53,,
2019,11,5,15,0,34.8,97,0,-12.1,59,521.91,342,825.43,0,948,340.48851774024,17.1698315674351,67,,
2019,11,5,16,0,33,103,1,-11.5,37,122.98,108,270,0,948,346.964237464891,16.9364616542263,80,,
2019,11,5,17,0,29.8,109,0,-11,2,77.89,2,195.94,0,948.3,348.483628899245,13.071265467785,94,,
2019,11,5,18,0,27.4,116,0,-10.8,0,126.97,0,89.13,0,948.7,352.439658057272,10.6035057168325,106,,
2019,11,5,19,0,26.3,125,0,-10.5,0,0,0,67.75,0,949.2,346.959436825824,10.5288394035671,118,,
2019,11,5,20,0,25.4,137,0,-10.3,0,0,0,3.51,0,949.4,336.522614976831,8.57259835379066,128,,
2019,11,5,21,0,24.7,153,0,-10.2,0,0,0,0,0,949,342.716859409802,8.36566041292682,136,,
2019,11,5,22,0,23.9,174,0,-10.1,0,0,0,0,0,948.5,332.651289761877,7.87634113245127,140,,
2019,11,5,23,0,23.1,-164,0,-10.1,0,0,0,0,0,948,331.969647057434,9.3198368964801,139,,
2019,11,6,0,0,22.4,-145,0,-10,0,0,0,0,0,947.8,323.552291599784,9.98938491925944,133,,
2019,11,6,1,0,21.8,-131,0,-9.9,0,0,0,0,0,947.8,310.675347474514,11.0702501884531,124,,
2019,11,6,2,0,21.3,-120,0,-9.8,0,0,0,0,0,947.9,319.595990084333,10.2695298219588,112,,
2019,11,6,3,0,21,-112,0,-9.9,0,0,0,0,0,948.3,322.088812870992,11.3675206446591,100,,
2019,11,6,4,0,21.7,-106,0,-9.7,15,0,30,0,0,948.7,328.303137676521,12.4829347578795,87,,
2019,11,6,5,0,24.7,-100,0,-9.5,49,0,219,0,0,949,334.625493650111,13.6097713107741,74,,
2019,11,6,6,0,28.9,-95,0,-9.6,65,0,462,0,0,949.2,332.274130543949,15.7011388683932,60,,
2019,11,6,7,0,32,-89,0,-10.1,75,0,690,0,0,949.6,327.969437127263,18.2510267612714,47,,
2019,11,6,8,0,33.7,-81,0,-10.8,81,89.46,875,71.36,0,949.7,332.352596797772,18.5958634777773,33,,
2019,11,6,9,0,34.9,-66,0,-11.1,84,106.66,1002,92.37,0,949.2,352.083455245138,16.2248012013034,20,,
2019,11,6,10,0,35.8,-20,0,-11.2,85,74.65,1058,46.26,0,948.2,356.711930885609,15.8737188663998,10,,
2019,11,6,11,0,36.5,50,0,-11.1,84,116.36,1039,106.36,0,947.2,0.476997101302629,16.3755674793594,14,,
2019,11,6,12,0,36.8,75,0,-11.1,82,121.01,948,290.56,0,946.6,4.76005031085219,15.5301726536286,26,,
2019,11,6,13,0,36.8,85,0,-11.3,77,35.69,793,409.51,0,946.1,17.242410387095,13.6117214173474,39,,
2019,11,6,14,0,36.8,92,0,-11.5,69,42.23,584,611.75,0,945.7,25.6789234234583,12.1231268784228,53,,
2019,11,6,15,0,36.5,97,0,-11.5,57,121.73,345,284.13,0,945.6,35.1586991476772,11.8971159605509,67,,
2019,11,6,16,0,34.6,103,1.4,-11,38,122.18,109,241.77,0,945.7,42.8177586599684,11.6198608849425,80,,
2019,11,6,17,0,31.3,109,0,-10.9,2,39.42,2,420.98,0,946.1,56.7784163831887,10.5377242960216,93,,
2019,11,6,18,0,29.1,116,0,-10.8,0,0,0,193.59,0,946.6,59.0575375850394,9.43567721811826,106,,
2019,11,6,19,0,28.2,125,0,-10.5,0,0,0,113.76,0,947.1,46.3538111597253,7.79921503910892,118,,
2019,11,6,20,0,27.4,137,0,-10.3,0,0,0,2.21,0,947.4,43.6182046459942,7.02012457417278,128,,
2019,11,6,21,0,26.5,153,0,-10.1,0,0,0,0,0,947.4,43.67358355002,6.47579143332321,136,,
2019,11,6,22,0,25.6,174,0,-9.9,0,0,0,0,0,947,38.8987801035562,6.08883071373522,140,,
2019,11,6,23,0,24.8,-164,0,-9.6,0,0,0,0,0,946.3,34.4712425496866,6.14119875746291,139,,
2019,11,7,0,0,24.1,-145,0,-9.3,0,0,0,0,0,946,32.5785079459941,4.56213337487995,133,,
2019,11,7,1,0,23.2,-131,0,-9,0,0,0,0,0,946.1,16.3121964157813,4.17196134523113,123,,
2019,11,7,2,0,21.8,-120,0,-8.3,0,0,0,0,0,946.8,7.41742110370984,4.84131659927662,112,,
2019,11,7,3,0,20,-112,0,-7.6,0,0,0,0,0,947.7,12.7428910409554,4.86994830738117,100,,
2019,11,7,4,0,20.4,-106,0,-6.7,15,0,31,0,0,948.3,3.80466426079295,4.88576789118201,87,,
2019,11,7,5,0,23.7,-100,0,-6.1,49,0,218,0,0,948.8,2.2814087181535,5.00396632164545,74,,
2019,11,7,6,0,27.7,-95,0,-5.8,66,0,459,0,0,949.1,5.48639003833824,5.47427374433475,60,,
2019,11,7,7,0,31.1,-89,0,-5.7,75,0,686,0,0,949.2,331.672330924816,5.11219387767652,46,,
2019,11,7,8,0,33.7,-81,0,-6.4,82,582.14,870,154.06,0,949.2,334.208276924413,5.69203080006225,33,,
2019,11,7,9,0,35.7,-67,0,-7.7,85,803.23,997,397.35,0,948.6,349.289406959655,5.92746129856769,20,,
2019,11,7,10,0,36.7,-21,0,-8.9,86,901.62,1055,632.65,0,947.4,13.3392444158176,6.70426539160818,10,,
2019,11,7,11,0,37.4,51,0,-9.7,85,955.01,1037,833.29,0,946.4,29.9614365345105,8.04812465710905,14,,
2019,11,7,12,0,37.7,76,0,-10,83,984.98,945,981.31,0,945.9,37.8876498224072,9.28033812255746,26,,
2019,11,7,13,0,37.7,86,0,-10,77,999.41,789,1064.24,0,945.5,47.3636537548593,9.04268877390619,39,,
2019,11,7,14,0,37.7,92,0,-10.1,69,80.3,583,702.27,0,945.3,82.7127817221858,13.2116071044357,53,,
2019,11,7,15,0,37.4,98,0,-10.4,56,596.3,346,881.19,0,945.4,84.3985151828668,13.367923147975,67,,
2019,11,7,16,0,35.1,103,1.8,-9.9,37,138.53,110,184.94,0,945.5,84.9844540992231,12.3789009697618,80,,
2019,11,7,17,0,30.7,109,0,-9.9,2,121.46,2,169.92,0,945.7,82.6851430599142,10.4951343737578,93,,
2019,11,7,18,0,28.8,116,0,-10.3,0,839.67,0,469.24,0,946.2,83.7389684174246,9.31689977112433,106,,
2019,11,7,19,0,29,125,0,-10.1,0,0,0,59.93,0,947,78.6344857926227,6.80113222019867,118,,
2019,11,7,20,0,28.4,137,0,-10,0,0,0,1.77,0,947.5,90.3262353751336,6.09768610421512,128,,
2019,11,7,21,0,27.7,154,0,-9.7,0,0,0,0,0,947.6,109.279165258018,6.00874708629325,136,,
2019,11,7,22,0,26.9,174,0,-9.7,0,0,0,0,0,946.8,124.188744839828,6.06797031506236,139,,
2019,11,7,23,0,26.4,-164,0,-10.1,0,0,0,0,0,945.8,139.806081507134,6.22794534637107,138,,
2019,11,8,0,0,26,-145,0,-10.3,0,0,0,0,0,945.3,147.355526803608,4.86629698582925,132,,
2019,11,8,1,0,24.8,-131,0,-10,0,0,0,0,0,945.6,126.264578350767,3.03759593032298,123,,
2019,11,8,2,0,23.5,-121,0,-9.3,0,0,0,0,0,946.7,100.359909537275,1.80278127422722,112,,
2019,11,8,3,0,23.2,-113,0,-8.3,0,0,0,0,0,947.6,56.8519536410834,1.37160601222311,100,,
2019,11,8,4,0,23.5,-106,0,-6.8,17,0,29,0,0,948.1,25.8757277152503,1.88853510641428,87,,
2019,11,8,5,0,25.3,-101,0,-4.8,54,0,209,0,0,948.7,9.71052457249158,2.66315636507667,74,,
2019,11,8,6,0,28.4,-95,0,-4.3,74,0,443,0,0,949.2,9.62031123398981,4.18383791530395,60,,
2019,11,8,7,0,31,-89,0,-4.3,87,0,665,0,0,949.4,15.4816818560226,5.70707645671811,46,,
2019,11,8,8,0,33.2,-82,0,-4.1,96,642.92,846,167.08,0,949.4,31.1197056473573,6.86260116463115,33,,
2019,11,8,9,0,35.3,-68,0,-4.5,100,861.01,970,422.01,0,949.1,36.9591398227544,7.97807948559848,20,,
2019,11,8,10,0,36.8,-22,0,-5.8,102,955.21,1026,665.99,0,948.3,45.5912795981673,8.28956235072577,10,,
2019,11,8,11,0,37.6,52,0,-7,102,1006.85,1009,874,0,947.3,61.3179628892038,11.3940688912745,13,,
2019,11,8,12,0,37.9,76,0,-7.4,99,1035.62,918,1027.15,0,946.6,70.728703233911,12.1783769528048,26,,
2019,11,8,13,0,38,86,0,-7.6,94,1049.46,763,1112.92,0,946.1,89.0310422456597,12.017067433783,39,,
2019,11,8,14,0,37.9,92,1.2,-7.9,100,1052.37,535,1125.33,0,945.9,104.870905350326,13.9111057786441,53,,
2019,11,8,15,0,37.6,98,6.6,-8.2,123,1043.81,241,1062.49,0,945.9,113.022645048033,13.0341437175447,67,,
2019,11,8,16,0,36.1,103,16.6,-7.9,79,1021.68,41,929.35,0,946,121.036069346706,12.1676963795905,80,,
2019,11,8,17,0,33.1,109,4.8,-7.8,3,980.25,1,736.76,0,946.3,129.965970817474,10.9831359793431,93,,
2019,11,8,18,0,31.1,116,0.2,-7.6,0,903.72,0,500.68,0,946.8,133.251134693168,10.7633214007004,106,,
2019,11,8,19,0,30.5,125,25.9,-6.7,0,739.32,0,243.63,0,947.4,151.570696542216,9.34559631012035,117,,
2019,11,8,20,0,29.8,138,26.1,-6.1,0,224.93,0,21.93,0,947.9,148.880865248078,9.13001191447806,128,,
2019,11,8,21,0,29.4,154,33.2,-5.7,0,0,0,0,0,947.9,144.613522633655,8.48529753250852,135,,
2019,11,8,22,0,28.5,174,11.2,-5.2,0,0,0,0,0,947.8,143.602684767725,8.62339047921814,139,,
2019,11,8,23,0,27.2,-164,6.2,-4.1,0,0,0,0,0,947.7,147.658734561236,10.3098155046565,138,,
2019,11,9,0,0,25.9,-145,7.3,-2.9,0,0,0,0,0,947.5,148.872263201865,8.41010906467538,132,,
2019,11,9,1,0,24.8,-131,0.2,-2.2,0,0,0,0,0,947.6,143.746162262555,6.97540321415185,123,,
2019,11,9,2,0,23.7,-121,0,-2,0,0,0,0,0,948.3,139.746703739758,7.04275828714275,112,,
2019,11,9,3,0,22.9,-113,0,-2.1,0,0,0,0,0,949,140.394999742842,7.1386146619017,100,,
2019,11,9,4,0,23.2,-107,0,-2.1,19,0,26,0,0,949.2,140.275311593868,6.72947745127406,87,,
2019,11,9,5,0,25.2,-101,0,-1.8,59,0,200,0,0,949.5,137.02350927287,6.49232186736464,74,,
2019,11,9,6,0,28.2,-96,0,-1.8,78,0,434,0,0,949.6,133.871637913404,6.31272083107735,60,,
2019,11,9,7,0,31,-90,0,-2.2,89,0,656,0,0,949.5,122.198361643961,7.7413604280918,46,,
2019,11,9,8,0,33.7,-82,0,-2.5,96,641.81,838,168.09,0,949.4,122.195733934713,7.97652806677191,33,,
2019,11,9,9,0,36,-69,0,-3.1,100,860.58,963,423.02,0,948.9,122.611414758497,9.55283476110427,19,,
2019,11,9,10,0,37.4,-22,0,-4,102,956.6,1018,667.83,0,948,122.660009339195,10.0034524033683,9,,
2019,11,9,11,0,38.1,52,0,-4.9,102,1007.45,1001,875.29,0,947.1,121.78423612084,9.96730830667605,13,,
2019,11,9,12,0,38.2,77,0.6,-5.7,112,1035.54,893,1027.8,0,946.5,134.921701401896,12.1035280471051,26,,
2019,11,9,13,0,38.1,86,15.2,-6.3,327,1048.78,398,1112.96,0,946,140.983837676506,10.9949924475556,39,,
2019,11,9,14,0,37.9,93,28.2,-6.9,317,1053.24,149,1126.92,0,945.5,147.48613165956,9.8618928789387,53,,
2019,11,9,15,0,37.5,98,32.8,-7.5,235,1046.27,31,1065.64,0,945.3,159.745742720146,9.53474991135432,66,,
2019,11,9,16,0,35.9,104,52.7,-7.5,67,1025.87,0,933.87,0,945.3,162.137232514439,9.52533208886653,80,,
2019,11,9,17,0,32.9,110,10.9,-7.6,4,983.35,0,740.2,0,945.5,160.792556484687,11.1019184812437,93,,
2019,11,9,18,0,30.7,117,7.8,-7.8,0,905.89,0,503.34,0,945.6,162.132649163075,11.4337639611889,106,,
2019,11,9,19,0,30.2,126,14.7,-7.9,0,741.38,0,245.9,0,946,159.708880873557,10.1947934227346,117,,
2019,11,9,20,0,30,138,12.7,-8,0,235.59,0,23.52,0,946.6,164.744703675379,11.1502063329004,127,,
2019,11,9,21,0,29.4,154,5.6,-7.8,0,0,0,0,0,946.7,169.688470884456,12.6372139676158,135,,
2019,11,9,22,0,28.5,174,10.8,-7.4,0,0,0,0,0,946.7,172.996846345006,13.2350688025148,139,,
2019,11,9,23,0,27.6,-164,29.7,-7.3,0,0,0,0,0,946.3,178.0645705754,12.2723501336722,138,,
2019,11,10,0,0,25.9,-146,26.6,-6.3,0,0,0,0,0,945.7,178.712317529726,9.904914091466,132,,
2019,11,10,1,0,24.6,-132,0.2,-5.2,0,0,0,0,0,945.4,179.458307792681,7.84793799765283,123,,
2019,11,10,2,0,24,-121,0,-5,0,0,0,0,0,945.6,177.30931602405,6.9060052321767,112,,
2019,11,10,3,0,22.8,-113,0,-4.5,0,0,0,0,0,946,169.138585491755,6.36400584969153,100,,
2019,11,10,4,0,23.3,-107,0,-3.7,20,0,25,0,0,946.6,167.431287839239,6.65959220460191,87,,
2019,11,10,5,0,26.2,-101,0,-3.2,63,0,196,0,0,947,166.759480084813,6.54909344871487,73,,
2019,11,10,6,0,29.9,-96,0,-3,84,0,427,0,0,947.2,165.349884432846,6.71842736124169,60,,
2019,11,10,7,0,32.8,-90,0,-2.7,96,0,647,0,0,947.3,160.460505211134,5.38426953989292,46,,
2019,11,10,8,0,34.7,-83,0,-2.3,103,646.2,827,170.11,0,947.2,161.736344261031,4.9484780023635,33,,
2019,11,10,9,0,36.1,-70,0,-2.5,106,862.02,951,424.71,0,946.5,156.594953075001,4.84809909636336,19,,
2019,11,10,10,0,36.9,-23,0,-3.5,103,956.31,1011,668.58,0,945.5,157.794382676783,5.56081768858253,9,,
2019,11,10,11,0,37.4,53,0,-4.2,103,1006.58,994,875.38,0,944.5,177.855150800462,6.26974159529773,13,,
2019,11,10,12,0,37.5,78,4.2,-4.6,178,1034.2,788,1027.27,0,944,180.585904098906,9.54326074620141,25,,
2019,11,10,13,0,37.5,87,10.9,-5.1,269,1046.98,489,1111.9,0,943.5,176.568928229167,8.81257939451632,39,,
2019,11,10,14,0,37.6,93,4.5,-5.5,142,702.11,469,1013.68,0,942.9,170.760377473909,8.73430228419659,53,,
2019,11,10,15,0,37.4,99,17.7,-5.7,183,685.64,142,944.6,0,942.7,168.547124371407,11.2909752526841,66,,
2019,11,10,16,0,36.2,104,27,-5.6,93,1013.18,11,924.81,0,942.7,171.950323003733,12.4110260180971,80,,
2019,11,10,17,0,33.4,110,0.3,-5.5,3,508.42,2,634.58,0,943.1,176.050654953618,13.6647558354695,93,,
2019,11,10,18,0,30.8,117,0,-5.5,0,383.7,0,407.75,0,943.5,179.906304178948,14.3041087137758,105,,
2019,11,10,19,0,29.9,126,0,-5.5,0,728.4,0,244.28,0,943.7,182.680254583186,13.3654937886053,117,,
2019,11,10,20,0,29.3,138,0,-5.6,0,236.06,0,24.73,0,944,185.019006487032,13.9746296038813,127,,
2019,11,10,21,0,28.6,154,0,-5.5,0,0,0,0,0,944.1,189.233248319289,13.8268050898643,135,,
2019,11,10,22,0,27.4,174,0,-4.4,0,0,0,0,0,944,190.108454013249,13.4860163164621,139,,
2019,11,10,23,0,26.1,-164,0,-3,0,0,0,0,0,943.6,191.509161486432,13.6050618428617,137,,
2019,11,11,0,0,25,-146,0,-2.3,0,0,0,0,0,943.6,194.823756496812,10.0614808332433,132,,
2019,11,11,1,0,23.8,-132,0,-1.9,0,0,0,0,0,943.9,175.74917784062,6.11440725104459,123,,
2019,11,11,2,0,23.2,-121,3.9,-1.9,0,0,0,0,0,944.3,154.341876089942,4.85359487997473,112,,
2019,11,11,3,0,23.2,-114,9.6,-2.2,0,0,0,0,0,944.7,144.316719476225,5.01591482447452,99,,
2019,11,11,4,0,23.9,-107,2.3,-2.3,23,0,22,0,0,945.1,142.746282748836,5.36883366942297,87,,
2019,11,11,5,0,26.4,-101,7.6,-2.4,98,0,142,0,0,945.6,141.886572333088,4.86050132806447,73,,
2019,11,11,6,0,30.1,-96,4.6,-2.8,130,0,357,0,0,945.8,140.599339336521,4.52941773299836,60,,
2019,11,11,7,0,33,-91,2.4,-3.1,125,0,602,0,0,945.7,141.816641560024,4.77077096408051,46,,
2019,11,11,8,0,34.9,-84,0,-3,95,664.9,838,174.82,0,945.5,137.199595426068,5.11090620919049,33,,
2019,11,11,9,0,36.1,-71,0,-3.4,98,881.34,964,433.46,0,944.9,136.212816365803,5.09174081914342,19,,
2019,11,11,10,0,36.7,-24,5.4,-4.3,222,976.58,836,681.4,0,944.1,128.145284813677,5.02156572633322,9,,
2019,11,11,11,0,37.2,54,16.2,-4.8,404,1027.17,519,891.57,0,943.2,125.050949942328,5.70674958209028,13,,
2019,11,11,12,0,37.4,78,32.4,-4.8,489,1055.38,197,1046.34,0,943,142.322486094616,9.18980064779092,25,,
2019,11,11,13,0,37.3,87,49.5,-4.9,421,1069.07,6,1133.24,0,942.7,141.491709316723,10.188374627924,39,,
2019,11,11,14,0,37.3,93,42,-5.2,353,1069.96,15,1144.17,0,942.1,149.699773453165,9.94858571401801,53,,
2019,11,11,15,0,37,99,56.2,-5.2,179,1059.67,4,1079.43,0,941.9,159.770455796237,11.9062200145593,66,,
2019,11,11,16,0,35.8,104,46,-4.3,73,1036.09,0,944.21,0,942,162.596007588827,13.4513324356446,80,,
2019,11,11,17,0,33.9,110,10.3,-4.1,4,994.69,0,750.29,0,942.3,170.800182739603,12.8524560885117,93,,
2019,11,11,18,0,32.6,117,37.2,-4.3,0,919.02,0,512.67,0,942.6,172.446196807214,11.5885030150306,105,,
2019,11,11,19,0,32.1,126,29.1,-4.1,0,758.46,0,253.78,0,943.1,173.540901620328,12.1156456420129,117,,
2019,11,11,20,0,31.3,138,27.4,-3.7,0,268.53,0,27.33,0,943.5,163.806291956366,13.2642025926857,127,,
2019,11,11,21,0,30,154,25.7,-3.1,0,0,0,0,0,943.7,170.592549996472,14.5546619315691,135,,
2019,11,11,22,0,29.2,174,22.1,-2.9,0,0,0,0,0,943.8,173.950487746636,15.6411923286458,138,,
2019,11,11,23,0,28.5,-165,26.9,-2.7,0,0,0,0,0,944.1,175.719858874796,15.7544617863691,137,,
2019,11,12,0,0,28.2,-146,23.6,-2.1,0,0,0,0,0,944.6,180,13.125,131,,
2019,11,12,1,0,27.9,-132,0.7,-0.3,0,0,0,0,0,945,181.308223374907,8.72486145784303,122,,
2019,11,12,2,0,26.6,-122,0,2.2,0,0,0,0,0,945.3,183.255007882396,7.91115448077506,111,,
2019,11,12,3,0,25.2,-114,1.6,3.9,0,0,0,0,0,945.7,187.875531659004,7.46883706229912,99,,
2019,11,12,4,0,24.9,-107,15.1,4.4,29,0,1,0,0,946.3,185.997278802698,5.98193573285036,87,,
2019,11,12,5,0,25.8,-102,14.4,4.8,123,0,93,0,0,946.9,186.139363422126,7.01280779003503,73,,
2019,11,12,6,0,28.1,-97,15.9,5.1,238,0,171,0,0,947.6,188.80577327435,5.71576343225308,60,,
2019,11,12,7,0,30.4,-91,12.6,5.1,290,0,343,0,0,947.9,191.30993247402,4.46164207439369,46,,
2019,11,12,8,0,32.2,-84,17.1,4.8,397,677.5,359,178.26,0,947.5,182.52866255439,2.30304677920313,32,,
2019,11,12,9,0,33.8,-71,12.4,3.9,368,890.14,546,437.86,0,946.9,137.869319969565,1.82251615291655,19,,
2019,11,12,10,0,35.2,-25,4.8,2.8,238,982.75,809,685.76,0,946.4,137.908368397424,2.8320749587189,9,,
2019,11,12,11,0,36.4,55,1,1.9,155,1033.14,914,896.62,0,945.9,177.920526345739,7.00058895331763,13,,
2019,11,12,12,0,36.7,79,17.5,1.4,396,1061.3,421,1051.97,0,945.1,190.968426170518,7.98542100349814,25,,
2019,11,12,13,0,36.3,88,55.6,1.3,376,1074.89,0,1139.14,0,944.9,179.965686481126,6.71454599797556,39,,
2019,11,12,14,0,35.3,94,44.6,1.7,301,1076.84,36,1151.23,0,945.4,176.252883613337,6.1575337654338,52,,
2019,11,12,15,0,34.3,99,55.4,2.3,176,1067.73,0,1087.43,0,945.7,186.327352654731,6.30779448311614,66,,
2019,11,12,16,0,32.2,104,64.8,3.4,41,1045.54,0,952.75,0,946.2,179.658940975619,11.7889494083665,79,,
2019,11,12,17,0,29.5,110,1.6,4.1,4,1003.52,1,757.28,0,947,190.745150718005,12.885654041772,92,,
2019,11,12,18,0,29,117,0,2,0,927.76,0,518.32,0,948,191.37427634643,14.6186146001511,105,,
2019,11,12,19,0,29.2,126,0,0.2,0,767.99,0,258.02,0,948.8,196.004970716262,13.7147239785082,117,,
2019,11,12,20,0,28.6,138,0,0.5,0,285.52,0,29.36,0,948.9,195.978603070235,14.8998582615031,127,,
2019,11,12,21,0,27.9,154,0.1,0.5,0,0,0,0,0,948.8,212.351385747918,7.72372196499462,134,,
2019,11,12,22,0,27.5,174,7,-0.3,0,0,0,0,0,948.6,238.402287420194,7.9712281268127,138,,
2019,11,12,23,0,26.3,-165,2.6,-1,0,0,0,0,0,948.3,220.703267925578,10.9143366227768,137,,
2019,11,13,0,0,24.5,-146,3.4,-0.7,0,0,0,0,0,948.4,219.276108704251,11.5210550311398,131,,
2019,11,13,1,0,23.5,-132,0.3,0,0,0,0,0,0,948.7,216.49031936229,8.9597003973361,122,,
2019,11,13,2,0,22.7,-122,0,0.8,0,0,0,0,0,948.8,222.812355508766,8.8287291030413,111,,
2019,11,13,3,0,21.9,-114,0,1.4,0,0,0,0,0,948.9,226.141001801252,6.10000550834688,99,,
2019,11,13,4,0,21.6,-108,0.2,1.8,22,0,23,0,0,949.2,198.242843575045,4.79164056363975,86,,
2019,11,13,5,0,22.9,-102,0.1,2,67,0,188,0,0,949.8,178.121728745527,6.07746106515353,73,,
2019,11,13,6,0,25.7,-97,0,1.7,90,0,413,0,0,950.5,165.635171759462,5.93557185439324,60,,
2019,11,13,7,0,28.7,-91,0,1.3,104,0,627,0,0,950.9,172.728406900838,4.5364855078785,46,,
2019,11,13,8,0,31.4,-85,0,1.1,113,675.68,805,178.93,0,950.5,133.33021377748,4.73621446673388,32,,
2019,11,13,9,0,33.7,-72,0,0.9,118,885.69,928,437.05,0,949.5,123.263392884983,5.37694901071387,19,,
2019,11,13,10,0,35.4,-25,0,0.9,118,976.85,986,683.1,0,948.6,127.027642964975,5.97407121659755,8,,
2019,11,13,11,0,36.3,56,0,1,118,1026,968,891.94,0,948,131.64473871924,4.66751270833175,12,,
2019,11,13,12,0,36.7,79,0,0.8,116,1052.98,879,1045.36,0,947.4,138.145305085066,5.04004126775677,25,,
2019,11,13,13,0,36.7,88,0,0.4,109,1065.5,730,1131.06,0,946.8,130.385042311047,8.71771541132424,39,,
2019,11,13,14,0,36.6,94,0,0.1,99,1066.16,531,1141.99,0,946.2,130.276410793762,12.3747878927514,52,,
2019,11,13,15,0,36,99,9.5,0.1,134,1055.62,224,1077.64,0,946,151.929632015857,13.9625890663415,66,,
2019,11,13,16,0,34.9,105,39.8,0.2,85,1031.77,7,943.19,0,946.1,161.68754182949,15.5156500788889,79,,
2019,11,13,17,0,32.9,111,1.1,0.5,4,989.12,1,749.71,0,946.7,161.177941409855,16.1150349108547,92,,
2019,11,13,18,0,30.5,118,0,1.2,0,912.56,0,513.24,0,947.9,165.35906718444,15.6401607024418,105,,
2019,11,13,19,0,29,127,0,2,0,752.65,0,256.01,0,949.1,175.104400980204,15.6579952498315,116,,
2019,11,13,20,0,28.2,139,0,2.3,0,280.43,0,30.37,0,949.7,180.243317988549,15.5776215612397,126,,
2019,11,13,21,0,27.5,154,0,2.2,0,0,0,0,0,949.5,183.777507919411,16.953859709146,134,,
2019,11,13,22,0,26.4,174,0,1.9,0,0,0,0,0,948.8,187.705585107312,17.8873933621784,138,,
2019,11,13,23,0,25.4,-165,0,1.9,0,0,0,0,0,948.2,193.707930454835,17.3731360263252,137,,
2019,11,14,0,0,24.8,-147,0,1.7,0,0,0,0,0,947.7,195.924794614321,14.2375526238359,131,,
2019,11,14,1,0,24.2,-133,0,1.6,0,0,0,0,0,947.5,198.586947529343,10.282292370465,122,,
2019,11,14,2,0,23.4,-122,0,1.6,0,0,0,0,0,947.6,207.658127058909,7.0517616744023,111,,
2019,11,14,3,0,22.5,-114,0,1.2,0,0,0,0,0,948.1,194.5832472024,3.76984524413384,99,,
2019,11,14,4,0,22.6,-108,0.7,0.8,23,0,21,0,0,948.7,184.398705354996,3.25960120260132,86,,
2019,11,14,5,0,25.1,-102,0,0.5,71,0,182,0,0,949.2,187.56355677147,2.84898344210183,73,,
2019,11,14,6,0,28.9,-97,0,0.4,95,0,406,0,0,949.5,184.844684533485,2.081632810186,60,,
2019,11,14,7,0,32.3,-92,0,0.6,109,0,623,0,0,949.5,139.207340294036,2.40951912558544,46,,
2019,11,14,8,0,34.6,-85,0,0.6,117,664.26,802,177.69,0,949.4,92.7263109939063,2.62797450520358,32,,
2019,11,14,9,0,36,-73,0,0.3,121,875.47,926,433.86,0,948.8,90,3.44919575337305,19,,
2019,11,14,10,0,36.6,-26,0,-0.2,118,968.63,987,678.93,0,947.8,93.078518250164,4.65510940795051,8,,
2019,11,14,11,0,36.9,57,1.7,-0.7,154,1018.61,916,886.91,0,946.6,113.99058329919,5.52398763634415,12,,
2019,11,14,12,0,37.2,80,19.6,-0.8,403,1046.33,402,1040.03,0,945.6,143.953005048424,7.22238072932858,25,,
2019,11,14,13,0,37.3,89,9.7,-0.8,241,1059.48,523,1125.9,0,945,128.017633967631,5.99959520163805,39,,
2019,11,14,14,0,37.3,94,47.1,-0.9,329,1060.68,10,1137.4,0,944.7,136.141001801252,6.10000550834688,52,,
2019,11,14,15,0,37.1,100,27.9,-0.9,216,1050.62,60,1073.95,0,944.7,142.184256423041,6.44766154614706,66,,
2019,11,14,16,0,36.2,105,26.6,-0.9,86,1027.22,31,940.65,0,944.7,142.692674188297,8.00476440678557,79,,
2019,11,14,17,0,34.3,111,0.7,-1.1,5,984.53,2,748.13,0,945,145.969555447712,7.86660197904487,92,,
2019,11,14,18,0,32.9,118,0,-1.4,0,908.02,0,512.8,0,945.3,167.844229748308,8.77420997066537,105,,
2019,11,14,19,0,32.4,127,0,-1.6,0,749.12,0,256.89,0,945.8,154.352583181945,8.26698925036193,116,,
2019,11,14,20,0,31.4,139,0,-1.9,0,0,0,9.36,0,946.2,165.745129380379,9.10791393651072,126,,
2019,11,14,21,0,29.9,155,0,-2.1,0,0,0,0,0,946.3,177.755485441461,9.49119680517036,134,,
2019,11,14,22,0,28.7,174,0,-2,0,0,0,0,0,946,209.072076160229,13.7289915444791,137,,
2019,11,14,23,0,27.7,-165,0,-1.9,0,0,0,0,0,945.6,216.359341766975,16.6365467702669,136,,
2019,11,15,0,0,26.7,-147,0,-2.3,0,0,0,0,0,945.2,219.272348702597,14.4164772389153,131,,
2019,11,15,1,0,25.8,-133,0,-3.1,0,0,0,0,0,945,209.610573708951,8.4512945547539,122,,
2019,11,15,2,0,25,-123,0,-3.7,0,0,0,0,0,945.4,183.958200488765,5.03540257908402,111,,
2019,11,15,3,0,24,-115,0,-4.1,0,0,0,0,0,946.4,162.982138888583,4.44461378390099,99,,
2019,11,15,4,0,24,-108,4.3,-4.2,29,0,16,0,0,947.8,144.293051180696,4.15633868241669,86,,
2019,11,15,5,0,26,-103,4.7,-4.6,86,0,164,0,0,948.8,138.269120331161,4.01994133865991,73,,
2019,11,15,6,0,29.4,-97,0.5,-5.1,89,0,422,0,0,948.9,113.687493738107,3.54900235977654,60,,
2019,11,15,7,0,32.7,-92,0.5,-5.5,104,0,636,0,0,948.8,91.1183326952533,3.80152836777473,46,,
2019,11,15,8,0,35.5,-86,12.8,-5.6,317,655.02,491,176.66,0,948.7,81.7532493849109,4.8746014573909,32,,
2019,11,15,9,0,37.4,-74,12.1,-5.1,340,867.86,592,431.46,0,948.1,93.1283549678154,4.58102246121715,19,,
2019,11,15,10,0,38.4,-27,3,-4.5,177,963.59,906,676.43,0,947.3,111.430233663874,3.14310889762777,8,,
2019,11,15,11,0,38.9,58,6.5,-4,253,1015.03,775,884.58,0,946.3,115.317859252454,1.68971063393612,12,,
2019,11,15,12,0,39,80,7.8,-3.6,264,1044.09,664,1038.41,0,945.7,78.2623013128695,1.2289146091657,25,,
2019,11,15,13,0,38.9,89,19.9,-3.3,362,1058.5,321,1125.4,0,945.2,80.1932649539307,1.16950163368913,38,,
2019,11,15,14,0,38.8,95,32.5,-3.3,383,1061.14,53,1138.42,0,944.8,94.6286347233912,6.19601146647224,52,,
2019,11,15,15,0,38.2,100,26.1,-3.3,215,1052.53,84,1076.53,0,945.1,123.016457245606,9.95041833753944,66,,
2019,11,15,16,0,37,105,34.6,-3.1,91,1030.72,13,944.62,0,945.6,121.980462148223,10.4211803736285,79,,
2019,11,15,17,0,34.5,111,0.9,-2.8,5,988.66,2,752.32,0,946.2,124.537551466978,10.403793234883,92,,
2019,11,15,18,0,32.4,118,0,-2.8,0,913.12,0,516.96,0,946.7,128.296867541772,10.3178917726098,104,,
2019,11,15,19,0,31.6,127,0,-2.9,0,756.11,0,260.61,0,947.1,156.149705117548,7.3714411720136,116,,
2019,11,15,20,0,30.9,139,0,-2.9,0,296.75,0,33.7,0,947.5,168.100703858106,2.84326736416372,126,,
2019,11,15,21,0,30,155,0,-3.4,0,0,0,0,0,947.5,258.959162337951,2.47155033316022,134,,
2019,11,15,22,0,28.8,174,0,-5.1,0,0,0,0,0,947.2,288.390022480525,3.83703880316687,137,,
2019,11,15,23,0,27.5,-165,0,-6.5,0,0,0,0,0,947.1,313.622743565664,4.26894456187731,136,,
2019,11,16,0,0,26.4,-147,0,-5.8,0,0,0,0,0,947,307.703826631828,4.70093945557959,131,,
2019,11,16,1,0,25.7,-133,0,-4.8,0,0,0,0,0,947,297.883602748032,4.702382942051,122,,
2019,11,16,2,0,25.3,-123,0,-4.9,0,0,0,0,0,947.2,264.106501072033,4.14691864598831,111,,
2019,11,16,3,0,25,-115,0,-5.4,0,0,0,0,0,947.7,260.134193056916,2.91815438248219,99,,
2019,11,16,4,0,25.8,-108,0,-6.8,19,0,33,0,0,948.6,285.517512023791,1.86892908765144,86,,
2019,11,16,5,0,28.9,-103,1.8,-9.8,67,0,200,0,0,949.4,320.945869935111,1.86619504821454,73,,
2019,11,16,6,0,32.3,-98,5,-12.6,124,0,376,0,0,949.9,283.129548079252,1.9774981216615,60,,
2019,11,16,7,0,34.6,-93,2.1,-13.1,110,0,632,0,0,950.2,247.431228312087,6.1168204614289,46,,
2019,11,16,8,0,36.4,-86,0,-11.8,85,635.82,860,173.42,0,950.2,283.649156240943,6.45570775978438,32,,
2019,11,16,9,0,38.1,-75,0,-9.5,88,89.23,986,291.64,0,949.7,266.278520070695,8.06378667473047,19,,
2019,11,16,10,0,39.2,-28,0,-7.7,90,933.87,1043,658.65,0,948.8,267.665662475697,9.20683591191223,8,,
2019,11,16,11,0,39.9,59,0,-6.6,89,203.45,1025,653.46,0,947.9,273.477395276138,9.46662564743927,12,,
2019,11,16,12,0,40.1,81,2.3,-6.7,135,1016.37,868,1013.82,0,947.2,281.841310337244,9.49892301710698,25,,
2019,11,16,13,0,40,89,7.1,-7.2,201,1031.27,610,1099.47,0,946.7,297.58011800188,9.16212310820202,38,,
2019,11,16,14,0,39.7,95,8.9,-7.6,187,164.28,418,701.43,0,946.5,311.289161646592,9.90319740064221,52,,
2019,11,16,15,0,39,100,4.2,-8.2,92,1022.15,310,1049.24,0,946.6,330.200987783978,13.6296787028574,66,,
2019,11,16,16,0,37.5,105,8.2,-8.4,58,310.33,100,678.75,0,947.1,349.759378002347,14.6110420204457,79,,
2019,11,16,17,0,34.7,111,0.5,-8.4,5,75.03,5,284.03,0,947.8,356.10875530483,16.1736134768817,92,,
2019,11,16,18,0,32.3,118,0,-8.6,0,50.88,0,181.67,0,948.4,359.385209224896,17.1340288246762,104,,
2019,11,16,19,0,31,127,0,-9.4,0,18.41,0,82.2,0,948.8,21.4214325669007,14.7789857107449,116,,
2019,11,16,20,0,29.9,139,0,-10.6,0,0,0,13.59,0,949.3,36.9194449699776,11.6587038937703,126,,
2019,11,16,21,0,29,155,0,-11.3,0,0,0,0,0,949.2,49.5861984306053,9.59319764548801,133,,
2019,11,16,22,0,28.3,174,0,-11.3,0,0,0,0,0,948.8,68.3445107441623,9.06054459721635,137,,
2019,11,16,23,0,27.5,-165,0,-11.1,0,0,0,0,0,948.4,72.5882375558551,8.65383464712599,136,,
2019,11,17,0,0,27.2,-147,0,-11.2,0,0,0,0,0,947.9,68.7032777212905,7.22746408747762,130,,
2019,11,17,1,0,26.8,-133,0,-11.5,0,0,0,0,0,947.7,92.0833284551332,3.54912893868291,122,,
2019,11,17,2,0,26.1,-123,0,-11.7,0,0,0,0,0,947.9,355.370437995152,3.43701797557933,111,,
2019,11,17,3,0,25.4,-115,0,-11.3,0,0,0,0,0,948.5,327.003657737842,5.00675931622747,99,,
2019,11,17,4,0,25.2,-109,0,-10.3,17,0,40,0,0,949.3,320.437410745797,5.77121128632053,86,,
2019,11,17,5,0,28.2,-103,0,-9.6,47,0,235,0,0,949.9,317.418510733808,5.43245219578789,73,,
2019,11,17,6,0,32.9,-98,0,-9,63,0,473,0,0,950.2,338.443878835293,6.26218463117348,60,,
2019,11,17,7,0,36,-93,0,-8.5,74,0,694,0,0,950.4,330.525108744439,5.54141304563618,46,,
2019,11,17,8,0,38,-87,0,-8.6,81,622.29,875,175.22,0,950.4,341.478967088032,6.61605617084915,32,,
2019,11,17,9,0,39.4,-76,0,-8.6,87,162.2,998,295.61,0,949.9,330.064801428052,6.86506116856647,19,,
2019,11,17,10,0,40,-29,0,-8.5,91,921.17,1051,656.95,0,949,342.457847649422,6.97265142437872,8,,
2019,11,17,11,0,40.4,60,0,-8.8,93,972.71,1033,858.2,0,947.9,8.03081130756806,8.02386387925461,12,,
2019,11,17,12,0,40.6,82,0,-9.1,92,1001.63,944,1006.83,0,947,13.8045977040078,9.62562204725535,25,,
2019,11,17,13,0,40.6,90,0,-9.2,88,50.85,789,422.23,0,946.5,19.5708674048737,7.21779124299785,38,,
2019,11,17,14,0,40.5,95,0,-9.3,80,54.65,586,302.19,0,946.5,11.8804821164495,7.13343378412904,52,,
2019,11,17,15,0,39.8,100,0,-9.5,67,77.15,354,500.45,0,946.6,60.5155908767242,8.47601723015862,65,,
2019,11,17,16,0,38.2,106,3.7,-9.1,50,136.21,116,146.22,0,946.7,74.0632085873763,11.7072733604949,79,,
2019,11,17,17,0,35.2,111,0.3,-8.3,5,64.18,4,233.45,0,946.9,80.5274598132814,10.442455520509,92,,
2019,11,17,18,0,32.8,118,0,-7.4,0,861.62,0,500.75,0,947.6,94.3170465159433,9.34192246670617,104,,
2019,11,17,19,0,31.6,127,0,-6.6,0,58.37,0,147.56,0,948.3,107.500901594211,6.72847192463652,116,,
2019,11,17,20,0,30.3,139,0,-6.4,0,0,0,11.25,0,948.9,103.083372380611,4.95200549569951,126,,
2019,11,17,21,0,29.3,155,0,-6.6,0,0,0,0,0,948.8,91.4080714027261,2.85575616405969,133,,
2019,11,17,22,0,28.7,174,0,-6.9,0,0,0,0,0,947.9,76.792572724642,1.88126306480088,137,,
2019,11,17,23,0,28.1,-165,0,-7.1,0,0,0,0,0,946.9,105.890785627328,2.42413997482392,136,,
2019,11,18,0,0,27.5,-148,0,-7.2,0,0,0,0,0,946.1,128.811125866958,2.7664951974283,130,,
2019,11,18,1,0,27.1,-134,0,-7.3,0,0,0,0,0,946.1,176.022283119232,2.69765164917765,121,,
2019,11,18,2,0,26.3,-123,0,-7.1,0,0,0,0,0,946.6,211.773741638112,1.90673301728727,111,,
2019,11,18,3,0,24.7,-115,0,-6.9,0,0,0,0,0,947.1,320.532282011199,2.20628864750485,99,,
2019,11,18,4,0,25.4,-109,0,-6.4,21,0,33,0,0,947.4,327.907468991366,4.66151656945646,86,,
2019,11,18,5,0,28.8,-103,0,-6.5,59,0,213,0,0,947.9,319.81719844929,6.08436377798234,73,,
2019,11,18,6,0,32.1,-98,0,-7.2,78,0,444,0,0,948.2,313.70487959528,7.08941918307575,60,,
2019,11,18,7,0,34.9,-93,0,-7.3,91,0,661,0,0,948.3,313.209855378594,7.95883560995352,46,,
2019,11,18,8,0,37.2,-87,0,-7,99,0,841,52.41,0,948.3,313.877178076488,10.8544672347785,32,,
2019,11,18,9,0,38.8,-76,0,-6.3,103,308.17,966,322.32,0,947.7,321.486716826926,9.99943460978482,19,,
2019,11,18,10,0,39.9,-30,0,-5.9,105,16.92,1023,306.79,0,946.4,329.508416442937,10.1543023907153,8,,
2019,11,18,11,0,40.8,60,0,-5.9,105,64.05,1006,456.59,0,944.9,352.712136600226,8.86842806738968,11,,
2019,11,18,12,0,41.1,82,0,-6.4,100,498.64,923,812.13,0,944,54.7957127942381,12.2374770786378,24,,
2019,11,18,13,0,41.1,90,0.5,-7,101,1006.26,766,1081.57,0,943.5,60.3715902132392,11.2834189243477,38,,
2019,11,18,14,0,41,96,2,-7.4,109,1009.27,540,1095.04,0,943.1,74.8677458542448,15.3074499826095,52,,
2019,11,18,15,0,40.5,101,4.4,-7.7,107,1000.46,292,1036.34,0,942.9,88.8135329550235,13.5917229389972,65,,
2019,11,18,16,0,39,106,8.9,-7.6,63,977.9,96,910.19,0,942.8,89.6579121542528,15.6713264430131,79,,
2019,11,18,17,0,35.5,112,0.9,-7.6,6,934.3,3,725.65,0,943,96.5422317686762,13.5406558743417,92,,
2019,11,18,18,0,33,119,0.8,-7.6,0,348.63,0,400.42,0,943.3,105.923960982978,10.6054254996932,104,,
2019,11,18,19,0,33,128,0,-7,0,47.25,0,145.79,0,943.7,106.942221401063,9.11335802865957,115,,
2019,11,18,20,0,32.8,139,0,-6,0,0,0,2.18,0,943.9,113.633159944395,9.18758021041314,125,,
2019,11,18,21,0,32.4,155,0,-4.9,0,0,0,0,0,943.5,122.081792706761,9.99400758855776,133,,
2019,11,18,22,0,32.1,174,0,-4.4,0,0,0,0,0,942.7,124.841817667955,11.6498331966481,136,,
2019,11,18,23,0,31.3,-166,0,-4.9,0,0,0,0,0,941.9,136.906765040394,12.3036463332057,135,,
2019,11,19,0,0,29.6,-148,0,-6,0,0,0,0,0,941.4,142.632934467029,10.7152425453475,130,,
2019,11,19,1,0,27.4,-134,0,-6.5,0,0,0,0,0,941.2,146.311265230135,8.77433862366289,121,,
2019,11,19,2,0,26.2,-124,0,-6,0,0,0,0,0,941.3,143.88609006634,6.99190908196294,111,,
2019,11,19,3,0,25.7,-116,0,-4.8,0,0,0,0,0,941.5,129.932447136249,5.40999208616658,99,,
2019,11,19,4,0,26.2,-109,0,-3.1,21,0,33,0,0,941.8,110.780319199518,4.43703103022516,86,,
2019,11,19,5,0,29,-104,0,-1.7,58,0,214,0,0,942,89.1739018504148,3.52375776427465,73,,
2019,11,19,6,0,32.5,-99,0,-1.8,77,0,446,0,0,942.3,63.7513152293731,3.78911397375916,59,,
2019,11,19,7,0,35.7,-94,0,-3.1,87,0,666,0,0,942.4,62.3591918303727,3.07333680852954,46,,
2019,11,19,8,0,38.2,-88,0,-5,94,183.63,847,97.97,0,942,47.5407799968472,3.11319297024506,32,,
2019,11,19,9,0,39.8,-77,0,-6.1,98,0,971,203.94,0,941.3,56.1790944653903,3.817830861193,19,,
2019,11,19,10,0,40.5,-32,2.4,-6.1,156,418.47,945,543.22,0,940.3,75.6537891130512,6.65262874026815,7,,
2019,11,19,11,0,41,61,26,-6.4,544,974.27,279,859.67,0,939.2,85.1891091738125,9.82738428711873,11,,
2019,11,19,12,0,41,83,6.8,-6.7,230,614.95,723,864.81,0,938.6,97.2925946676231,10.4002826599523,24,,
2019,11,19,13,0,40.9,90,16.3,-6.9,313,496.54,412,879.65,0,938.2,111.133307200336,10.3899378706489,38,,
2019,11,19,14,0,40.9,96,39.5,-6.8,352,661.63,42,989.51,0,937.8,122.522646402754,10.956079541173,52,,
2019,11,19,15,0,40.6,101,18.7,-6.4,202,1010.22,134,1046.4,0,937.8,131.340987050342,11.2946009775214,65,,
2019,11,19,16,0,39.4,106,27.7,-5.1,94,215.6,26,689.54,0,938,135.947326418354,10.864201033183,78,,
2019,11,19,17,0,37,112,13.5,-3.9,7,70.84,0,442.37,0,938.4,138.502508535519,12.9746705536464,91,,
2019,11,19,18,0,34.9,119,4.4,-3.1,0,104.49,0,52.46,0,938.9,141.814221914981,12.8949849828322,104,,
2019,11,19,19,0,33.9,128,12.7,-2.1,0,0,0,84.06,0,939.3,148.017335181871,12.5065718879745,115,,
2019,11,19,20,0,33.5,139,11.8,-1.1,0,0,0,13.94,0,939.8,154.131632157659,11.9239523518046,125,,
2019,11,19,21,0,33.2,155,12.1,0,0,0,0,0,0,940.3,160.468482058344,13.1538204911911,133,,
2019,11,19,22,0,32.4,174,16.5,0.9,0,0,0,0,0,940.7,162.287255158554,16.3680403677221,136,,
2019,11,19,23,0,31.2,-166,18.1,1.4,0,0,0,0,0,940.9,167.990475882359,17.3830109465202,135,,
2019,11,20,0,0,29.5,-148,22.1,2.2,0,0,0,0,0,940.8,171.992303316176,15.3643570415142,130,,
2019,11,20,1,0,28.1,-134,0.8,3.3,0,0,0,0,0,940.7,174.829342151395,13.002105448345,121,,
2019,11,20,2,0,26.8,-124,0,3.9,0,0,0,0,0,941.1,176.771846976647,11.5142494047262,110,,
2019,11,20,3,0,25.6,-116,0,4.2,0,0,0,0,0,941.5,178.352767304305,10.3244410156324,99,,
2019,11,20,4,0,25.4,-109,12.9,4.2,30,0,5,0,0,942.2,179.060279807533,9.04799994100826,86,,
2019,11,20,5,0,26.5,-104,39.4,4,153,0,0,0,0,943.2,173.314470841771,6.4421979070501,73,,
2019,11,20,6,0,28.5,-99,46.9,3.2,231,0,27,0,0,943.9,169.505153664982,4.52489132374591,59,,
2019,11,20,7,0,30.3,-94,51.5,2.5,351,0,2,0,0,944.3,178.743537746191,5.70056639600535,46,,
2019,11,20,8,0,32,-88,31.6,2.1,522,630.25,96,178.46,0,944.6,177.432032712976,5.57979912693299,32,,
2019,11,20,9,0,33.7,-78,57.2,1.7,441,359.29,0,330.16,0,944.5,178.66778014613,5.37645329190164,19,,
2019,11,20,10,0,34.9,-33,67.1,1.2,358,186.58,0,499.14,0,944,187.176564817943,7.00406643448633,7,,
2019,11,20,11,0,35.5,62,49.2,1,544,540.8,0,719.66,0,943.4,186.178598506465,10.9620675785643,11,,
2019,11,20,12,0,35.2,83,63.1,1.7,364,120.82,0,710.76,0,943.1,182.084400991022,13.3249699781353,24,,
2019,11,20,13,0,34.7,91,40,2.2,425,659.83,69,950.48,0,943.1,173.145280784843,16.0007012052886,38,,
2019,11,20,14,0,34.5,96,33.8,1.9,356,65.36,68,673.26,0,942.8,172.832423451042,15.6806477439926,52,,
2019,11,20,15,0,33.9,101,34.8,1.6,233,559.85,26,868.16,0,942.8,172.562122341735,14.9020658065325,65,,
2019,11,20,16,0,33,106,47.8,1.4,86,519.22,0,763.82,0,943.2,168.762070187752,16.714104653085,78,,
2019,11,20,17,0,31,112,7.3,1.2,6,79.84,2,458.17,0,943.8,168.88882416233,17.9568422135214,91,,
2019,11,20,18,0,29,119,29.3,0.8,0,222.31,0,372.63,0,944.4,171.256544966927,17.6772811513234,104,,
2019,11,20,19,0,27.7,128,8.2,0.6,0,0,0,71.25,0,945,177.986430539764,15.332927427547,115,,
2019,11,20,20,0,26.5,140,13.3,0.3,0,0,0,12.33,0,945.3,182.85367022958,15.3069862291097,125,,
2019,11,20,21,0,25.5,155,4.8,-0.6,0,0,0,0,0,945.3,183.680797166886,16.920495676194,132,,
2019,11,20,22,0,24.5,174,0,-1.7,0,0,0,0,0,945,185.072614114744,15.9520904553233,136,,
2019,11,20,23,0,23.5,-166,0,-1.5,0,0,0,0,0,944.8,186.381604088044,15.3597876583418,135,,
2019,11,21,0,0,22.7,-148,0,-0.8,0,0,0,0,0,944.5,186.189026680774,14.9305870148812,130,,
2019,11,21,1,0,21.8,-134,0,-0.3,0,0,0,0,0,944.6,187.008724460254,12.775287756897,121,,
2019,11,21,2,0,20.8,-124,0,-0.1,0,0,0,0,0,945.2,185.968163887549,11.0834658583875,110,,
2019,11,21,3,0,19.8,-116,0,-0.5,0,0,0,0,0,945.9,187.340601214604,10.1810294255426,99,,
2019,11,21,4,0,19.2,-110,0,-0.6,24,0,28,0,0,946.8,185.113400656006,8.98495364894032,86,,
2019,11,21,5,0,20,-104,0,0.2,69,0,196,0,0,947.6,181.536311720461,8.45223404124803,73,,
2019,11,21,6,0,22.5,-99,0,1,92,0,421,0,0,947.8,178.030239999463,7.95389565190574,59,,
2019,11,21,7,0,25.9,-94,0,1.2,106,0,636,0,0,947.9,179.789768063007,6.37504291456833,46,,
2019,11,21,8,0,28.9,-88,0,1.1,116,27.36,811,79.09,0,948,173.306945513222,7.07158588273603,32,,
2019,11,21,9,0,31.5,-79,0,0.9,124,69.22,930,292.79,0,947.4,166.883293349543,7.2637070505737,19,,
2019,11,21,10,0,33.4,-34,0,0.6,125,71.82,986,179.09,0,946.6,160.13553497232,8.50612235838305,7,,
2019,11,21,11,0,34.8,63,0,0.4,126,107.41,969,275.78,0,945.4,144.779807144174,8.87948464616357,11,,
2019,11,21,12,0,35.3,84,0,0.3,120,122.7,889,248.25,0,944.6,141.957471306471,13.0446894419317,24,,
2019,11,21,13,0,35.6,91,0,0,97,81.43,764,218.05,0,944.2,140.714775219776,15.1756141874169,38,,
2019,11,21,14,0,35.9,96,7,-0.2,158,26.74,455,449.31,0,943.6,144.61461326782,17.2008005323891,51,,
2019,11,21,15,0,35.9,101,23.5,-0.3,203,61.82,120,365.39,0,943.3,147.336553972438,20.6849574051216,65,,
2019,11,21,16,0,35.3,106,44.2,-0.1,99,82.55,0,339.29,0,943.4,150.71467999581,20.4268091807175,78,,
2019,11,21,17,0,33.6,112,6.4,0.1,7,112.72,1,187.35,0,943.8,154.590998256997,20.6106712138726,91,,
2019,11,21,18,0,31.4,119,0.1,0.2,0,111.62,0,122.72,0,944.4,158.526765065933,21.0212445253329,103,,
2019,11,21,19,0,30.1,128,6.9,0.1,0,0,0,69.28,0,945.2,163.648529109709,20.1463670370957,115,,
2019,11,21,20,0,29.6,140,7.2,0,0,0,0,8.48,0,945.7,164.969792985034,17.5329255357578,125,,
2019,11,21,21,0,28.7,155,8.5,0,0,0,0,0,0,945.5,165.640388736392,17.1203950734701,132,,
2019,11,21,22,0,27.6,174,12.6,0.3,0,0,0,0,0,945.2,166.674796696543,17.558233627049,136,,
2019,11,21,23,0,26.6,-166,16.4,0.5,0,0,0,0,0,945.2,167.861935905129,18.9503350443396,135,,
2019,11,22,0,0,26.4,-148,10.2,0.6,0,0,0,0,0,944.9,173.158526345937,15.8751017094743,129,,
2019,11,22,1,0,26.4,-135,0.4,0.5,0,0,0,0,0,944.5,179.757643161396,12.9613754067784,121,,
2019,11,22,2,0,25.8,-124,0,0.7,0,0,0,0,0,944.8,176.195093610005,12.0070958941543,110,,
2019,11,22,3,0,24.8,-116,0,0.9,0,0,0,0,0,945.1,165.747481372841,11.2486450412073,98,,
2019,11,22,4,0,25,-110,3.2,1,28,0,21,0,0,945.5,161.99754065432,11.1473463263295,86,,
2019,11,22,5,0,27.3,-104,10.8,1.1,126,0,104,0,0,946.1,174.8894450558,10.9184042322377,73,,
2019,11,22,6,0,30.8,-100,8.2,0.4,174,0,293,0,0,946.6,180.806929455102,8.87588023803837,59,,
2019,11,22,7,0,33.7,-95,0.3,-0.2,115,0,619,0,0,947,164.563591332537,7.13228682211293,46,,
2019,11,22,8,0,35.5,-89,0,0.1,121,0,801,48.17,0,947.2,158.386589262019,7.5293891153062,32,,
2019,11,22,9,0,36.8,-80,0,0.5,130,169.13,918,108.52,0,946.7,152.920953815574,8.56376560514533,19,,
2019,11,22,10,0,37.3,-35,0.5,0.7,153,91.88,945,177.6,0,945.9,144.509134595934,8.47745537667818,7,,
2019,11,22,11,0,37.6,64,4.7,0.5,250,133.16,785,172.44,0,945.1,128.503293645269,10.8863673144714,11,,
2019,11,22,12,0,38.1,84,4.7,0,236,118.15,718,185.83,0,944.3,128.803160541369,16.244917356204,24,,
2019,11,22,13,0,38.3,91,44.7,-0.6,451,15.61,19,405.23,0,943.7,131.125585088591,17.0397433545662,38,,
2019,11,22,14,0,38.1,97,23.4,-0.8,342,6.62,151,376.15,0,943.6,131.797313764803,17.8932462743904,51,,
2019,11,22,15,0,37.5,102,18.5,-0.7,214,47.56,108,444.5,0,943.6,142.674613340473,19.2362785931893,65,,
2019,11,22,16,0,36.5,107,20.5,-0.3,94,90.08,41,380.74,0,943.8,150.200733894435,21.3004325138145,78,,
2019,11,22,17,0,33.9,112,5.4,0.2,8,94,1,507.85,0,944.2,150.794884047308,20.3655796188024,91,,
2019,11,22,18,0,31.7,119,0.3,0.2,0,354.31,0,410.61,0,944.8,160.042543031656,20.6455387153824,103,,
2019,11,22,19,0,30.8,128,14.1,0.3,0,13.66,0,140.57,0,945.4,151.831327527352,16.7399589138256,115,,
2019,11,22,20,0,29.7,140,18.4,1,0,318.8,0,45.13,0,945.8,165.196554894191,13.9759531549528,124,,
2019,11,22,21,0,28.8,155,16.7,1.5,0,0,0,0,0,945.6,158.829606225483,15.9550854828911,132,,
2019,11,22,22,0,27.6,174,0.2,1.4,0,0,0,0,0,945.2,159.29245542599,16.6490291324359,136,,
2019,11,22,23,0,26.6,-166,0,1.3,0,0,0,0,0,944.7,162.714122339722,16.788988391457,135,,
2019,11,23,0,0,25.4,-149,0,1.5,0,0,0,0,0,944.1,164.607961271814,13.6299603421003,129,,
2019,11,23,1,0,24.1,-135,0,1.6,0,0,0,0,0,943.9,164.889289724069,9.15689006763336,121,,
2019,11,23,2,0,23.3,-124,0,0.7,0,0,0,0,0,944.2,169.574490203392,8.289260128707,110,,
2019,11,23,3,0,22.6,-116,0.1,-0.5,0,0,0,0,0,944.6,165.176355728012,8.19867338474121,98,,
2019,11,23,4,0,24.3,-110,1.5,-1.2,24,0,29,0,0,945,161.634135222255,8.24411904093059,86,,
2019,11,23,5,0,27.9,-105,6.3,-1.8,99,0,151,0,0,945.5,164.609345142951,8.37451677367903,73,,
2019,11,23,6,0,31.3,-100,0.2,-2.8,95,0,416,0,0,946,160.565699733579,7.50161019792974,59,,
2019,11,23,7,0,34.1,-95,2.3,-3.3,151,0,568,0,0,946.5,139.68774573041,8.65223328335146,46,,
2019,11,23,8,0,35.8,-89,0.2,-2.5,138,659.53,781,186.01,0,946.4,136.765257366478,9.7741342560144,32,,
2019,11,23,9,0,36.8,-80,11.7,-1.7,379,865.96,544,439.46,0,945.8,137.921578121339,11.1097609992474,19,,
2019,11,23,10,0,37.7,-37,13.9,-1.4,428,960.06,524,682.41,0,944.9,149.782702212925,10.8258834979797,7,,
2019,11,23,11,0,38.5,65,20.9,-1.5,523,1009.99,339,888.34,0,944.1,168.388125015091,3.27760447694446,11,,
2019,11,23,12,0,38.8,85,23.3,-1.4,526,1037.89,244,1040.71,0,943.6,182.945101434213,3.65650627868182,24,,
2019,11,23,13,0,38.9,92,16.4,-1.4,375,1051.22,338,1127.23,0,943.4,145.831090894202,4.17276016928108,38,,
2019,11,23,14,0,38.7,97,18.5,-1.2,315,1053.52,216,1141.66,0,943.2,148.284318610117,7.35576278378327,51,,
2019,11,23,15,0,38.2,102,10.3,-0.7,171,1044.61,195,1082.27,0,943,160.921289685008,7.46834370729626,65,,
2019,11,23,16,0,36.9,107,10.8,-0.1,89,1022.64,60,953.8,0,942.9,170.195941686783,7.29364968152269,78,,
2019,11,23,17,0,33.4,113,33,0,8,980.32,0,765.14,0,943.2,166.968848640139,7.25706114344555,91,,
2019,11,23,18,0,30.3,119,30.8,0,0,906.73,0,534.16,0,943.8,155.575010329609,7.77395999087682,103,,
2019,11,23,19,0,30,128,17.6,0.2,0,758.9,0,281.53,0,944.5,113.888697663975,5.73748716334277,114,,
2019,11,23,20,0,29.9,140,15.7,0.3,0,352.06,0,49.14,0,944.8,116.369735854672,5.80302035789261,124,,
2019,11,23,21,0,29,155,26.3,0.2,0,0,0,0,0,944.5,133.835061055034,6.00027406226857,132,,
2019,11,23,22,0,28.1,174,18.8,0.4,0,0,0,0,0,943.8,147.458923149111,7.21883756590136,135,,
2019,11,23,23,0,27.3,-166,11.6,0.6,0,0,0,0,0,943.1,122.998911637482,7.04252818683688,134,,
2019,11,24,0,0,26.8,-149,10.6,-0.5,0,0,0,0,0,942.9,120.3272227301,8.3227700282757,129,,
2019,11,24,1,0,25.9,-135,0.4,-1.9,0,0,0,0,0,943,96.5832865160008,8.96150263790969,121,,
2019,11,24,2,0,24.9,-125,0,-2.1,0,0,0,0,0,943,106.911398880454,8.59423884065796,110,,
2019,11,24,3,0,24.3,-117,0,-2,0,0,0,0,0,943.3,112.787542910954,7.29172552440688,98,,
2019,11,24,4,0,24.7,-110,0,-1.8,24,0,28,0,0,944,106.525530168422,6.67407702880978,86,,
2019,11,24,5,0,27,-105,3.7,-1.7,93,0,161,0,0,944.8,103.122125487114,6.05653757247939,73,,
2019,11,24,6,0,30.8,-100,2.4,-2.4,125,0,373,0,0,945.2,90,5.34758726011915,59,,
2019,11,24,7,0,33.8,-95,7.2,-3.2,204,0,485,0,0,945.3,64.8644650276805,3.00736840060758,46,,
2019,11,24,8,0,35.7,-90,0,-3.1,135,673.61,788,189.37,0,945,29.0428947568208,2.26090223786419,32,,
2019,11,24,9,0,37,-81,3.2,-2.5,218,878.15,796,444.83,0,944.4,302.828286916597,2.08259188149505,19,,
2019,11,24,10,0,37.8,-38,2.8,-1.6,218,970.35,856,688.83,0,943.6,79.4001063044194,2.20948637291895,7,,
2019,11,24,11,0,38.5,66,14.1,-0.7,421,1021.22,515,897.16,0,942.7,44.9552831553078,3.64330709743238,10,,
2019,11,24,12,0,38.5,85,11.5,0.3,367,1050.13,519,1051.91,0,942.4,72.1548890747433,4.80539072592867,24,,
2019,11,24,13,0,38.2,92,15,1.1,344,1064.61,380,1140.61,0,942.2,26.6955402113471,9.04204105857654,37,,
2019,11,24,14,0,38.1,97,16.3,1.5,275,1067.65,257,1156.21,0,941.7,38.654915092028,8.69932760185687,51,,
2019,11,24,15,0,37.6,102,21,2,239,1059.7,77,1097.45,0,941.6,44.9304176089907,11.2783131429652,65,,
2019,11,24,16,0,36.5,107,18.3,2.6,98,1039,33,968.91,0,941.8,52.4870624281703,8.07053561643733,78,,
2019,11,24,17,0,33.6,113,1.3,2.9,9,998.56,2,779.52,0,942.3,51.8668819654872,3.99241793357775,91,,
2019,11,24,18,0,31.4,120,0,2.4,0,926.88,0,546.47,0,942.8,83.1522606203617,4.72080789865584,103,,
2019,11,24,19,0,31,128,0,1.4,0,781.89,0,290.58,0,943.1,122.698284742466,6.78200286737719,114,,
2019,11,24,20,0,30.1,140,0,0.7,0,377.01,0,52.59,0,943.4,158.919348121035,5.78911295205046,124,,
2019,11,24,21,0,29,155,0,0,0,0,0,0,0,943.7,180.308178309281,7.20258528209442,131,,
2019,11,24,22,0,28,174,0,-0.9,0,0,0,0,0,943.4,197.966374438685,7.41992329149544,135,,
2019,11,24,23,0,26.9,-167,0,-1.8,0,0,0,0,0,942.8,219.967655707428,6.8649249613779,134,,
2019,11,25,0,0,25.7,-149,0,-2,0,0,0,0,0,942.6,244.456157782612,6.57586480059223,129,,
2019,11,25,1,0,24.3,-135,0,-2,0,0,0,0,0,942.7,284.324819952514,4.6119580614731,121,,
2019,11,25,2,0,23,-125,0,-1.8,0,0,0,0,0,942.9,319.796772168404,3.60060910124903,110,,
2019,11,25,3,0,22.3,-117,0,-1.4,0,0,0,0,0,943.3,321.64890054611,3.50665426291784,98,,
2019,11,25,4,0,23.7,-111,0,-1.1,24,0,30,0,0,943.7,341.691748561923,3.34513410457981,86,,
2019,11,25,5,0,26.7,-105,0,-1.4,69,0,197,0,0,944.1,3.21085735481034,3.55638717605744,73,,
2019,11,25,6,0,29.9,-100,0,-1.7,97,0,416,0,0,944.4,8.70545086343066,3.79370541333821,59,,
2019,11,25,7,0,32.6,-96,0,-1.1,115,0,627,0,0,944.6,350.661915352067,3.85184863684666,46,,
2019,11,25,8,0,34.7,-90,0,-0.1,127,686.5,802,192.39,0,944.5,352.305650510873,4.28861291832122,32,,
2019,11,25,9,0,36.5,-82,0,0.1,135,889.4,922,449.71,0,944,342.75854060106,3.79555661267224,19,,
2019,11,25,10,0,37.8,-40,2.1,-0.5,185,980.03,908,694.77,0,943.1,330.472845638526,3.44779149721688,7,,
2019,11,25,11,0,38.7,67,7.3,-1,282,1029.21,739,903.3,0,941.9,304.926609562196,3.01576932935529,10,,
2019,11,25,12,0,38.8,86,1.4,-1,160,1056.65,841,1057.75,0,941.3,291.647572533897,3.46279519724573,24,,
2019,11,25,13,0,38.4,92,0.7,-1,131,1069.84,728,1145.82,0,941,322.057230733126,6.34014639735315,37,,
2019,11,25,14,0,38.1,97,1.5,-1.4,126,1071.42,527,1160.31,0,940.5,329.292699903358,6.45602091248336,51,,
2019,11,25,15,0,37.5,102,2.7,-1.4,104,1062.12,311,1100.42,0,940.1,339.999237477174,6.28124686811198,64,,
2019,11,25,16,0,36.1,107,6.7,-0.9,77,1040.06,90,970.88,0,940.2,350.191635263721,6.16837995747677,78,,
2019,11,25,17,0,33.8,113,0.1,-1.2,8,999.79,7,781.84,0,940.7,345.88781254658,5.7518054766781,90,,
2019,11,25,18,0,31.3,120,0,-2.2,0,928.52,0,549.08,0,941.6,342.232321417678,4.99213777533454,103,,
2019,11,25,19,0,29.5,129,0,-3.1,0,784.78,0,293.36,0,942.8,344.422571708635,5.94915137768944,114,,
2019,11,25,20,0,28.2,140,0,-3.6,0,385.43,0,54.65,0,943.6,345.144633013173,4.96681460735998,124,,
2019,11,25,21,0,27,155,0,-2.3,0,0,0,0,0,943.6,351.252814893784,3.13403932487999,131,,
2019,11,25,22,0,26,174,0,0.5,0,0,0,0,0,943.2,333.95303522504,1.71716683259076,135,,
2019,11,25,23,0,25.1,-167,0,2.6,0,0,0,0,0,942.5,305.269409950879,1.2248207621212,134,,
2019,11,26,0,0,24.1,-149,0,4.3,0,0,0,0,0,942.3,251.615510161135,1.70816086474601,129,,
2019,11,26,1,0,23.4,-136,0,5.8,0,0,0,0,0,942.2,168.106221439686,3.16554722239478,120,,
2019,11,26,2,0,23,-125,0,6.4,0,0,0,0,0,942.2,166.308304669254,2.21122697514135,110,,
2019,11,26,3,0,22.4,-117,0.1,6.2,0,0,0,0,0,942.6,172.913669530036,2.21612384076679,98,,
2019,11,26,4,0,22.4,-111,7,6.1,25,0,29,0,0,943.2,191.691010215425,1.73519299814438,86,,
2019,11,26,5,0,24,-105,0,6.2,65,0,206,0,0,944,257.005383208083,1.66770800801579,73,,
2019,11,26,6,0,27.2,-101,0,6.5,88,0,430,0,0,944.5,281.538306736291,2.49971195107368,59,,
2019,11,26,7,0,30.3,-96,0.3,6.1,109,0,635,0,0,944.7,291.894653937741,2.21022548575056,46,,
2019,11,26,8,0,32.5,-91,0,4.5,116,671.92,816,189.1,0,944.4,320.590855712215,2.52279881295171,32,,
2019,11,26,9,0,34.6,-82,0,2.1,123,875.51,937,443.36,0,943.7,308.532374191564,2.20721586823231,19,,
2019,11,26,10,0,36.3,-41,0,-0.2,127,967.35,994,686.32,0,943,294.070426659677,1.04399802672828,6,,
2019,11,26,11,0,37.4,68,0.2,-2.2,133,1017.09,975,893.18,0,942,97.1874575623911,0.373916963798487,10,,
2019,11,26,12,0,37.4,86,5.2,-2.6,228,1044.92,744,1046.6,0,941.5,139.636507923564,1.5378716249269,24,,
2019,11,26,13,0,37.3,93,23.5,-2.7,405,1058.32,269,1134.26,0,941,114.42285534224,2.71116425643013,37,,
2019,11,26,14,0,37.6,98,31.1,-3.6,395,1059.91,63,1148.93,0,940.3,158.286612360785,4.7716798702876,51,,
2019,11,26,15,0,37.3,102,8,-4.1,151,1050.43,245,1089.79,0,940,184.095618191818,8.80721074682812,64,,
2019,11,26,16,0,36.2,107,38.5,-3.8,100,1028.04,21,961.57,0,940.3,199.499102640677,6.64655052001342,77,,
2019,11,26,17,0,33.3,113,4.2,-3.4,10,987.91,2,774.82,0,940.9,225.030171526364,5.39969992460223,90,,
2019,11,26,18,0,30.2,120,0,-2.4,0,916.87,0,544.69,0,941.6,235.037360695815,2.04484603423382,103,,
2019,11,26,19,0,28.5,129,1.8,-0.7,0,774.25,0,291.88,0,942.1,192.965682296104,3.20263104312063,114,,
2019,11,26,20,0,27.8,140,3.8,0.5,0,382.31,0,55.63,0,942.7,196.876822325938,5.13909702290197,124,,
2019,11,26,21,0,27.8,155,6.8,1.4,0,0,0,0,0,942.9,205.540669491978,6.93945500703329,131,,
2019,11,26,22,0,27.4,174,10.2,3,0,0,0,0,0,942.3,214.697000114777,7.89119762301177,135,,
2019,11,26,23,0,26.2,-167,9.4,5.3,0,0,0,0,0,941.6,216.715581836001,9.52620150937164,134,,
2019,11,27,0,0,25.4,-149,12.1,5.2,0,0,0,0,0,941.1,219.13815988147,9.65405287778136,129,,
2019,11,27,1,0,24.8,-136,27.1,2.9,0,0,0,0,0,940.9,231.532245427833,6.38603551033511,120,,
2019,11,27,2,0,24.1,-125,39.9,2.1,0,0,0,0,0,941.4,249.674470726572,5.46530102674004,110,,
2019,11,27,3,0,23,-117,37.6,2.5,0,0,0,0,0,942.3,278.882581950374,4.37668599436246,98,,
2019,11,27,4,0,22.8,-111,36.3,3.3,32,0,0,0,0,943.2,290.508782558821,5.49678607033799,86,,
2019,11,27,5,0,24.8,-106,38.5,4.8,160,0,2,0,0,944,309.644174957145,5.68165908868176,73,,
2019,11,27,6,0,28.2,-101,12.5,5.9,189,0,265,0,0,944.5,312.315874248398,5.30912556512503,59,,
2019,11,27,7,0,31.5,-96,1.5,5.7,135,0,593,0,0,944.8,318.223393737185,3.48858891991707,46,,
2019,11,27,8,0,34.1,-91,0.2,4.3,129,674.51,793,189.64,0,944.8,307.51279803757,4.59948529885906,32,,
2019,11,27,9,0,35.7,-83,0,2.7,132,878.54,919,444.44,0,944.2,298.531405381655,5.60213141564594,19,,
2019,11,27,10,0,36.7,-43,0,1.3,138,970.84,972,688.15,0,943.3,298.420782708906,5.991488469422,6,,
2019,11,27,11,0,37.5,68,0,0.3,142,1020.53,955,895.54,0,942.3,309.424443275896,7.04910981314133,10,,
2019,11,27,12,0,37.9,87,3.4,-0.2,211,1048.37,768,1049.5,0,941.6,331.034084189372,8.04971737607812,23,,
2019,11,27,13,0,38,93,1.6,-1.2,164,1061.84,687,1137.69,0,941.2,338.292858766566,6.55866397737923,37,,
2019,11,27,14,0,37.9,98,3.3,-2.7,156,1063.63,490,1152.93,0,940.6,356.334363901277,6.23131440585468,51,,
2019,11,27,15,0,37.4,103,10,-3.8,165,1054.41,225,1094.26,0,940.3,16.7806356484316,6.20959699797026,64,,
2019,11,27,16,0,36.1,107,39.2,-3.9,102,1032.39,16,966.38,0,940.7,31.7653842802001,5.58684908139106,77,,
2019,11,27,17,0,32.1,113,9,0.6,9,993.95,2,780.58,0,941.8,34.3572363025069,4.72713212308693,90,,
2019,11,27,18,0,27.8,120,0.1,7.2,0,925.02,0,550.76,0,943.6,38.461791043764,3.9311955243218,102,,
2019,11,27,19,0,26.5,129,14.4,10.6,0,785.49,0,297.34,0,944.6,22.9929421961147,3.44988753969303,114,,
2019,11,27,20,0,25.9,140,18.1,11.2,0,398.79,0,58.5,0,944.9,16.2003670534963,3.48601010363684,123,,
2019,11,27,21,0,25.1,155,23,11.1,0,0,0,0,0,944.5,357.292205412075,3.22618943838707,131,,
2019,11,27,22,0,24.1,174,1.2,11.1,0,0,0,0,0,943.9,20.6661277160019,5.74465207108587,134,,
2019,11,27,23,0,23.5,-167,0,11,0,0,0,0,0,943.6,55.6076203755878,3.63065928303533,134,,
2019,11,28,0,0,23.2,-150,0,10.8,0,0,0,0,0,942.9,65.5612921684482,2.30401713040098,129,,
2019,11,28,1,0,22.7,-136,0,10.4,0,0,0,0,0,942.4,40.7341473707448,2.37652892808521,120,,
2019,11,28,2,0,22.2,-126,0,10.1,0,0,0,0,0,942.5,347.677249239492,1.99516248496534,110,,
2019,11,28,3,0,21.7,-118,0,9.8,0,0,0,0,0,942.9,326.148778144724,3.09962266504495,98,,
2019,11,28,4,0,22.3,-111,0,9.3,24,0,29,0,0,943.5,325.152150802598,3.8078536105843,86,,
2019,11,28,5,0,24.9,-106,0,8.1,68,0,198,0,0,944.2,331.260204708312,4.41941738241592,73,,
2019,11,28,6,0,27.7,-101,0,7.2,91,0,421,0,0,945.1,339.360951710799,4.75433094397579,59,,
2019,11,28,7,0,30.1,-96,0,6.6,105,0,634,0,0,945.5,357.737208147101,4.45266773799313,46,,
2019,11,28,8,0,32.3,-91,0,5.4,112,683.78,814,191.64,0,945.1,351.775865885902,4.72438956189407,32,,
2019,11,28,9,0,34,-84,0,3.7,117,886.46,939,447.62,0,944.5,339.820047900307,5.43525843161485,19,,
2019,11,28,10,0,35.3,-45,4.7,1.8,226,977.32,840,691.84,0,943.7,326.974895984164,4.95259419671669,6,,
2019,11,28,11,0,36.2,69,9.8,0.2,326,1027.3,674,900.52,0,942.7,354.58654995123,6.12894453298725,10,,
2019,11,28,12,0,36.7,87,12,-0.6,341,1055.49,558,1055.75,0,942.1,25.03908160616,5.18663975063073,23,,
2019,11,28,13,0,36.9,93,5.1,-1.2,190,1069.39,641,1145.12,0,941.8,23.0629973917372,6.47036277882899,37,,
2019,11,28,14,0,37.1,98,20,-1.7,316,1071.22,223,1160.83,0,941.4,45.5114847277727,6.13728764974021,51,,
2019,11,28,15,0,37,103,34.8,-2.1,238,1062.18,46,1102.39,0,941.3,57.5578456021735,7.35425544412185,64,,
2019,11,28,16,0,36.2,108,46,-1.8,107,1040.5,0,974.43,0,941.5,61.4721605031837,7.66449896940509,77,,
2019,11,28,17,0,32.9,113,3.8,-1.6,10,1002.15,4,787.91,0,941.9,74.2641637459889,7.57671974784078,90,,
2019,11,28,18,0,30.3,120,0,-1.9,0,933.61,0,557.1,0,942.4,91.5393981672746,7.11550436690918,102,,
2019,11,28,19,0,29.8,129,0,-2,0,795.24,0,302.37,0,943,113.87915244389,5.89494895501736,114,,
2019,11,28,20,0,27.9,140,0,-2.1,0,411.35,0,61.04,0,943.6,119.968053032155,4.52702832520116,123,,
2019,11,28,21,0,26.1,155,0,-2.6,0,0,0,0,0,943.7,138.612919067102,2.9775205677252,131,,
2019,11,28,22,0,25.6,174,0,-2.8,0,0,0,0,0,943.2,167.031658766618,2.74921036251245,134,,
2019,11,28,23,0,25.4,-167,0,-2.3,0,0,0,0,0,942.6,146.898856467754,4.63531840919151,133,,
2019,11,29,0,0,25,-150,0,-1.8,0,0,0,0,0,941.8,133.644588375213,5.01498874475137,128,,
2019,11,29,1,0,24.5,-136,0,-1.1,0,0,0,0,0,941.6,132.313456482291,3.65016128179278,120,,
2019,11,29,2,0,24,-126,0,0,0,0,0,0,0,942,175.535984031445,1.25380352262129,110,,
2019,11,29,3,0,22.8,-118,0,1,0,0,0,0,0,942.3,323.797658046563,2.07674944775134,98,,
2019,11,29,4,0,23.5,-111,1.4,1.7,25,0,30,0,0,942.6,333.781198628606,5.49072615589609,86,,
2019,11,29,5,0,26.7,-106,4.4,1.7,84,0,176,0,0,943.5,332.194871811956,6.69931197731095,73,,
2019,11,29,6,0,30.2,-101,3.3,1.8,117,0,383,0,0,944.1,340.944468512078,5.13287685852936,59,,
2019,11,29,7,0,33,-97,6.3,2.3,187,0,509,0,0,944.2,354.179896241159,4.70003202208414,46,,
2019,11,29,8,0,35,-92,0,1.7,104,699.64,824,195.03,0,944.1,17.5661666835942,5.95341776155534,32,,
2019,11,29,9,0,36.3,-84,0,0.3,110,902.81,946,454.42,0,943.5,17.9682697298672,6.22963930900411,19,,
2019,11,29,10,0,37.2,-46,6.5,-0.5,241,993.98,803,701.95,0,942.6,29.1839874442796,7.53007571687285,6,,
2019,11,29,11,0,37.6,70,28.6,-0.7,535,1042.69,255,912.36,0,941.6,42.1317458238028,8.22758010730815,10,,
2019,11,29,12,0,37.9,87,28,-0.9,552,1069.88,180,1068.69,0,941.2,53.2547910729051,8.59892175866331,23,,
2019,11,29,13,0,38.2,94,44.1,-1.1,455,1083.04,36,1158.59,0,940.9,65.1662411149716,10.2307554465168,37,,
2019,11,29,14,0,38.2,98,38.4,-1.2,369,1082.64,43,1172.58,0,940.4,60.9558222199671,10.3389026798603,50,,
2019,11,29,15,0,38.1,103,54.3,-1,195,1071.54,0,1112.05,0,940.2,69.4514110905798,10.4952423157258,64,,
2019,11,29,16,0,34.8,108,31.5,2.8,120,1047.88,9,981.88,0,941.1,89.6595922317689,10.5816890847928,77,,
2019,11,29,17,0,29.9,113,4.3,7.5,12,1009.43,3,794.59,0,943.1,102.306349121731,9.82255439740178,90,,
2019,11,29,18,0,27.5,120,0.1,8.7,0,941.02,0,562.85,0,944.8,112.551749602652,9.03359758284342,102,,
2019,11,29,19,0,26.8,129,0,9,0,803.63,0,306.99,0,945.5,117.586301424883,8.82242161908889,113,,
2019,11,29,20,0,26.2,140,0,9.9,0,421.26,0,63.53,0,946,125.303163519541,9.27999892430663,123,,
2019,11,29,21,0,25.2,155,0,10.3,0,0,0,0,0,946.1,127.57591076366,9.08270175797655,130,,
2019,11,29,22,0,24.4,173,0,10.7,0,0,0,0,0,945.8,130.273602848908,8.94860188173507,134,,
2019,11,29,23,0,24,-167,0,11.3,0,0,0,0,0,945.7,134.346746726576,9.20331938601915,133,,
2019,11,30,0,0,23.6,-150,0,11.3,0,0,0,0,0,945.9,135.038933579983,8.36898090084754,128,,
2019,11,30,1,0,23.5,-136,0,10.7,0,0,0,0,0,946.4,129.85206087311,6.86382625996866,120,,
2019,11,30,2,0,23.2,-126,0,10.5,0,0,0,0,0,947,125.033341876544,4.48424734764417,110,,
2019,11,30,3,0,22.7,-118,0,11.1,0,0,0,0,0,947.6,100.809578650637,3.3325241119064,98,,
2019,11,30,4,0,22.6,-112,6.1,11,32,0,13,0,0,948.1,76.6009067933783,3.2364902409479,86,,
2019,11,30,5,0,23.5,-106,3.4,9.8,88,0,159,0,0,948.7,59.9117561328757,3.63868921816295,73,,
2019,11,30,6,0,24.9,-101,0,8.4,100,0,396,0,0,949.4,56.1052102453538,3.94354585596409,60,,
2019,11,30,7,0,26.5,-97,1.7,7.4,143,0,563,0,0,949.8,55.0079798014414,3.05163890393343,46,,
2019,11,30,8,0,28.2,-92,1.1,6.9,145,685.99,750,191.7,0,949.4,62.7781917691167,2.89481919468817,32,,
2019,11,30,9,0,30.1,-85,1.1,6.5,155,891.91,866,449.13,0,949,66.6166705251769,3.0215510759541,19,,
2019,11,30,10,0,31.8,-48,0.2,6.1,133,985.58,960,695.99,0,948.7,72.3789806239724,3.30338751583144,6,,
2019,11,30,11,0,33.3,71,0,6,126,1033.76,958,904.61,0,948.2,79.2810071015838,4.83026104418068,10,,
2019,11,30,12,0,34,88,1.6,6.1,155,1060.37,831,1059.45,0,947.9,89.4211315228482,7.34394083598841,23,,
2019,11,30,13,0,34.2,94,0.5,6.2,110,1072.83,746,1148.25,0,947.6,90,7.11695753373051,37,,
2019,11,30,14,0,34.2,98,0,6,90,1072.85,573,1162.88,0,947.1,96.3240236175728,8.86608343552442,50,,
2019,11,30,15,0,33.5,103,0,6.1,76,1062.11,353,1103.57,0,946.7,104.63633362722,10.6054850417936,64,,
2019,11,30,16,0,32.1,108,3.9,6.2,61,1038.73,124,975.02,0,946.9,109.107405161795,11.3845182416065,77,,
2019,11,30,17,0,30,114,2.1,6.3,12,998.75,5,788.41,0,947.7,119.479462292998,10.0013564486053,90,,
2019,11,30,18,0,28.2,120,0.1,6,0,0,0,0,0,948.5,133.87898249276,9.44514376674639,102,,
2019,11,30,19,0,27.1,129,10.4,5.1,0,790.34,0,304.56,0,949.3,145.287431618618,8.66278944502151,113,,
2019,11,30,20,0,26.2,140,21.3,3.2,0,0.2,0,31.34,0,949.8,171.650721252087,11.9183452626647,123,,
2019,11,30,21,0,25.4,155,8.1,0.5,0,0,0,0,0,949.9,186.003254141636,16.3623876518318,130,,
2019,11,30,22,0,24.5,173,11.9,-2.2,0,0,0,0,0,949.7,186.425402729699,17.8062906147093,134,,
2019,11,30,23,0,23.2,-167,22.4,-2.9,0,0,0,0,0,949.5,186.171448986536,17.0877012721594,133,,
2019,12,1,0,0,21.9,-150,28.1,-2.1,0,0,0,0,0,949.6,182.483740842867,14.0680415680011,128,,
2019,12,1,1,0,21,-137,25.1,-2,0,0,0,0,0,949.7,184.755539916456,12.441220518713,120,,
2019,12,1,2,0,20.3,-126,17.5,-2.2,0,0,0,0,0,949.9,184.773447000084,12.0652394075327,110,,
2019,12,1,3,0,19.4,-118,21.6,-2.4,0,0,0,0,0,950.2,193.216563991736,9.85871659674949,98,,
2019,12,1,4,0,19.2,-112,8.8,-2.6,33,0,17,0,0,950.5,193.147594503103,7.2646206659372,86,,
2019,12,1,5,0,20.6,-106,23.1,-2.9,120,0,105,0,0,951,197.181275865006,6.09624081777273,73,,
2019,12,1,6,0,22.6,-102,10.1,-2.9,179,0,307,0,0,951.6,186.025840665552,5.73086075685151,60,,
2019,12,1,7,0,24.7,-97,7.3,-2.7,179,0,549,0,0,952.1,196.626231825203,6.73059045416161,46,,
2019,12,1,8,0,27,-92,1.4,-3.2,107,660.58,854,185.63,0,951.6,188.760693583644,7.2327755672445,32,,
2019,12,1,9,0,29.2,-86,0.3,-4.3,84,864.61,1021,436.52,0,950.6,185.656811339842,8.63966108832663,19,,
2019,12,1,10,0,30.9,-50,1,-5.6,102,957.5,1057,677.38,0,949.6,181.203683193893,9.67391770709684,6,,
2019,12,1,11,0,32.3,72,0.2,-6.6,81,1007.4,1075,882.76,0,948.8,176.527318706635,11.0905390457701,9,,
2019,12,1,12,0,32.9,88,0.1,-6.9,75,1035.28,998,1035.69,0,948.5,179.09214245545,13.7944934172242,23,,
2019,12,1,13,0,33.1,94,8,-7,209,1048.61,640,1123.85,0,948.3,178.384456536525,14.8180221652331,37,,
2019,12,1,14,0,33.2,99,5.9,-7.4,151,1049.52,517,1139.41,0,947.9,182.359855142159,18.5076534036934,50,,
2019,12,1,15,0,32.6,103,0,-7.3,55,1039.27,414,1082.03,0,947.2,183.542069575872,21.3803876561217,64,,
2019,12,1,16,0,31.4,108,1,-6.9,42,1016.1,170,956.39,0,947,190.365503702101,22.0829820030075,77,,
2019,12,1,17,0,28.8,114,0.7,-6.2,10,977.68,13,774.63,0,947.6,195.43391370547,21.6969092717622,90,,
2019,12,1,18,0,26,120,0,-5.4,0,396.37,0,452.99,0,948.5,200.776589882801,21.8386500316631,102,,
2019,12,1,19,0,24.6,129,0,-4.3,0,92.14,0,200.12,0,949.4,202.847671028483,22.9192105564436,113,,
2019,12,1,20,0,23.8,140,0,-3.4,0,0.24,0,25.13,0,949.8,208.870582350697,21.1653006537743,123,,
2019,12,1,21,0,23,155,0,-2.9,0,0,0,0,0,949.5,215.584019919504,19.4954057287415,130,,
2019,12,1,22,0,22.2,173,0,-2.2,0,0,0,0,0,949,221.312002765253,18.2372365095165,134,,
2019,12,1,23,0,21.6,-168,0,-1.2,0,0,0,0,0,948.6,221.816228996039,17.6410597933108,133,,
2019,12,2,0,0,21,-150,0,-0.5,0,0,0,0,0,948.3,220.701333978604,14.9883250491686,128,,
2019,12,2,1,0,20.7,-137,0,0.2,0,0,0,0,0,948.2,225.508201641451,14.3360165385817,120,,
2019,12,2,2,0,20.2,-126,0,1.3,0,0,0,0,0,948.3,229.58277789502,13.0679467024958,110,,
2019,12,2,3,0,19.7,-118,0,2.1,0,0,0,0,0,948.5,238.873078270297,10.1029744799993,98,,
2019,12,2,4,0,20,-112,0,2.7,19,0,41,0,0,949,256.161730980122,7.41440064547255,86,,
2019,12,2,5,0,22.5,-107,0,3.3,48,0,234,0,0,949.5,280.332563169111,6.55550467101588,73,,
2019,12,2,6,0,25.8,-102,0,3.5,61,0,471,0,0,949.8,274.131677026748,7.64486823418836,60,,
2019,12,2,7,0,28.4,-98,0,3.1,68,0,693,0,0,949.8,283.20444819499,7.1138870853139,46,,
2019,12,2,8,0,30.4,-93,0,2.6,73,659.06,876,184.91,0,949.5,291.841962249085,7.19209918629806,33,,
2019,12,2,9,0,32,-86,0,2.1,76,862.68,1002,435.05,0,948.5,278.626935282095,7.83868711114214,19,,
2019,12,2,10,0,33.4,-51,0,1.7,78,955.14,1061,675.16,0,947.3,285.969230500361,7.72387167871287,6,,
2019,12,2,11,0,34.4,72,0,1.5,78,1006.5,1049,881.36,0,946.4,272.44150346249,7.06123542623269,9,,
2019,12,2,12,0,34.9,89,0,1.1,76,1035.73,967,1035.61,0,945.9,263.484525106739,8.53576011288597,23,,
2019,12,2,13,0,35.1,94,0,0.6,69,1050.36,826,1125.39,0,945.6,241.893651159136,8.03362765620276,36,,
2019,12,2,14,0,35.4,99,0,0.2,64,1053.44,629,1143.56,0,945.2,247.573480912304,9.44930616190768,50,,
2019,12,2,15,0,35.1,103,0,-0.1,55,1045.44,400,1088.63,0,944.9,270.094032887262,9.80081744579276,63,,
2019,12,2,16,0,34.1,108,0.2,-0.1,40,1024.72,167,964.96,0,944.9,296.165010694771,9.76244245481748,77,,
2019,12,2,17,0,31.5,114,0.5,-0.1,9,985.59,13,781.83,0,945.2,355.757002551563,11.3472534420495,89,,
2019,12,2,18,0,28.7,121,0,0,0,916.83,0,555.18,0,945.8,14.7695933934339,10.8946928618603,102,,
2019,12,2,19,0,27.3,129,0,0.1,0,781.28,0,305.3,0,946.4,20.9233378870855,6.96669691364147,113,,
2019,12,2,20,0,26.4,141,0,0,0,423.02,0,68.09,0,946.7,18.8690908461809,7.30638599548263,123,,
2019,12,2,21,0,25.5,155,0,0,0,0,0,0,0,946.6,9.9327084439737,6.11096746429993,130,,
2019,12,2,22,0,24.5,173,0,0.1,0,0,0,0,0,946.3,356.890905797292,5.05422245415167,134,,
2019,12,2,23,0,23.9,-168,0,0.4,0,0,0,0,0,945.8,341.281835065028,4.11609774631197,133,,
2019,12,3,0,0,23.5,-151,0,0.8,0,0,0,0,0,945.5,327.900908115932,4.78654260201762,128,,
2019,12,3,1,0,23,-137,0,1.2,0,0,0,0,0,945.4,284.264026955083,4.28111141694508,120,,
2019,12,3,2,0,22.5,-127,0,1.6,0,0,0,0,0,945.7,276.970621882188,5.56857279531803,110,,
2019,12,3,3,0,22,-119,0,2.1,0,0,0,0,0,946,298.274455082004,7.4959619460124,98,,
2019,12,3,4,0,22.4,-112,0,2.6,20,0,38,0,0,946.4,311.666992529965,8.83724276560297,86,,
2019,12,3,5,0,25.1,-107,0,3.3,52,0,224,0,0,947,323.094652301129,10.1609670408356,73,,
2019,12,3,6,0,28.8,-102,0,3.9,67,0,455,0,0,947.4,331.238368653984,11.1221496782352,60,,
2019,12,3,7,0,31.7,-98,0,3.9,76,0,672,0,0,947.6,331.526273548691,10.4384872307985,46,,
2019,12,3,8,0,33.7,-93,0,3.5,82,653.73,854,183.27,0,947.6,336.407071252186,11.1849239426056,33,,
2019,12,3,9,0,34.9,-87,0,2.8,85,854.88,980,430.92,0,946.9,340.497336182008,11.5369195622274,19,,
2019,12,3,10,0,35.9,-53,0,2,85,945.51,1041,668.21,0,945.7,349.656182593449,12.4007323336707,6,,
2019,12,3,11,0,36.7,73,0,1.4,85,997.12,1030,873.06,0,944.7,0.526229276806077,13.1723385781172,9,,
2019,12,3,12,0,37,89,0.5,1.3,95,1026.49,932,1026.46,0,944.1,5.97230446554408,13.4399052271471,23,,
2019,12,3,13,0,37.1,95,0.6,1,89,1041.14,791,1115.9,0,944,5.77849751268934,12.1828853176299,36,,
2019,12,3,14,0,37.1,99,3.1,0.4,114,692.77,551,1023.89,0,943.8,4.59665277901678,12.5282325842205,50,,
2019,12,3,15,0,36.9,103,6.1,-0.1,109,671.25,316,964.58,0,943.5,4.55291440130384,14.8630544098326,63,,
2019,12,3,16,0,36.1,108,9.2,-0.4,71,594.5,119,835.4,0,943.4,1.87729724054674,14.6716151725075,77,,
2019,12,3,17,0,33.5,114,3.2,-0.6,13,489.28,8,664.15,0,943.8,356.484073612591,14.9652998861763,89,,
2019,12,3,18,0,31,121,0,-0.8,0,19.66,0,303.9,0,944.5,3.47417964481986,13.082153089212,101,,
2019,12,3,19,0,29.7,129,0,-0.7,0,262.37,0,229.82,0,945.3,2.84554013425929,12.3467259046155,113,,
2019,12,3,20,0,28.6,141,0,-0.6,0,422.63,0,69.47,0,945.9,13.6337416053655,10.852583236509,122,,
2019,12,3,21,0,27.8,155,0,-0.5,0,0,0,0,0,945.9,18.8335337252109,9.17082712260287,130,,
2019,12,3,22,0,27.1,173,0,-0.5,0,0,0,0,0,945.1,18.6232339779116,8.47520421654286,133,,
2019,12,3,23,0,26.4,-168,0,-0.5,0,0,0,0,0,944.4,11.513500586449,7.76591911042072,133,,
2019,12,4,0,0,25.8,-151,0,-0.6,0,0,0,0,0,943.8,358.188949232365,7.06639772821874,128,,
2019,12,4,1,0,25,-137,0,-0.7,0,0,0,0,0,943.7,341.056437102661,5.71602046760107,120,,
2019,12,4,2,0,24.2,-127,0,-0.4,0,0,0,0,0,944.4,326.420396215294,6.15158820569969,110,,
2019,12,4,3,0,23.5,-119,0,-0.2,0,0,0,0,0,945,318.74097656349,8.38167201406195,98,,
2019,12,4,4,0,24.1,-112,2.3,0.2,24,0,31,0,0,945.5,321.404644137303,10.3007965339325,86,,
2019,12,4,5,0,27.1,-107,0.5,0.7,53,0,219,0,0,946,325.055980526845,11.4369428291666,73,,
2019,12,4,6,0,31.2,-102,0.3,0.3,68,0,450,0,0,946.3,328.706414211963,12.228189659303,60,,
2019,12,4,7,0,34.4,-98,5.2,-0.1,157,0,550,0,0,946.6,327.60446929239,12.2271032641256,46,,
2019,12,4,8,0,36.5,-93,3.4,-0.4,145,640.43,759,179.76,0,946.8,325.937543274962,12.0097359654762,33,,
2019,12,4,9,0,37.6,-87,7.6,-1.1,239,844.11,743,425.42,0,946.2,331.179099217547,11.984510752089,19,,
2019,12,4,10,0,38.2,-55,30.5,-1.7,489,937.01,296,661.95,0,945.2,338.504233873045,12.4940264036678,6,,
2019,12,4,11,0,38.2,74,23.6,-2,473,989.05,381,865.79,0,944.2,351.116945555593,14.596863944275,9,,
2019,12,4,12,0,38.3,89,26,-1.9,453,1018.79,309,1018.72,0,943.8,353.52314661867,14.8918300148379,23,,
2019,12,4,13,0,38.6,95,13.2,-1.8,298,1033.73,475,1108.19,0,943.6,356.900227704335,16.6138527670898,36,,
2019,12,4,14,0,38.7,99,34.7,-1.8,363,1038.22,83,1128.33,0,943.4,357.363730762212,16.3059979337279,50,,
2019,12,4,15,0,38.6,104,30.4,-1.8,248,1031.48,66,1076.2,0,943.1,8.34256272126987,15.263118545287,63,,
2019,12,4,16,0,37.8,108,18.2,-1.7,105,1011.95,65,955.85,0,943,13.7809986549114,13.6908983479842,76,,
2019,12,4,17,0,34.5,114,20.9,-1.7,15,478.82,1,661.08,0,943.5,11.852344121973,12.5687684114689,89,,
2019,12,4,18,0,31.3,121,1.1,-1.6,0,146.03,0,419.07,0,944.1,12.4454862466255,11.0169236976707,101,,
2019,12,4,19,0,31,129,8.4,-1.5,0,264.86,0,230.47,0,944.8,19.4890059643011,9.24845117901445,112,,
2019,12,4,20,0,31.1,141,10,-2,0,0.43,0,25.81,0,945.3,4.86480788049806,6.85693984565458,122,,
2019,12,4,21,0,30.1,155,11.2,-2.5,0,0,0,0,0,945.3,359.671399721973,8.28559147071039,129,,
2019,12,4,22,0,28.7,173,11.5,-2.6,0,0,0,0,0,944.7,354.149176038709,9.31865003387623,133,,
2019,12,4,23,0,27.4,-168,6.1,-2.4,0,0,0,0,0,944.1,351.39948451402,9.3559431391382,133,,
2019,12,5,0,0,26.8,-151,11.4,-2.2,0,0,0,0,0,943.6,353.918276565558,8.0070607617137,128,,
2019,12,5,1,0,27,-137,0,-2.1,0,0,0,0,0,943.4,349.130653437312,5.86323034983592,120,,
2019,12,5,2,0,26.7,-127,0,-2.1,0,0,0,0,0,943.7,341.641331505455,6.51122423345218,110,,
2019,12,5,3,0,25.8,-119,0,-2,0,0,0,0,0,944.3,342.810196931524,7.95704179895102,98,,
2019,12,5,4,0,26.5,-112,5,-1.7,29,0,22,0,0,944.8,342.061585349509,9.82943585912698,86,,
2019,12,5,5,0,29.5,-107,16.2,-1.4,126,0,101,0,0,945.2,334.564093582506,11.8779854767543,73,,
2019,12,5,6,0,32.6,-102,0.4,-2.1,71,0,445,0,0,945.2,337.510993292384,13.6641158272957,60,,
2019,12,5,7,0,35.1,-98,0,-2.6,77,0,667,0,0,945.1,337.693062006495,12.915762843308,46,,
2019,12,5,8,0,37.2,-94,1.2,-2.3,109,633.12,811,177.57,0,945,338.40725310554,13.1199106817812,33,,
2019,12,5,9,0,38.8,-88,2.2,-2.2,136,329.57,904,332.75,0,944.7,340.658620901915,13.6698928151809,19,,
2019,12,5,10,0,39.8,-57,22.9,-2.5,454,932.71,415,658.33,0,943.9,349.116497223165,13.2619323129767,6,,
2019,12,5,11,0,40.4,75,24.6,-2.7,528,984.84,316,861.6,0,943,7.69264188146695,14.5014863652567,9,,
2019,12,5,12,0,40.4,90,27.5,-2.8,480,1014.62,275,1014.24,0,942.3,27.5241572435265,13.6415967923824,22,,
2019,12,5,13,0,40.3,95,57.3,-2.9,382,1029.56,0,1103.72,0,941.6,31.397140890252,12.0404078455129,36,,
2019,12,5,14,0,40.4,99,56.3,-2.7,303,1033.67,0,1123.82,0,941.3,33.9371589400424,11.6343135467329,50,,
2019,12,5,15,0,39.3,104,60.9,-0.5,179,1026.53,0,1071.93,0,941.6,34.7359644143108,11.3511435019375,63,,
2019,12,5,16,0,37.3,108,71.6,2,59,567.83,0,823.03,0,942,46.7753229441774,11.4704000595528,76,,
2019,12,5,17,0,34.2,114,16.6,2.8,13,454.29,1,651.11,0,942.8,42.1917319632871,10.3339428487165,89,,
2019,12,5,18,0,31.3,121,1.4,3,0,382.43,0,453.24,0,943.8,58.1344461122073,9.22037647035845,101,,
2019,12,5,19,0,30,129,34,3.6,0,263.28,0,225.58,0,944.8,73.7811294753907,6.61752382920727,112,,
2019,12,5,20,0,29.5,141,23.4,4.3,0,425.12,0,72.58,0,945.6,75.6779154426545,6.25582434173333,122,,
2019,12,5,21,0,29.8,155,29.6,4.6,0,0,0,0,0,945.8,88.4524220477592,6.38792195328472,129,,
2019,12,5,22,0,29.5,173,10.7,4.9,0,0,0,0,0,945.3,105.845691862618,6.40644607398261,133,,
2019,12,5,23,0,28.8,-168,8.7,4.9,0,0,0,0,0,944.7,117.566502818794,5.18100772966734,133,,
2019,12,6,0,0,27.6,-151,11,4.7,0,0,0,0,0,944.1,124.273843379895,4.34780221156088,128,,
2019,12,6,1,0,27,-138,9.7,4.5,0,0,0,0,0,943.6,132.365809792675,4.14441444329217,120,,
2019,12,6,2,0,27.1,-127,12.9,4.7,0,0,0,0,0,943.5,119.530913594246,3.24124503521354,110,,
2019,12,6,3,0,27,-119,26.9,4.7,0,0,0,0,0,943.7,92.0760593084165,2.04812736765535,98,,
2019,12,6,4,0,28.3,-113,13.2,4.6,35,0,10,0,0,944,22.79907386214,1.41105044271504,86,,
2019,12,6,5,0,30.9,-107,17.1,4.4,123,0,102,0,0,944.2,356.476980408283,3.3070539484798,73,,
2019,12,6,6,0,33.4,-103,3,4.2,102,0,392,0,0,944.4,345.044002385211,5.43408331671314,60,,
2019,12,6,7,0,35.2,-98,0.1,3.8,84,0,649,0,0,944.4,343.274743820634,6.78712432451201,46,,
2019,12,6,8,0,36.6,-94,0,3.2,91,633.29,826,177.02,0,944.1,348.31681314513,7.42726759179488,33,,
2019,12,6,9,0,38.2,-88,0,2.4,97,839.89,950,421.94,0,943.4,354.697049743291,7.35567849465031,19,,
2019,12,6,10,0,39.4,-59,4,1.6,187,420.48,880,545.84,0,942.6,3.13551564277077,7.20998941802919,6,,
2019,12,6,11,0,40.3,75,27.1,0.6,447,505.19,361,735.23,0,941.9,32.3046253937633,7.45464374863449,9,,
2019,12,6,12,0,40.8,90,35.7,-0.4,518,1018.12,140,1016.87,0,941.4,58.3727787148146,8.77515604371334,22,,
2019,12,6,13,0,40.9,95,39.9,-0.7,398,1033.55,140,1107.43,0,941,53.9106471270558,8.37599276369352,36,,
2019,12,6,14,0,40.7,99,35.8,0.2,366,1034.47,79,1124.74,0,940.7,67.5430631291208,9.1836230715203,50,,
2019,12,6,15,0,39.6,104,24.7,1.4,227,648.17,106,951.51,0,940.9,76.5803397324292,9.29170251496873,63,,
2019,12,6,16,0,38.2,109,27.6,2.5,102,549.66,56,815.89,0,941.3,80.9603221405148,10.3937053442571,76,,
2019,12,6,17,0,35.8,114,18.1,3.5,18,95.32,0,207.35,0,942,89.6919875002731,11.694607612349,89,,
2019,12,6,18,0,33.6,121,11.6,4.3,0,302.43,0,421.2,0,943.1,104.109356180178,10.7651789344576,101,,
2019,12,6,19,0,32.5,129,0.3,5.1,0,0,0,99.76,0,944,100.946851150795,8.67651432034246,112,,
2019,12,6,20,0,31.5,141,0,5.9,0,0.59,0,18.54,0,944.4,104.361467424293,7.76116944365711,122,,
2019,12,6,21,0,30.9,155,0.1,6.2,0,0,0,0,0,944.3,113.879748987512,7.35112940661295,129,,
2019,12,6,22,0,30.1,173,14.1,6.4,0,0,0,0,0,943.7,126.57204714847,7.25615883773803,133,,
2019,12,6,23,0,28.8,-168,12.4,6.6,0,0,0,0,0,943.2,139.324342330898,6.26212191010262,132,,
2019,12,7,0,0,28,-151,11.8,6,0,0,0,0,0,943,151.145863672935,4.67756604463343,128,,
2019,12,7,1,0,27,-138,0.4,4.8,0,0,0,0,0,942.9,148.959620242775,2.99972244637904,120,,
2019,12,7,2,0,25.5,-127,0,3.9,0,0,0,0,0,942.9,146.713623096618,1.99988905636712,110,,
2019,12,7,3,0,24.3,-119,0,3.4,0,0,0,0,0,943.1,137.334917277651,0.881772124461416,98,,
2019,12,7,4,0,25,-113,12.9,3.3,35,0,6,0,0,943.5,322.265151502012,0.983007297675998,86,,
2019,12,7,5,0,27.5,-107,35.5,3.7,155,0,16,0,0,944.1,329.558531494944,3.30756570181314,73,,
2019,12,7,6,0,30.5,-103,5.9,3.9,135,0,344,0,0,944.6,331.570405197003,4.8328252794092,60,,
2019,12,7,7,0,33.5,-99,0.8,3.8,115,0,611,0,0,944.7,352.394381142743,4.1616115049464,46,,
2019,12,7,8,0,35.9,-94,0,3.1,111,641.55,809,178.22,0,944.4,355.532258887338,4.51371560164442,33,,
2019,12,7,9,0,37.6,-89,0,2,118,845.39,934,423.46,0,943.9,358.774557876255,4.75108664264306,19,,
2019,12,7,10,0,38.9,-60,0,1.2,123,937.42,994,659.45,0,943.1,7.25986725765426,5.31600887890893,6,,
2019,12,7,11,0,39.7,76,0,0.1,125,990.16,986,864.16,0,942.1,24.77964764224,5.83393424083973,9,,
2019,12,7,12,0,40,90,0.3,-0.8,125,1020.51,906,1018.42,0,941.6,50.2687168741258,6.13557229245386,22,,
2019,12,7,13,0,40.1,95,0.2,-1.9,92,1036.02,802,1109.58,0,941.2,62.0131718838499,6.75899311311605,36,,
2019,12,7,14,0,40,100,0,-3.5,77,1037.21,623,1127.63,0,940.8,84.6795763669531,6.5314246220019,49,,
2019,12,7,15,0,39.4,104,0.3,-4.4,72,1027.18,391,1073.69,0,940.6,109.037917416734,8.09441793083279,63,,
2019,12,7,16,0,38.2,109,2.9,-4.5,61,133.94,150,635.45,0,940.6,125.064339761937,9.98777530741947,76,,
2019,12,7,17,0,35.7,114,1.8,-4.1,15,443.22,11,648.72,0,941.4,135.691099207902,11.4851134366065,89,,
2019,12,7,18,0,33.1,121,0,-3,0,39.75,0,192.19,0,942.5,141.748142262691,11.5448740231922,101,,
2019,12,7,19,0,31.6,129,0,-1.9,0,767.5,0,309.68,0,943.4,154.27745078699,10.2495845091777,112,,
2019,12,7,20,0,30.4,141,0,-1.3,0,0.69,0,19.13,0,944,161.62348647274,8.95597096717658,122,,
2019,12,7,21,0,29.3,155,0,-0.4,0,0,0,0,0,944,168.110295501013,9.11663521071559,129,,
2019,12,7,22,0,28.4,173,0,0.8,0,0,0,0,0,943.8,171.401045239689,10.0811512590234,133,,
2019,12,7,23,0,27.6,-169,0,2.5,0,0,0,0,0,943.9,177.423393610752,11.9839670625409,132,,
2019,12,8,0,0,26.7,-152,0,3.5,0,0,0,0,0,944.3,181.60725384877,11.988631730256,128,,
2019,12,8,1,0,25.7,-138,0,3.6,0,0,0,0,0,944.7,175.203694358853,9.52934813674816,120,,
2019,12,8,2,0,24.7,-127,0,3.8,0,0,0,0,0,945.3,176.740766822317,7.00731294428021,110,,
2019,12,8,3,0,23.8,-119,0,4.1,0,0,0,0,0,945.6,183.410974482306,5.05573950872296,98,,
2019,12,8,4,0,23.7,-113,0,4.7,21,0,32,0,0,946,205.432769781461,2.73791953594139,86,,
2019,12,8,5,0,25.2,-108,0,5.5,59,0,207,0,0,946.7,227.327414153733,1.76922642500915,73,,
2019,12,8,6,0,27.9,-103,0,5.9,78,0,432,0,0,947.1,250.94910285149,1.37617895380328,60,,
2019,12,8,7,0,30.6,-99,0,5.5,91,0,646,0,0,947.1,263.492017548408,1.30924089735888,47,,
2019,12,8,8,0,32.6,-95,0,4.8,99,633.66,826,175.74,0,946.9,278.156397491784,1.23914306230341,33,,
2019,12,8,9,0,34.1,-89,0,4.4,105,843.87,950,421.83,0,946.4,305.238831243756,1.04267435229673,19,,
2019,12,8,10,0,35.2,-62,0,4.1,112,941.79,1006,661.21,0,945.7,15.9361390129981,0.625653404753533,6,,
2019,12,8,11,0,36.1,77,0,3.7,116,993.65,992,866.03,0,944.9,79.0135564115307,1.5994894801522,9,,
2019,12,8,12,0,36.4,91,0,3.7,117,1023.14,909,1020.18,0,944.4,88.1673245109656,2.57148987733808,22,,
2019,12,8,13,0,36.5,96,0.9,4,131,1037.85,741,1111.08,0,944,81.241043423217,3.48989590285467,36,,
2019,12,8,14,0,36.8,100,0.9,3.6,120,1039.68,556,1130.24,0,943.5,79.0202834618313,3.56935953431317,49,,
2019,12,8,15,0,36.6,104,6.8,3.1,150,1030.35,269,1077.34,0,943.3,90.7179704565223,4.0544079045611,63,,
2019,12,8,16,0,35.9,109,11.9,2.8,96,1008.27,91,956.7,0,943.5,128.284074063252,12.3513493076412,76,,
2019,12,8,17,0,34.1,114,3.7,2.5,17,455.97,6,656.06,0,944,139.684554476821,9.54422366513511,89,,
2019,12,8,18,0,31.9,121,0,2.3,0,384.43,0,459.79,0,944.5,154.479618410779,7.41457823889529,101,,
2019,12,8,19,0,30.2,130,0,2.4,0,773.8,0,313.62,0,945,146.026699948781,8.05875605206331,112,,
2019,12,8,20,0,29.1,141,0,2.8,0,0.81,0,24.51,0,945.4,148.950483125552,7.03457805019407,122,,
2019,12,8,21,0,28.1,155,0,3,0,0,0,0,0,945.4,155.410480772035,7.76203211409191,129,,
2019,12,8,22,0,27.1,173,0,2.6,0,0,0,0,0,945.2,165.665120585867,6.53081684526923,133,,
2019,12,8,23,0,26.3,-169,0,1.7,0,0,0,0,0,944.8,159.711173101672,5.38411745957756,132,,
2019,12,9,0,0,25.6,-152,0,1.1,0,0,0,0,0,944.5,161.241923962924,2.62324945520669,128,,
2019,12,9,1,0,25,-138,0,1,0,0,0,0,0,944.5,153.434948822922,3.94744045851974,120,,
2019,12,9,2,0,24.4,-128,0,0.9,0,0,0,0,0,944.7,131.852176162611,2.61683127834254,110,,
2019,12,9,3,0,24,-119,0,0.6,0,0,0,0,0,945,39.5216938483459,1.3319088187957,98,,
2019,12,9,4,0,24.5,-113,0,0.7,22,0,32,0,0,945.4,355.374367960316,2.80995655431509,86,,
2019,12,9,5,0,26.7,-108,0,2.5,61,0,205,0,0,946,359.334688438351,4.37529496965351,73,,
2019,12,9,6,0,30.3,-103,0,3.8,82,0,428,0,0,946.5,2.14262506307529,5.32792073593419,60,,
2019,12,9,7,0,33.4,-99,0,4.4,95,0,641,0,0,946.6,5.63048079478068,5.85243171141709,47,,
2019,12,9,8,0,35.3,-95,0,5.4,105,627.9,818,173.7,0,946.5,3.02983363799166,6.13357382661244,33,,
2019,12,9,9,0,36.7,-90,0,5.3,110,836.28,942,417.49,0,946.1,7.38604315126725,6.80647669503099,19,,
2019,12,9,10,0,37.6,-64,0,4.4,113,932.19,1003,654.03,0,945.3,23.7422574119685,7.94588431068604,6,,
2019,12,9,11,0,38.2,77,1.5,3.2,144,984.85,948,858,0,944.3,35.1762486078804,10.1504130525649,8,,
2019,12,9,12,0,38.4,91,6.2,2.9,225,1015.02,742,1011.92,0,943.7,54.8986122467684,10.6517095324653,22,,
2019,12,9,13,0,38.6,96,9.2,2.5,252,1030.3,551,1103.14,0,943.3,67.9706571749824,10.7998009014309,36,,
2019,12,9,14,0,38.8,100,10.7,1.7,219,1032.51,400,1123,0,942.9,81.9223249929418,12.4827630006743,49,,
2019,12,9,15,0,38.7,104,10.2,1.2,154,1023.49,260,1071.18,0,942.6,94.0249577537441,12.7419506895063,63,,
2019,12,9,16,0,38.3,109,10.4,1.1,94,549.35,98,819.52,0,942.5,105.619498379036,12.6218089301183,76,,
2019,12,9,17,0,35.7,114,4.1,1.2,18,428.57,7,644.63,0,942.8,105.251258402027,12.8301431396929,88,,
2019,12,9,18,0,33.2,121,0,1.5,0,374.02,0,451.45,0,943.3,108.543360330686,13.7442550855747,101,,
2019,12,9,19,0,32.6,130,0,2.1,0,70.06,0,198.13,0,944,123.630123296747,13.8581819754021,112,,
2019,12,9,20,0,31.8,141,0,2.7,0,0.92,0,20.96,0,944.4,128.866587315249,12.9532547292033,121,,
2019,12,9,21,0,30.6,155,0,3.3,0,0,0,0,0,944.4,126.879975284742,11.2071595691503,129,,
2019,12,9,22,0,29.6,172,0,4.3,0,0,0,0,0,943.8,131.744617494703,11.1458667618578,133,,
2019,12,9,23,0,29.2,-169,0,5.3,0,0,0,0,0,943.2,129.143192838465,8.82909429729843,132,,
2019,12,10,0,0,28.6,-152,0,6.1,0,0,0,0,0,943.1,126.775328581186,7.39810722720404,128,,
2019,12,10,1,0,27.7,-138,0,6.4,0,0,0,0,0,943.4,116.52312968216,4.91575416603798,120,,
2019,12,10,2,0,27,-128,0,6.5,0,0,0,0,0,943.8,107.472256767692,3.8248612575182,110,,
2019,12,10,3,0,26.6,-120,0,6.7,0,0,0,0,0,944.1,86.6721109171791,3.02849852834644,98,,
2019,12,10,4,0,27.1,-113,0.7,7.3,23,0,27,0,0,944.5,54.7023879863581,3.24493491044195,86,,
2019,12,10,5,0,29.3,-108,0,8,62,0,194,0,0,945,41.0930614952395,3.64894256184334,73,,
2019,12,10,6,0,32.3,-103,0,8.1,84,0,412,0,0,945.6,26.7127481940685,4.0581171923226,60,,
2019,12,10,7,0,35.1,-99,0,7.8,99,0,620,0,0,946.1,18.3271807872487,4.60877351706444,47,,
2019,12,10,8,0,37.5,-95,0,7.5,110,628.47,794,173.02,0,945.8,17.967954761861,5.913401317907,33,,
2019,12,10,9,0,39.2,-90,0,6.8,118,838.71,916,417.49,0,945.2,21.2207657075618,7.80245510488697,19,,
2019,12,10,10,0,40.1,-65,0.3,6.1,131,935.81,964,655.21,0,944.2,20.7072452988677,9.19135499778804,6,,
2019,12,10,11,0,39.9,78,5.9,5.7,238,989.88,787,861.04,0,943.3,32.3873528162547,11.2452148927576,8,,
2019,12,10,12,0,39.5,91,46.8,5.8,510,1021.39,29,1017.09,0,942.9,59.3686003060268,11.8756609786083,22,,
2019,12,10,13,0,39.4,96,40,6.3,449,1038,68,1110.49,0,942.6,71.7550166530301,10.8418397876614,36,,
2019,12,10,14,0,39.2,100,49.6,6.5,339,1039.94,0,1130.65,0,942.2,75.5420174771199,9.88731725765327,49,,
2019,12,10,15,0,36.3,104,48.1,8.3,221,1030.74,12,1078.82,0,942.2,75.6876813634623,7.50636967460726,62,,
2019,12,10,16,0,32.9,109,63.6,9.7,74,1008.85,0,959.24,0,943,112.551421985788,8.23889644598451,76,,
2019,12,10,17,0,31.6,114,14.3,9.8,16,970.51,1,782.23,0,944.1,128.310682154475,10.6230915274211,88,,
2019,12,10,18,0,30.4,121,0.8,10.9,0,904.02,0,561.88,0,945.1,135.096128967281,11.5532988316635,100,,
2019,12,10,19,0,29.5,130,32,11.8,0,776.36,0,318.01,0,945.6,141.360405884456,12.6117134444494,112,,
2019,12,10,20,0,29.1,141,32.5,12,0,458.91,0,83.74,0,946.2,160.994310874513,15.2815125056073,121,,
2019,12,10,21,0,29.2,155,34.4,11.8,0,0,0,0,0,946.2,169.771604539446,15.0914459028574,129,,
2019,12,10,22,0,29.5,172,29.8,11.3,0,0,0,0,0,945.8,175.102804807588,14.4155606446105,132,,
2019,12,10,23,0,29,-169,29.8,11.4,0,0,0,0,0,946.1,180.67656439363,12.5670294212379,132,,
2019,12,11,0,0,28.3,-152,28.1,11.7,0,0,0,0,0,946,178.77380390378,11.4945897495654,127,,
2019,12,11,1,0,27.9,-138,35.6,11.8,0,0,0,0,0,945.1,171.045658646217,9.83439968512291,120,,
2019,12,11,2,0,28,-128,42,11.6,0,0,0,0,0,944.7,168.883137589586,8.91322690048688,110,,
2019,12,11,3,0,27.9,-120,52.1,11.3,0,0,0,0,0,944.7,163.653736474742,6.74524100034554,98,,
2019,12,11,4,0,28.3,-113,35.9,11.1,31,0,1,0,0,945.1,150.844867377151,5.1796308188539,86,,
2019,12,11,5,0,29.6,-108,33.2,10.9,152,0,13,0,0,945.6,141.664996003144,3.66523313623367,73,,
2019,12,11,6,0,31.8,-103,40.9,10.8,276,0,6,0,0,945.6,125.323173895278,3.15502360106991,60,,
2019,12,11,7,0,34,-99,53.9,9.9,328,0,0,0,0,945.5,119.449438277398,1.31879285666365,47,,
2019,12,11,8,0,35.3,-95,44.7,8.5,483,629.17,9,172.31,0,945.5,105.138327075958,1.52552582125399,33,,
2019,12,11,9,0,36.5,-90,52.5,7.7,468,837.57,20,415.88,0,945.5,102.66490761733,1.58535629882534,20,,
2019,12,11,10,0,37.3,-67,24.9,7.5,573,932.32,246,651.84,0,945.1,127.846514047232,1.4195764889899,6,,
2019,12,11,11,0,37.5,78,39.9,7.6,577,986.67,72,857.43,0,944.6,123.185529831977,0.863406663695292,8,,
2019,12,11,12,0,37.5,91,21.7,7.1,425,1018.4,358,1013.54,0,943.9,291.438145318156,0.214001974617567,22,,
2019,12,11,13,0,36.6,96,17.2,6.9,364,1035.18,355,1107.26,0,943.6,341.517200778299,1.24399199169577,35,,
2019,12,11,14,0,34.1,100,52.5,8.3,293,1039.33,35,1130.09,0,944.4,235.574291755604,3.86872148432654,49,,
2019,12,11,15,0,33.2,104,70.7,8.4,131,1032.36,0,1080.95,0,944.7,42.9046559403048,1.27938285861033,62,,
2019,12,11,16,0,34.1,109,67.4,7.5,69,1012.81,0,963.74,0,944.5,204.45797146946,2.47180706692089,75,,
2019,12,11,17,0,32.2,114,26,8.4,14,976.9,0,788.36,0,945.3,185.513579121631,2.3584989618587,88,,
2019,12,11,18,0,29.4,121,25.2,10.4,0,913.17,0,568.66,0,947,219.296672031891,7.91893977874642,100,,
2019,12,11,19,0,28.1,130,34.7,12.1,0,788.93,0,324.16,0,948.2,218.250482423847,15.0608743267675,111,,
2019,12,11,20,0,27.5,141,31.9,12.8,0,473.43,0,87.04,0,948,224.359474514701,15.7666713328547,121,,
2019,12,11,21,0,27.6,155,33.2,12.3,0,0,0,0,0,947.2,229.813389844247,14.291258340229,128,,
2019,12,11,22,0,28.1,172,32.2,11,0,0,0,0,0,946.2,236.641649660582,12.0468824366812,132,,
2019,12,11,23,0,28.1,-169,40.9,10.1,0,0,0,0,0,945.5,238.101520308074,12.2109918016657,132,,
2019,12,12,0,0,27.4,-152,45.8,9.4,0,0,0,0,0,945.9,234.87382807183,9.66690287297035,127,,
2019,12,12,1,0,26.4,-139,39.4,9.3,0,0,0,0,0,946.5,233.515499083238,8.48761842130219,120,,
2019,12,12,2,0,25.6,-128,40.7,9.9,0,0,0,0,0,946.6,239.929795040156,5.2855694454979,110,,
2019,12,12,3,0,25.1,-120,36.6,10,0,0,0,0,0,946.7,235.894641709971,5.5243382974098,98,,
2019,12,12,4,0,25.1,-113,41.6,9.6,29,0,0,0,0,946.8,235.702373960973,4.38797365066195,86,,
2019,12,12,5,0,26.4,-108,42.2,8.8,139,0,0,0,0,947,263.677094863417,2.94371081733335,73,,
2019,12,12,6,0,28.4,-104,39.5,7.8,287,0,5,0,0,947.4,288.434948822922,3.16227766016838,60,,
2019,12,12,7,0,30.6,-99,19.5,6.8,334,0,240,0,0,947.8,281.850460305811,2.68216522945591,47,,
2019,12,12,8,0,32.7,-95,24.6,6.5,444,633.68,223,172.39,0,948,355.773690663948,1.37874917439733,33,,
2019,12,12,9,0,34.2,-91,43.4,6.8,575,329.18,4,327.92,0,947.6,289.372107344925,1.06001345865431,20,,
2019,12,12,10,0,35.2,-68,38.7,7,573,931.82,95,650.32,0,946.8,212.545669380031,5.80138105979209,6,,
2019,12,12,11,0,35.9,79,12,6.9,377,984.49,573,854.62,0,946.1,215.757531741903,6.15649558865595,8,,
2019,12,12,12,0,35.9,92,3.4,7.4,213,157.69,754,653.61,0,945.8,230.871616245938,6.56094173008555,22,,
2019,12,12,13,0,35.4,96,8.8,8.1,271,1029.69,514,1101.36,0,945.8,227.392021223178,10.6569782115817,35,,
2019,12,12,14,0,35,100,3.2,8.3,158,450.38,489,899.35,0,945.8,231.424233131441,6.61535823207228,49,,
2019,12,12,15,0,34.7,104,5.7,8.2,141,654.16,279,960.46,0,945.6,227.90695653524,5.44262673662984,62,,
2019,12,12,16,0,33.9,109,25.3,8,104,570.72,59,832.23,0,945.5,213.890194370256,8.12663050561527,75,,
2019,12,12,17,0,32.3,114,1,7.9,17,977.31,9,790.06,0,945.7,204.063912599557,6.56227730687272,88,,
2019,12,12,18,0,30.4,121,1,7.4,0,916.83,0,572.39,0,946.2,204.088920803665,8.03969692837899,100,,
2019,12,12,19,0,29.1,130,0,7,0,797.24,0,328.83,0,947.1,205.361676463638,6.63104437180108,111,,
2019,12,12,20,0,28.3,141,0,7.1,0,487.28,0,90.29,0,947.7,219.241765617117,5.50215393949,121,,
2019,12,12,21,0,27.7,155,0,7.7,0,0,0,0,0,947.7,254.376702104736,3.58152174423515,128,,
2019,12,12,22,0,26.8,172,0,8.5,0,0,0,0,0,947.3,301.73948703633,2.28723305126636,132,,
2019,12,12,23,0,25.6,-169,0,9.2,0,0,0,0,0,946.9,8.26691591263864,1.38537421924808,132,,
2019,12,13,0,0,24.7,-152,0,10.4,0,0,0,0,0,946.8,187.26563951056,1.79180006058308,127,,
2019,12,13,1,0,24,-139,0,11.4,0,0,0,0,0,946.8,195.510935603987,2.97949362314821,120,,
2019,12,13,2,0,23.5,-128,0,11.6,0,0,0,0,0,947,272.733288516879,0.574849738192009,110,,
2019,12,13,3,0,23.1,-120,0,11.5,0,0,0,0,0,947.2,350.999195793182,3.67019424052619,98,,
2019,12,13,4,0,23.5,-114,3.5,11.2,29,0,14,0,0,947.6,358.738361199567,5.67718053667738,86,,
2019,12,13,5,0,25.6,-108,0.5,10.6,75,0,172,0,0,948,0,6.375,73,,
2019,12,13,6,0,28.4,-104,0.2,9.7,103,0,386,0,0,948.4,345.582734236241,6.11848654915316,60,,
2019,12,13,7,0,30.8,-100,0,8.8,117,0,597,0,0,948.6,6.72030831726727,7.477178191619,47,,
2019,12,13,8,0,32.7,-96,0,7.5,127,640.33,775,172.87,0,948.5,20.061139945883,10.2715990175464,33,,
2019,12,13,9,0,34.2,-91,0.4,5.8,142,851.77,891,419.62,0,947.8,18.9246444160513,9.25,20,,
2019,12,13,10,0,35.1,-70,8.2,4.7,315,947.66,696,659.07,0,946.8,26.9637564747442,9.53670115467028,6,,
2019,12,13,11,0,35.7,79,17.7,4.3,484,1000.05,416,865.95,0,945.8,31.1633390307797,11.1567520092934,8,,
2019,12,13,12,0,35.9,92,15.3,4.6,378,1029.87,484,1022.56,0,945.2,31.2470775655046,11.1298659853687,22,,
2019,12,13,13,0,35.9,96,10.2,5.1,293,1044.87,488,1116.14,0,944.7,28.982375268289,8.4483455041419,35,,
2019,12,13,14,0,35.6,100,9.4,4.8,247,1050.34,366,1141.43,0,944.4,30.3884608513932,9.87620745518549,49,,
2019,12,13,15,0,34.9,104,15.4,4.6,222,1045.06,156,1094.48,0,944.3,77.3279338298817,9.26028493465921,62,,
2019,12,13,16,0,34.4,109,21.2,4.3,127,1027.44,36,978.71,0,944.3,98.3608305707301,8.70213754425066,75,,
2019,12,13,17,0,33.2,114,13.1,4.8,17,992.67,3,802.88,0,944.5,96.9802147108446,8.03617117810129,88,,
2019,12,13,18,0,31.7,121,0,5.8,0,930.6,0,581.87,0,945.2,94.809722260593,7.5499776508199,100,,
2019,12,13,19,0,30.8,130,0,6.3,0,809.19,0,334.88,0,946,106.932855088765,4.74863044009336,111,,
2019,12,13,20,0,29.5,141,0,6.8,0,500.81,0,93.56,0,946.5,104.492638323627,3.13861179412238,121,,
2019,12,13,21,0,28.2,155,0,7.3,0,0,0,0,0,946.5,90.9613366204416,2.11323374997148,128,,
2019,12,13,22,0,27.4,172,0,7.8,0,0,0,0,0,945.9,150.527361126566,0.754009818499665,132,,
2019,12,13,23,0,26.8,-169,0,8.1,0,0,0,0,0,945.3,274.192929818569,1.0147797502268,132,,
2019,12,14,0,0,26.8,-153,0,7.9,0,0,0,0,0,945.1,279.91430194577,2.20137212902706,127,,
2019,12,14,1,0,26.4,-139,0,7.8,0,0,0,0,0,945.1,321.585096256712,1.94939455726454,120,,
2019,12,14,2,0,25.2,-128,0,8.7,0,0,0,0,0,945.5,332.067176921301,3.36911961476778,110,,
2019,12,14,3,0,24.4,-120,0,10.1,0,0,0,0,0,945.8,348.233627562946,4.90384761329625,98,,
2019,12,14,4,0,24.7,-114,5.5,10.9,28,0,12,0,0,945.8,7.27500495788928,5.92267887024107,86,,
2019,12,14,5,0,27.2,-108,0.5,10.9,80,0,159,0,0,946.2,15.9683865140067,6.63086081490362,73,,
2019,12,14,6,0,30.3,-104,1.6,10.3,122,0,352,0,0,946.5,21.2340281728643,7.10753886916448,60,,
2019,12,14,7,0,32.4,-100,0,9.6,123,0,584,0,0,946.6,29.1948819964986,6.81492534945874,47,,
2019,12,14,8,0,34,-96,1.2,8.6,156,649.41,728,173.8,0,946.3,32.4323903781225,6.66449550104357,33,,
2019,12,14,9,0,35.3,-91,4.3,6.9,231,862.92,751,423.15,0,945.6,39.5605816217939,6.9060052321767,20,,
2019,12,14,10,0,35.4,-71,25.4,5.7,425,959.45,388,665.19,0,944.6,49.6837721744597,8.42217498220952,6,,
2019,12,14,11,0,34.9,79,89.1,5.4,120,1013.34,0,875.41,0,943.5,61.0362393761579,10.4783261356446,8,,
2019,12,14,12,0,34.5,92,95.1,6.4,49,1044.64,0,1035.36,0,942.7,71.3877229131892,12.3610259170608,21,,
2019,12,14,13,0,30.6,96,82.7,9.3,148,1061.49,0,1132.33,0,943,80.6562605830164,14.6034773606743,35,,
2019,12,14,14,0,27.7,100,76.5,10.1,152,1065.99,0,1157.39,0,943.7,87.8208072308634,14.994759408954,49,,
2019,12,14,15,0,29.2,104,54.2,8.5,201,1059.72,0,1109.36,0,943.8,92.4563044881057,14.7708781082655,62,,
2019,12,14,16,0,30.4,109,45.9,7.9,106,1041.31,0,991.97,0,943.4,96.8558149525211,15.1194364164764,75,,
2019,12,14,17,0,29.7,114,23.7,8.2,18,1007.38,0,815.18,0,942.9,106.435988710747,15.5735215785078,88,,
2019,12,14,18,0,28.5,121,15,8.1,0,946.5,0,592.43,0,943.4,114.338145305583,15.2319635869786,100,,
2019,12,14,19,0,28.1,130,22.7,7.5,0,826.95,0,342.89,0,944.3,124.198803387738,13.0724610574109,111,,
2019,12,14,20,0,27.7,140,25.6,8.3,0,519.88,0,97.55,0,944.7,143.914902724771,11.0688001139224,121,,
2019,12,14,21,0,27,155,31.9,9.9,0,0,0,0,0,944.8,153.477589885907,9.66560162906237,128,,
2019,12,14,22,0,26.2,172,31.6,11.1,0,0,0,0,0,944.3,169.749555988428,8.60592241233331,132,,
2019,12,14,23,0,25.6,-170,36.1,11.4,0,0,0,0,0,943.3,175.807665791708,7.21447853797315,132,,
2019,12,15,0,0,25.1,-153,35.3,11.6,0,0,0,0,0,942.6,182.310859390721,6.2002167168745,127,,
2019,12,15,1,0,24.5,-139,32.3,11.7,0,0,0,0,0,942.5,137.099541249987,2.49024231766498,120,,
2019,12,15,2,0,23.9,-128,35.4,11.6,0,0,0,0,0,942.7,50.2934303891527,2.27471747913335,110,,
2019,12,15,3,0,24,-120,33.3,11.2,0,0,0,0,0,943.1,29.2571071056109,4.49982232365771,98,,
2019,12,15,4,0,24.7,-114,22.7,11.1,25,0,0,0,0,943.5,31.4388703250763,5.65425682637216,86,,
2019,12,15,5,0,26.4,-108,55.3,10.9,102,0,0,0,0,943.7,36.142834926777,5.97387247743649,73,,
2019,12,15,6,0,29.2,-104,44.8,9.9,259,0,0,0,0,943.7,38.2097373137819,5.98050917149138,60,,
2019,12,15,7,0,31.6,-100,64.8,9,246,0,0,0,0,943.9,43.545970196004,5.55086951537083,47,,
2019,12,15,8,0,32.9,-96,27.4,9.1,444,651.04,198,173.06,0,944.1,43.1870784376817,5.58780316375939,34,,
2019,12,15,9,0,33.8,-91,15,9.2,403,864.35,456,422.42,0,944,46.7573349221143,5.76449408652711,20,,
2019,12,15,10,0,34.6,-72,0.9,8.8,195,959.8,872,664.05,0,943.2,52.8667861934684,6.45781630635353,6,,
2019,12,15,11,0,35.4,80,6.3,8.4,289,1011.92,718,873.08,0,942.1,58.8280099734334,7.91637883491884,8,,
2019,12,15,12,0,35.5,92,35.8,8.3,531,1041.5,114,1031.58,0,941.5,63.8686958099642,9.24137051514384,21,,
2019,12,15,13,0,35.4,96,42.3,7.9,387,1056.39,122,1126.77,0,941.2,64.5435587134676,10.5688687658485,35,,
2019,12,15,14,0,35.5,100,79.6,7.6,138,1060.68,0,1152.01,0,941.1,73.7225788206389,11.6786527674121,49,,
2019,12,15,15,0,34.8,104,63.7,8.1,167,1054.13,0,1104.42,0,940.9,82.7761165938693,10.9026948370262,62,,
2019,12,15,16,0,33.9,109,54.9,8,101,1034.98,0,990.47,0,940.6,86.4437426513638,11.584439337687,75,,
2019,12,15,17,0,32.6,115,15.9,7.5,22,998.03,1,812.23,0,940.5,96.8165157186504,11.6525424218184,88,,
2019,12,15,18,0,31.3,121,10.2,7.1,0,933.89,0,588.89,0,941,101.149969834499,11.8601963058506,100,,
2019,12,15,19,0,30.9,130,11,6.7,0,811.19,0,339.86,0,942,95.7941452125398,11.5744827242714,111,,
2019,12,15,20,0,30,140,8.1,7.5,0,509.73,0,97.57,0,943,97.635208901258,11.0585679386755,121,,
2019,12,15,21,0,28.6,155,13.4,10.3,0,0,0,0,0,943.8,101.993312624575,11.8638598173746,128,,
2019,12,15,22,0,27.5,172,6.1,12.6,0,0,0,0,0,943.7,122.323410329604,10.0223273592629,132,,
2019,12,15,23,0,26.9,-170,5.9,13.1,0,0,0,0,0,943,133.34434442844,6.03799899383598,132,,
2019,12,16,0,0,26.3,-153,5.2,13.3,0,0,0,0,0,942.5,151.09953336283,3.65430013235658,127,,
2019,12,16,1,0,26,-139,0.2,13.2,0,0,0,0,0,942.5,236.372516831821,3.71047096545458,120,,
2019,12,16,2,0,25.5,-129,0,12.5,0,0,0,0,0,942.7,255.655975062162,2.83848800069916,110,,
2019,12,16,3,0,24.7,-120,0.6,12,0,0,0,0,0,943,340.964595282182,1.53302587440476,98,,
2019,12,16,4,0,25.2,-114,0.4,11.6,23,0,22,0,0,943.4,13.0371070760764,2.77061053109727,86,,
2019,12,16,5,0,27.4,-109,0,9.5,71,0,173,0,0,944,26.7870730850666,3.16370027073834,74,,
2019,12,16,6,0,29.6,-104,0.2,7.9,101,0,383,0,0,944.5,34.8138808000115,3.59215167409406,60,,
2019,12,16,7,0,31.5,-100,0,7.5,114,0,594,0,0,944.8,47.9650554989926,3.0977392086177,47,,
2019,12,16,8,0,33.3,-96,0,6.8,124,647.56,774,171.36,0,944.8,47.5640901697417,2.77874487097739,34,,
2019,12,16,9,0,34.7,-92,0,6.4,128,863.15,904,421.68,0,944.6,45.6396117777982,3.21810506063686,20,,
2019,12,16,10,0,35.9,-73,1.6,5.8,166,959.82,918,664.7,0,944,38.1779935723205,3.11565110926544,6,,
2019,12,16,11,0,36.8,80,10.2,5.1,337,1012.21,649,874.75,0,943.1,9.68963737265739,3.57438393138815,8,,
2019,12,16,12,0,36.8,92,11.4,5,325,1041.97,586,1034.22,0,942.8,39.494479019378,8.29144570367693,21,,
2019,12,16,13,0,36.6,96,16.9,4.5,369,1056.99,370,1130.26,0,942.7,54.3089446233338,10.3644728859265,35,,
2019,12,16,14,0,36.9,100,6.7,2.9,184,1059.35,468,1154.12,0,942.4,57.942204984882,15.7120318779674,48,,
2019,12,16,15,0,37.1,105,2.3,1.8,99,1050.86,363,1105.06,0,942.1,74.836209538455,16.4109409535001,62,,
2019,12,16,16,0,36.6,109,0.8,1.3,58,1030.06,171,987.03,0,942.1,81.2311788551862,13.0664681431965,75,,
2019,12,16,17,0,35,115,2,0.7,18,995.13,16,811.37,0,942.5,89.631672403455,13.9293774093554,88,,
2019,12,16,18,0,33.2,121,0,0.2,0,933.3,0,590.12,0,942.9,97.6374812682503,14.9878539372817,100,,
2019,12,16,19,0,32,129,0,0.1,0,813.63,0,342.36,0,943.3,111.394844888985,11.4781037796468,111,,
2019,12,16,20,0,30.8,140,0,0.2,0,517.95,0,100.04,0,943.8,131.179063076134,9.20716711153385,121,,
2019,12,16,21,0,29.5,154,0,0.5,0,0,0,0,0,943.9,146.469117903063,7.33328066145245,128,,
2019,12,16,22,0,28.4,172,0,1.1,0,0,0,0,0,943.9,146.056467325183,3.9876537694677,132,,
2019,12,16,23,0,27.9,-170,0,1.4,0,0,0,0,0,943.9,109.511507479496,1.1687230834591,132,,
2019,12,17,0,0,27.6,-153,0,1.3,0,0,0,0,0,944,30.419355896345,2.18363596362775,127,,
2019,12,17,1,0,26.7,-139,0,1.3,0,0,0,0,0,944.1,308.830212426263,2.36139565410905,120,,
2019,12,17,2,0,26.1,-129,0,1.8,0,0,0,0,0,944.3,326.058113728722,2.9522456533719,110,,
2019,12,17,3,0,25.5,-120,0,2.9,0,0,0,0,0,944.7,327.269528501255,2.9114690635963,99,,
2019,12,17,4,0,25.6,-114,0,4.1,20,0,27,0,0,945.2,339.74678091581,3.4641839522329,86,,
2019,12,17,5,0,27.4,-109,0,5.3,59,0,195,0,0,945.8,343.607197892683,3.9862385979914,74,,
2019,12,17,6,0,29.8,-104,0.4,5.3,81,0,416,0,0,946,358.434655876911,4.57590338514441,61,,
2019,12,17,7,0,32,-100,0,3.7,87,0,641,0,0,945.9,332.398105796451,3.66739228993586,47,,
2019,12,17,8,0,33.8,-96,0,2.4,93,632.11,827,166.95,0,945.7,335.706761044117,3.70288356322828,34,,
2019,12,17,9,0,35.3,-92,0,1.9,96,848.25,958,413.92,0,945.3,359.285572361218,4.07451249946277,20,,
2019,12,17,10,0,36.6,-75,0,1.5,97,945.32,1026,654.24,0,944.7,30.4987577005244,4.37931245654242,7,,
2019,12,17,11,0,37.7,80,0,1.2,97,998.02,1024,862.28,0,944,42.202337544702,5.09382787838453,8,,
2019,12,17,12,0,38.4,92,0,1.2,95,623.38,950,896.18,0,943.2,43.7650328344679,5.63593621016662,21,,
2019,12,17,13,0,38.6,97,0,1,92,1042.83,813,1115.68,0,942.9,33.1647009501638,7.90460599376607,35,,
2019,12,17,14,0,38.7,100,0,0.6,85,1044.74,626,1139.3,0,942.8,95.1332170519678,12.4839151796206,48,,
2019,12,17,15,0,38.5,105,0,0.3,74,1035.63,405,1090.71,0,942.7,115.617750386183,10.6876770867291,62,,
2019,12,17,16,0,38.2,109,0.1,0.1,55,1014.07,180,973.91,0,942.6,103.498294305365,11.480878346524,75,,
2019,12,17,17,0,36.4,115,1.7,0.3,19,0,17,0,0,942.9,100.719383518666,12.5389806333007,87,,
2019,12,17,18,0,34.3,121,0,0.5,0,913.89,0,580.86,0,943.1,108.197888001238,10.4195397502248,100,,
2019,12,17,19,0,33.5,129,0,0.3,0,793.01,0,336.69,0,943.5,115.317233808733,7.53592806293902,111,,
2019,12,17,20,0,32.9,140,0,0.1,0,499.93,0,98.82,0,944.1,108.235631807693,4.61826818487262,120,,
2019,12,17,21,0,32.1,154,0,0.3,0,0,0,0,0,944.2,83.4518068071859,2.91337630857333,128,,
2019,12,17,22,0,31.5,172,0,0.5,0,0,0,0,0,943.8,58.8688112294867,3.73274250345742,132,,
2019,12,17,23,0,30.9,-170,0,0.6,0,0,0,0,0,943.3,57.4147436122666,2.90197082189921,132,,
2019,12,18,0,0,30.2,-153,0,0.7,0,0,0,0,0,943,45.0478503987786,2.78165065689709,127,,
2019,12,18,1,0,29.2,-139,0,1,0,0,0,0,0,943.1,57.8118695954013,1.98014561731389,120,,
2019,12,18,2,0,28.3,-129,0,1.4,0,0,0,0,0,943.6,21.1105474112256,2.22341527041769,110,,
2019,12,18,3,0,27.6,-121,0,1.7,0,0,0,0,0,944.2,340.95726669643,2.90920480169778,99,,
2019,12,18,4,0,27.7,-114,0.5,1.8,21,0,26,0,0,944.8,341.08713726029,3.69973924147472,86,,
2019,12,18,5,0,29.9,-109,0.2,1.7,59,0,194,0,0,945.2,352.618146777542,4.86451330215702,74,,
2019,12,18,6,0,33.2,-104,0.2,1.8,79,0,418,0,0,945.4,8.76885404755706,5.89307758925693,61,,
2019,12,18,7,0,35.8,-100,0,2.2,88,0,637,0,0,945.5,9.06515038233857,6.02444210613509,47,,
2019,12,18,8,0,37.4,-96,0,2.1,94,626.9,823,164.63,0,945.4,11.1679790603422,6.1914396149202,34,,
2019,12,18,9,0,38.8,-92,0,1.6,97,846.26,955,411.55,0,945.1,7.08560572748081,5.66828895713115,20,,
2019,12,18,10,0,39.6,-76,0,0.8,99,945.64,1024,652.87,0,944.2,14.4137162520768,6.32405860740852,7,,
2019,12,18,11,0,40.1,80,0.3,0.1,106,998.46,1012,861.23,0,943.1,16.0878697986969,7.75281261467926,7,,
2019,12,18,12,0,40.8,92,0.3,-0.2,103,1028.38,940,1019.75,0,942,13.7200346986539,9.07509996553803,21,,
2019,12,18,13,0,41.2,97,6.7,-0.3,203,1043.35,644,1115.56,0,941.2,19.2149149511581,7.90492224702805,35,,
2019,12,18,14,0,41.3,100,27.9,-0.4,345,1047.47,176,1141.9,0,940.9,18.7256993990269,11.2061166786124,48,,
2019,12,18,15,0,41,105,54.3,-0.5,226,1040.61,0,1095.88,0,940.6,84.2561211475507,6.94606579364195,62,,
2019,12,18,16,0,40.5,109,35.4,-0.5,148,1021.42,2,981.17,0,940.5,95.1628116954876,10.0730360244176,75,,
2019,12,18,17,0,38.4,115,9,-0.1,27,986.48,3,807.51,0,940.7,102.655524844633,13.5162464652217,87,,
2019,12,18,18,0,36.4,121,0,0.3,0,924.86,0,588.44,0,941.2,109.484689261971,13.3748859839417,99,,
2019,12,18,19,0,35.7,129,0,0.5,0,806.47,0,342.99,0,941.7,116.834798527557,11.1798055859875,111,,
2019,12,18,20,0,35.1,140,0,0.5,0,518.43,0,102.7,0,942.3,121.149899548353,8.72126836576513,120,,
2019,12,18,21,0,34.7,154,0,0.4,0,0,0,0,0,942.4,127.516197397384,8.65149135659954,128,,
2019,12,18,22,0,34.2,171,0,0.4,0,0,0,0,0,942,139.746514622726,8.11120655771504,132,,
2019,12,18,23,0,33.5,-170,0,1.3,0,0,0,0,0,941.7,149.885796108121,5.97790210033679,132,,
2019,12,19,0,0,32,-153,0,4.3,0,0,0,0,0,941.3,139.445735552637,5.17127997456236,127,,
2019,12,19,1,0,30.6,-139,0,6.4,0,0,0,0,0,941.3,120.230679807462,5.8496046460553,120,,
2019,12,19,2,0,29.6,-129,0,6.4,0,0,0,0,0,941.8,111.432214769369,5.74052002858244,110,,
2019,12,19,3,0,28.6,-121,0,6.7,0,0,0,0,0,942.3,90.3650042710891,3.67185752184882,99,,
2019,12,19,4,0,28,-114,6.6,7.5,27,0,11,0,0,942.7,38.0461051956912,3.08032734556558,87,,
2019,12,19,5,0,28.4,-109,7.5,8.5,81,0,151,0,0,943.3,22.3964550371595,4.32633731457831,74,,
2019,12,19,6,0,30.2,-104,1.2,8.9,98,0,378,0,0,944.3,20.3292656506895,4.74473786539841,61,,
2019,12,19,7,0,33,-100,13.8,8.2,277,0,329,0,0,944.8,39.5756835612084,5.61012871482638,47,,
2019,12,19,8,0,35.8,-96,12.3,6.9,321,629.46,463,163.85,0,944.6,35.4475174533708,6.07526347700381,34,,
2019,12,19,9,0,37.7,-92,2.8,6.1,181,848.66,819,410.94,0,944,34.7751227910508,6.1775197493298,20,,
2019,12,19,10,0,39,-77,1.2,5.6,145,946.86,941,652.01,0,943.1,36.7808123429324,7.05227408591031,7,,
2019,12,19,11,0,39.8,81,5.3,5.1,237,1000.83,802,861.66,0,942.1,52.7265581429019,9.98445706933041,7,,
2019,12,19,12,0,40.2,92,6.9,4.7,255,1031.87,699,1021.83,0,941.3,72.8166380490437,14.8744569639108,21,,
2019,12,19,13,0,40.3,97,1.7,4.2,136,1047.93,738,1119.42,0,941,83.6734955325272,16.7301706231579,35,,
2019,12,19,14,0,40.2,100,0,4,95,1052.29,603,1146.59,0,940.9,93.7093383854844,17.0898914202855,48,,
2019,12,19,15,0,39.8,105,2.5,3.9,102,1045.72,359,1101.19,0,940.8,99.1767566426943,18.5177053896093,61,,
2019,12,19,16,0,38.9,109,3.7,3.1,71,1026.92,156,986.82,0,940.7,108.595524764641,18.1049169130502,75,,
2019,12,19,17,0,37.1,114,3.3,1.5,22,991.33,14,812.3,0,941.1,119.165186149441,18.5955051737181,87,,
2019,12,19,18,0,34.9,121,2.2,1,0,929.18,0,592.34,0,942.2,137.984512733899,19.1007298174202,99,,
2019,12,19,19,0,33.3,129,0.3,1.8,0,810.69,0,346.05,0,943.1,148.221088511495,17.0067830845061,111,,
2019,12,19,20,0,32.3,140,0,3,0,523.66,0,104.71,0,943.8,152.708854407565,16.9096589922689,120,,
2019,12,19,21,0,31.3,154,0,4.3,0,0,0,0,0,944.1,155.714328021347,18.2434546641144,128,,
2019,12,19,22,0,30.7,171,0,5.1,0,0,0,0,0,943.8,158.92378788332,16.7365863433708,132,,
2019,12,19,23,0,30,-170,0,5.9,0,0,0,0,0,943.5,164.477623070083,13.8050659845769,132,,
2019,12,20,0,0,29,-153,0,6.9,0,0,0,0,0,943.2,165.675621420971,10.8934983638301,127,,
2019,12,20,1,0,28.1,-140,4.5,7.7,0,0,0,0,0,943.3,176.863744154715,8.63793746900421,120,,
2019,12,20,2,0,27.3,-129,0.2,8.3,0,0,0,0,0,943.8,177.862303106735,7.32929644302158,110,,
2019,12,20,3,0,26.6,-121,0.1,8.9,0,0,0,0,0,944.3,184.798960689691,5.41738280878947,99,,
2019,12,20,4,0,26.5,-114,4,10.2,21,0,22,0,0,945,229.629562004848,2.4303387175922,87,,
2019,12,20,5,0,27.3,-109,7.8,11.7,95,0,129,0,0,945.7,306.122322584023,2.7565214278562,74,,
2019,12,20,6,0,29.4,-104,34.8,11.5,257,0,49,0,0,945.9,323.231147505953,5.30549079849299,61,,
2019,12,20,7,0,32,-100,67.2,10.1,232,0,0,0,0,945.9,328.721510120356,3.42337940308564,48,,
2019,12,20,8,0,34.2,-96,52.6,8.8,428,629.95,0,162.6,0,945.8,322.916972292615,2.94775483265393,34,,
2019,12,20,9,0,35.9,-92,51,7.7,502,851.54,0,410.49,0,945.4,321.068333867255,3.34441699120904,20,,
2019,12,20,10,0,37.2,-78,43.1,6.2,609,950.75,14,652.75,0,944.6,333.582014039836,4.77617888560458,7,,
2019,12,20,11,0,37.7,81,32.9,4.8,641,1005.01,95,863.48,0,943.6,17.79915983091,9.23901905181689,7,,
2019,12,20,12,0,38.1,92,30.1,3.8,577,1036.21,140,1024.67,0,943,94.0136433010383,7.0285659872409,21,,
2019,12,20,13,0,38.5,97,24.2,3.2,466,1052.45,208,1123.22,0,942.5,133.154519982741,9.86299984283096,34,,
2019,12,20,14,0,38.8,100,16.5,2.9,311,1055.58,270,1149.76,0,942.2,177.202628365772,9.60098554706199,48,,
2019,12,20,15,0,38.5,105,23.5,3.7,163,1047.83,212,1103.61,0,942,180.33878123912,10.6324924390552,61,,
2019,12,20,16,0,37.5,109,50.3,5.4,104,1027.87,1,988.48,0,942.1,184.827365139378,9.00782533875347,74,,
2019,12,20,17,0,35.8,114,20.2,6.9,20,992.62,2,814.47,0,942.7,182.657553433264,9.35691474081261,87,,
2019,12,20,18,0,33.8,121,11.8,7.9,0,930.97,0,594.81,0,943.5,188.300291033918,6.63085398743068,99,,
2019,12,20,19,0,32.2,129,23.2,8.9,0,297.45,0,270.88,0,944.3,196.958693678962,8.99952074922701,110,,
2019,12,20,20,0,31.4,140,26.1,9.6,0,530.34,0,106.91,0,944.7,216.380378623623,6.40790315703294,120,,
2019,12,20,21,0,31.4,154,20.9,9.6,0,0,0,0,0,944.6,232.645298215347,6.13288882874012,128,,
2019,12,20,22,0,31.1,171,26.3,9.7,0,0,0,0,0,944.6,233.061869189471,7.11527526216607,132,,
2019,12,20,23,0,31,-171,25.2,9.3,0,0,0,0,0,944.2,240.877954665717,8.56229621810143,132,,
2019,12,21,0,0,30.4,-154,26.3,9.5,0,0,0,0,0,944.2,247.873311357876,7.97355386997618,127,,
2019,12,21,1,0,29.4,-140,38.4,10.4,0,0,0,0,0,944.5,234.422967532522,9.27882345520395,120,,
2019,12,21,2,0,29.2,-129,43.6,10.8,0,0,0,0,0,944.9,241.622027260604,8.83509255708726,110,,
2019,12,21,3,0,28.9,-121,38.8,11.5,0,0,0,0,0,945.4,250.606862929982,7.97592611154243,99,,
2019,12,21,4,0,28.6,-114,43.6,12.1,21,0,0,0,0,946.1,263.414616961978,6.74369024827791,87,,
2019,12,21,5,0,29.5,-109,40.6,12.7,132,0,6,0,0,946.8,264.303445267839,6.53225929874347,74,,
2019,12,21,6,0,30.7,-104,50,13.7,228,0,0,0,0,947.2,266.424077384492,6.38743616740296,61,,
2019,12,21,7,0,32.1,-100,51.8,14.1,331,0,0,0,0,947.2,252.568789180649,5.50269884325071,48,,
2019,12,21,8,0,33.9,-97,39.5,13.2,526,624.15,0,160.06,0,947.1,252.170268875787,5.38356940695601,34,,
2019,12,21,9,0,35.4,-92,37.1,12.3,571,845.54,63,406.35,0,946.5,259.507207763448,5.21215862941847,20,,
2019,12,21,10,0,36.3,-79,41.1,11.7,633,943.7,2,646.8,0,945.8,254.24127355199,5.60922031506471,7,,
2019,12,21,11,0,37,81,45.6,11.2,575,997.5,9,856.18,0,945.2,244.87275132198,7.58916450367203,7,,
2019,12,21,12,0,37.4,92,54.1,10.7,460,1028.14,0,1016.26,0,944.3,241.41205394726,9.50201714471352,21,,
2019,12,21,13,0,36.9,97,29.3,10.7,465,1043.74,147,1114,0,943.5,246.480053380964,8.90781211590316,34,,
2019,12,21,14,0,32.7,100,50.7,13.1,301,689.84,38,1029.43,0,943.5,267.332304646595,10.4993146613116,48,,
2019,12,21,15,0,29.6,105,28.2,14.1,265,84.53,61,597.35,0,943.7,294.080398706204,13.0193523534157,61,,
2019,12,21,16,0,30.8,109,9.4,12.9,89,120.2,122,614.89,0,944.3,309.489082093148,13.3777159149652,74,,
2019,12,21,17,0,30.4,114,14.2,13.5,26,449.77,2,667.26,0,945.5,333.439769809265,13.5502734597714,87,,
2019,12,21,18,0,29,121,24.1,14.8,0,363.27,0,473.63,0,946.3,350.99377418894,12.4772881488615,99,,
2019,12,21,19,0,28.8,129,11.9,15.2,0,299.91,0,268.31,0,946.3,8.28395142140789,10.6849446019089,110,,
2019,12,21,20,0,28.6,140,11.6,15.2,0,54.65,0,48.18,0,946.5,34.7290217307561,9.38674016263909,120,,
2019,12,21,21,0,28.3,154,6.5,15.1,0,0,0,0,0,946.6,57.9953098450866,6.44874483746723,128,,
2019,12,21,22,0,27.8,171,21,14.8,0,0,0,0,0,946.2,60.6563532933856,4.68686622128508,132,,
2019,12,21,23,0,27.7,-171,15.7,14.4,0,0,0,0,0,945.8,65.4182718420761,3.88700299656103,132,,
2019,12,22,0,0,27.7,-154,24.7,14,0,0,0,0,0,945.3,73.7674251747129,3.18508448967686,127,,
2019,12,22,1,0,27.2,-140,13,14,0,0,0,0,0,945,76.9409156879199,5.54659709056072,120,,
2019,12,22,2,0,26.4,-129,8.8,14.3,0,0,0,0,0,944.9,68.2383653105427,3.42382694849927,110,,
2019,12,22,3,0,26.1,-121,3.5,14.5,0,0,0,0,0,944.8,25.5316560225867,0.580033334674789,99,,
2019,12,22,4,0,26.6,-114,0,14.5,22,0,15,0,0,945.1,271.307804683294,3.25084681426526,87,,
2019,12,22,5,0,28.5,-109,0,14.1,79,0,146,0,0,945.5,278.497260051811,4.57359618933086,74,,
2019,12,22,6,0,31.2,-104,0,13.6,107,0,358,0,0,945.9,295.786635790939,4.88482065654577,61,,
2019,12,22,7,0,33,-100,0,13.1,116,0,576,0,0,946,309.817195595554,5.07542671505265,48,,
2019,12,22,8,0,34.4,-97,0,12.2,118,615.17,763,156.9,0,945.7,315.87559293288,4.70167171933957,34,,
2019,12,22,9,0,35.8,-92,0,11,120,838.3,896,401.71,0,945,324.2379335761,4.40469738575919,21,,
2019,12,22,10,0,37.2,-80,0,9.7,128,937.29,958,641.24,0,944,328.736268305623,4.0945848385398,7,,
2019,12,22,11,0,38.4,80,0,9,129,992.7,959,851.01,0,943.1,345.249087239331,6.38212586569953,7,,
2019,12,22,12,0,39.1,92,7.3,8.7,261,1024.79,685,1012.12,0,942.7,352.89476150395,6.69578970022135,21,,
2019,12,22,13,0,39.4,97,13.6,8.3,328,1041.73,437,1111.36,0,942.4,27.2663760236185,3.41859331188147,34,,
2019,12,22,14,0,39.5,100,8.7,7.8,225,1045.8,412,1139.61,0,942,77.9369270750896,3.41906537510209,48,,
2019,12,22,15,0,39,105,11,7.9,180,1038.89,239,1095.64,0,941.7,107.89059321075,3.35752829555773,61,,
2019,12,22,16,0,38.4,109,26.7,8.2,141,1019.75,33,982.98,0,941.7,347.666192602771,1.48007088389234,74,,
2019,12,22,17,0,37.8,114,37,8.4,21,492.67,0,693,0,942.2,333.298054919415,7.86630602290721,87,,
2019,12,22,18,0,36.9,121,0,8.7,0,407.75,0,496.44,0,942.7,1.46784624201825,6.1068977653395,99,,
2019,12,22,19,0,36.1,129,0,9.1,0,821.25,0,354.34,0,943.1,8.5488572450472,5.09941906045207,110,,
2019,12,22,20,0,35.4,140,0,9.3,0,548.38,0,111.98,0,943.5,85.2676554864352,4.11563882027601,120,,
2019,12,22,21,0,35,154,0,9.2,0,0,0,0,0,943.5,90.2504948179267,1.8395623745454,127,,
2019,12,22,22,0,34.9,171,0,9,0,0,0,0,0,943.1,121.172322835145,1.89452020915721,132,,
2019,12,22,23,0,34.4,-171,0,9.1,0,0,0,0,0,942.7,125.088278514706,2.37227273580885,132,,
2019,12,23,0,0,33.7,-154,0.1,10,0,0,0,0,0,942.5,164.546247400103,4.20692323047229,127,,
2019,12,23,1,0,32.7,-140,10.4,11.2,0,0,0,0,0,942.6,216.644779232555,5.3019437743861,120,,
2019,12,23,2,0,31.2,-129,4.2,12.9,0,0,0,0,0,943,240.485146281663,5.43145986036597,110,,
2019,12,23,3,0,29.9,-121,2,14,0,0,0,0,0,943.3,268.294945377371,4.20105581671397,99,,
2019,12,23,4,0,29.8,-114,8.2,13.9,28,0,2,0,0,943.9,301.479091395514,4.69026223556216,87,,
2019,12,23,5,0,31,-109,31,13.3,146,0,7,0,0,944.4,318.450828015859,5.27694486407237,74,,
2019,12,23,6,0,33,-105,29.4,12.5,287,0,37,0,0,944.8,328.561129674924,5.65425682637216,61,,
2019,12,23,7,0,34.9,-100,24.2,11.8,392,0,122,0,0,945.3,333.140876462699,4.42675356197516,48,,
2019,12,23,8,0,36.8,-97,3.1,10.8,210,655.52,628,163.16,0,945.3,350.574988205519,4.89020982252074,34,,
2019,12,23,9,0,38.3,-93,1.2,9.8,194,881.48,795,417.3,0,944.8,354.037093949815,5.30207914893056,21,,
2019,12,23,10,0,39.2,-80,0.1,9.2,160,979.84,914,664.97,0,944.1,353.742635866252,5.05349854537935,7,,
2019,12,23,11,0,39.7,80,8,8.9,323,1032.39,666,879.94,0,943.4,9.98656175519687,5.6083669383646,7,,
2019,12,23,12,0,39.7,92,19.8,8.8,487,1062.09,316,1044.4,0,943,39.8779708136458,7.51795954761563,20,,
2019,12,23,13,0,39.3,97,14.4,9.1,379,1077.15,363,1145.23,0,942.8,40.9591109796955,9.71896538880419,34,,
2019,12,23,14,0,39.4,100,16,9,331,1080.88,237,1174.48,0,942.7,33.2420530272076,10.7600082179927,48,,
2019,12,23,15,0,39.8,104,29,8.7,250,1074.11,82,1129.94,0,942.5,22.8033904705081,15.8431944459072,61,,
2019,12,23,16,0,39.4,109,54.5,8.8,103,1055.58,0,1015.12,0,942.6,33.0342858201157,17.784716444261,74,,
2019,12,23,17,0,38.1,114,16.8,9.2,22,1021.06,0,838.94,0,943.2,27.7498733767163,16.4108220331737,87,,
2019,12,23,18,0,36.8,121,0,9.4,0,960.84,0,615.83,0,943.9,31.058085479649,15.8410764082297,99,,
2019,12,23,19,0,35.8,129,0,9.6,0,846.13,0,364.74,0,944.6,49.1190075035651,13.4641196568877,110,,
2019,12,23,20,0,34.8,140,0,10.1,0,565.86,0,115.74,0,945.1,55.939967278726,12.5749852487842,120,,
2019,12,23,21,0,34.4,154,0.1,10.3,0,0,0,0,0,945.2,57.8438000143171,10.6717651100886,127,,
2019,12,23,22,0,33.9,171,6.7,10.4,0,0,0,0,0,944.8,55.9491368238713,9.16013367739782,132,,
2019,12,23,23,0,33.2,-171,8.1,10.5,0,0,0,0,0,944.1,48.5340355991286,7.9284173944654,132,,
2019,12,24,0,0,32.5,-154,10.1,10.7,0,0,0,0,0,943.6,46.9551427142989,6.55256231011924,128,,
2019,12,24,1,0,32.2,-140,7.2,11.1,0,0,0,0,0,943.5,58.8795862373325,4.81376079928952,120,,
2019,12,24,2,0,31.8,-129,7.2,11.5,0,0,0,0,0,943.8,44.5913881457566,4.23990506630504,110,,
2019,12,24,3,0,31.1,-121,1.7,12.3,0,0,0,0,0,944.3,3.23578563295666,3.52901780357827,99,,
2019,12,24,4,0,30.9,-114,1,13.1,21,0,14,0,0,944.8,330.984476802866,5.51659252012775,87,,
2019,12,24,5,0,31.3,-109,3.6,13.5,85,0,131,0,0,945.3,328.806414939067,6.51630902405051,74,,
2019,12,24,6,0,32.9,-105,23,13.6,265,0,84,0,0,946,334.176093726827,6.88694620195617,61,,
2019,12,24,7,0,34,-100,13.4,13.8,280,0,309,0,0,946.7,342.770490604548,6.75219415192758,48,,
2019,12,24,8,0,34.1,-97,12.8,13.9,345,627.24,404,156.29,0,946.9,348.230433062683,7.35380306340771,34,,
2019,12,24,9,0,35.2,-93,25.5,13.4,536,858.11,206,406.2,0,946.5,350.793074036633,7.49494945560014,21,,
2019,12,24,10,0,37.3,-81,16.6,12.3,462,961.07,428,652.11,0,945.4,350.310578264995,7.1250332428657,7,,
2019,12,24,11,0,39.1,80,0.8,11,200,1014.49,859,864.82,0,944.3,343.803724320441,7.33801550445095,7,,
2019,12,24,12,0,40.1,92,8.5,9.9,326,1044.72,588,1027.82,0,943.4,347.564838654949,8.34414245712441,20,,
2019,12,24,13,0,40.2,97,28.1,9.5,385,1060.03,244,1127.97,0,943,47.6876985284158,10.5435084423775,34,,
2019,12,24,14,0,39.8,100,58.5,9.9,282,1060.43,0,1153.97,0,942.9,50.0064052008019,10.9517955382734,48,,
2019,12,24,15,0,39.3,104,68.3,10.4,142,687.69,0,994.25,0,942.8,59.2632894710117,12.7020878170636,61,,
2019,12,24,16,0,38.4,109,69.3,10.9,72,1027.64,0,991.47,0,942.8,64.3248910937991,13.8389737456932,74,,
2019,12,24,17,0,37.2,114,35.2,11.3,10,502.18,0,699.64,0,943.2,69.4961850488596,12.6239364000495,87,,
2019,12,24,18,0,36,121,1.8,12,0,406.63,0,498.6,0,943.9,54.7851393963088,14.4343068580071,99,,
2019,12,24,19,0,34.8,129,36.1,12.7,0,305.16,0,275.31,0,944.8,107.680859027139,9.02806733404216,110,,
2019,12,24,20,0,34.3,140,24.8,13.1,0,539.05,0,112.82,0,945.5,141.325574181227,12.3079278377558,120,,
2019,12,24,21,0,33.7,154,22.3,13.5,0,0,0,0,0,945.7,140.256175381868,10.5512068001969,127,,
2019,12,24,22,0,33.3,171,14.3,13.5,0,0,0,0,0,945.6,124.766945608079,8.67338773527992,132,,
2019,12,24,23,0,32.5,-171,16.2,13.7,0,0,0,0,0,945.3,129.531703780567,9.35929392056384,132,,
2019,12,25,0,0,31.4,-154,14.1,14.7,0,0,0,0,0,945.6,130.272526220285,8.87756672959702,128,,
2019,12,25,1,0,30.3,-140,5.8,15.4,0,0,0,0,0,946.1,130.427259106051,7.51755478527946,120,,
2019,12,25,2,0,29,-129,6,15.8,0,0,0,0,0,946.5,124.200884309368,5.46916357895425,110,,
2019,12,25,3,0,28.5,-121,4.3,16,0,0,0,0,0,946.4,110.797987365966,4.22447003758575,99,,
2019,12,25,4,0,28.5,-114,2.7,16.1,24,0,7,0,0,946.2,106.577007889999,4.38129489707624,87,,
2019,12,25,5,0,29,-109,5.3,16.1,109,0,90,0,0,946.5,103.756257021339,5.04304568770404,74,,
2019,12,25,6,0,30.8,-105,3.1,15.8,158,0,272,0,0,946.9,106.32079032738,5.15700561729385,61,,
2019,12,25,7,0,32.6,-101,2.4,15.4,205,0,444,0,0,947.3,100.975409167873,7.61181507208955,48,,
2019,12,25,8,0,34.1,-97,3.1,15.2,253,591.32,574,147.94,0,947.2,104.315976062535,7.17190623578538,35,,
2019,12,25,9,0,36.2,-93,0.8,14.7,236,824.04,743,390.69,0,946.5,100.921123169835,8.57712388428346,21,,
2019,12,25,10,0,38.2,-81,0,13.4,218,929.13,845,631.14,0,945.3,106.776095494637,8.40447756313146,7,,
2019,12,25,11,0,39.7,79,0,11.7,219,986.95,847,842.05,0,944.2,115.157481526414,10.8795955736259,7,,
2019,12,25,12,0,40.4,92,0,10.7,209,1021.08,790,1005.35,0,943.9,131.505271838074,13.9108490073808,20,,
2019,12,25,13,0,40.6,96,0,9.9,162,1039.86,711,1107.48,0,943.6,132.947219226345,14.2642282506152,34,,
2019,12,25,14,0,40.6,100,3.9,9.1,187,1044.93,475,1138.2,0,943,142.853373457986,15.7255461279959,47,,
2019,12,25,15,0,40,104,12.6,9,204,669.13,204,980.9,0,942.6,152.696343567726,19.1088497410591,61,,
2019,12,25,16,0,39.6,109,29.2,9.3,154,590.68,5,857.32,0,942.5,160.501945848827,20.6196082956199,74,,
2019,12,25,17,0,38.9,114,26.9,9.5,15,306.97,1,610.96,0,942.7,165.868097350436,21.8200773661016,87,,
2019,12,25,18,0,38.2,121,1,9.7,0,400.34,0,496.77,0,943.2,170.292766681972,22.560959831102,99,,
2019,12,25,19,0,37.6,129,0,9.9,0,302.08,0,272.71,0,943.8,176.358098909461,20.0986992980794,110,,
2019,12,25,20,0,36.9,140,0,9.8,0,540.24,0,114.07,0,944.2,177.804678386565,20.1705022701331,120,,
2019,12,25,21,0,36.1,153,0,9.9,0,0,0,0,0,944.2,181.178985357951,20.7302612518689,127,,
2019,12,25,22,0,35.4,170,0,10,0,0,0,0,0,943.6,183.700109866688,20.5929945644323,132,,
2019,12,25,23,0,34.7,-171,0,10.1,0,0,0,0,0,942.9,183.951459144507,18.3249963415532,132,,
2019,12,26,0,0,33.6,-154,0,10.7,0,0,0,0,0,943.1,184.419632708714,16.1261696758944,128,,
2019,12,26,1,0,32.6,-140,0,11,0,0,0,0,0,943.8,188.283373777851,12.9080530009707,120,,
2019,12,26,2,0,31.8,-129,0,11,0,0,0,0,0,944.2,192.116527620469,11.2225960717106,110,,
2019,12,26,3,0,31.1,-121,0,11,0,0,0,0,0,944.7,197.892513491677,10.4260432201998,99,,
2019,12,26,4,0,30.9,-115,10.3,11.4,22,0,3,0,0,945.3,203.350262207805,9.71766948013481,87,,
2019,12,26,5,0,31.8,-109,26,11.6,142,0,24,0,0,945.9,206.987561870989,7.82465231801643,74,,
2019,12,26,6,0,33.4,-105,42,12.1,262,0,2,0,0,946.4,196.37893197709,5.67969049546205,61,,
2019,12,26,7,0,35.1,-101,59.1,12,284,0,0,0,0,946.6,192.72658959066,4.43310647995118,48,,
2019,12,26,8,0,37.4,-97,26.1,10.6,483,608.85,162,149.7,0,946.2,193.138745573009,3.74646468184064,35,,
2019,12,26,9,0,39.4,-93,16.5,9.5,445,838.89,397,394.77,0,945.7,184.501871723964,3.53429562120358,21,,
2019,12,26,10,0,40.8,-81,24.1,8.7,570,939.17,251,635.33,0,944.9,168.229053505924,5.13129778003428,7,,
2019,12,26,11,0,41.7,79,50.7,8,529,994.81,5,846.53,0,943.8,167.744875268037,7.2870348077235,7,,
2019,12,26,12,0,41.9,92,27.4,7.8,516,1026.81,214,1009.32,0,943.4,167.2975569507,7.94031667574233,20,,
2019,12,26,13,0,41.9,96,27,7.8,515,1043.55,120,1110.39,0,943.2,156.644292741249,6.17799986973772,34,,
2019,12,26,14,0,42.1,100,25.2,7.5,385,1049.19,130,1142.28,0,942.7,155.534987139997,6.3384744500574,47,,
2019,12,26,15,0,42.2,104,29.3,7.2,281,677.91,41,987.21,0,942,169.064119882523,9.73899112338094,61,,
2019,12,26,16,0,41.6,109,27.7,7.1,129,1026.56,32,992.03,0,941.7,185.813257824633,13.1531663690498,74,,
2019,12,26,17,0,38,114,16.3,9.1,26,497.45,1,699.35,0,942.5,186.188847609731,14.7140392507074,87,,
2019,12,26,18,0,35.1,121,13.6,10.8,0,406.16,0,501.04,0,943.9,190.027140277123,14.6963321451044,99,,
2019,12,26,19,0,35.5,129,0.4,10.1,0,308.72,0,277.91,0,944.2,191.357143446282,12.6173055432716,110,,
2019,12,26,20,0,36,140,0,9.2,0,79.72,0,58.62,0,944,194.243854246395,13.4315565967661,120,,
2019,12,26,21,0,36.2,153,0.2,9,0,0,0,0,0,943.9,200.662983541841,12.9742158980303,127,,
2019,12,26,22,0,35.9,170,16.5,9.4,0,0,0,0,0,943.6,205.423564868992,12.6930157525813,132,,
2019,12,26,23,0,35.3,-171,16.8,10.1,0,0,0,0,0,943.5,207.324907018402,12.4243402546185,132,,
2019,12,27,0,0,34.8,-154,15.5,10.5,0,0,0,0,0,943.5,208.531957615847,10.705923579216,128,,
2019,12,27,1,0,34.4,-140,0.6,10.2,0,0,0,0,0,943.4,193.679726927338,8.17713649549917,120,,
2019,12,27,2,0,33.6,-129,0,10,0,0,0,0,0,943.5,191.128711929344,7.00265626271555,111,,
2019,12,27,3,0,32.9,-121,0,10.3,0,0,0,0,0,943.6,182.44150191217,4.67602774513969,99,,
2019,12,27,4,0,32.6,-115,2.6,10.8,24,0,3,0,0,944.1,164.761042653289,3.52224052787378,87,,
2019,12,27,5,0,33.4,-109,7.9,11.2,112,0,74,0,0,944.8,158.658259328462,3.4347275682942,75,,
2019,12,27,6,0,35,-105,3.2,11.4,177,0,235,0,0,945.6,150.08452116216,3.25832881296078,62,,
2019,12,27,7,0,36.6,-101,13.8,11.3,338,0,218,0,0,946,162.97420853489,2.56145658529294,48,,
2019,12,27,8,0,38.2,-97,5.7,10.9,301,605.49,490,147.49,0,945.7,153.434948822922,3.35410196624968,35,,
2019,12,27,9,0,39.6,-92,2.3,10.7,276,839.57,677,393.17,0,945.1,145.450011272677,4.18778895660785,21,,
2019,12,27,10,0,40.5,-81,1.5,10.7,228,942.29,818,635.36,0,944.3,140.788492632444,5.25826477495632,7,,
2019,12,27,11,0,41.2,78,12,10.5,429,998.42,509,847.71,0,943.6,140.051429936444,6.61890946784658,7,,
2019,12,27,12,0,41.6,92,7.8,10.3,338,1030.8,581,1011.72,0,943.1,144.504961319901,8.56408764314537,20,,
2019,12,27,13,0,41.7,96,19.6,9.9,466,1047.91,227,1113.93,0,942.7,143.928659678852,10.8204212042926,34,,
2019,12,27,14,0,41.9,100,33.5,9.5,437,1052.35,13,1145.25,0,942.3,150.712029251781,9.70974307350069,47,,
2019,12,27,15,0,41.5,104,40.4,9.3,269,1045.9,0,1104.01,0,941.9,175.478430756527,14.1173970574291,61,,
2019,12,27,16,0,40.5,109,67,9.3,72,1027.4,0,993.51,0,941.7,172.226045906132,16.1989458581039,74,,
2019,12,27,17,0,39.3,114,20.5,9.5,20,993.52,1,823.07,0,941.9,173.144621427137,16.4921732127422,86,,
2019,12,27,18,0,38.3,121,1.5,9.5,0,934.19,0,606.09,0,942.4,173.486203923143,17.0114933692025,99,,
2019,12,27,19,0,37.7,129,0,9.3,0,821.95,0,361.34,0,942.8,171.338055509553,15.330556332523,110,,
2019,12,27,20,0,37.1,139,0,9.1,0,557.39,0,118.77,0,943.4,176.941838878898,15.5996967182711,120,,
2019,12,27,21,0,36.4,153,0,8.7,0,0,0,0,0,943.6,183.254071402165,14.3780764771519,127,,
2019,12,27,22,0,35.8,170,6.8,7.8,0,0,0,0,0,943,185.687896175655,12.4905866260712,132,,
2019,12,27,23,0,35.5,-171,11,7,0,0,0,0,0,942.3,187.123662513489,11.5887196689129,132,,
2019,12,28,0,0,34.8,-154,12.7,7.5,0,0,0,0,0,942.1,190.609216970997,11.0953650829613,128,,
2019,12,28,1,0,34,-140,7.2,8.4,0,0,0,0,0,942.2,204.206797371552,8.65983828900419,120,,
2019,12,28,2,0,33.4,-129,4.1,8.5,0,0,0,0,0,942.2,199.903065541186,6.46005541864381,111,,
2019,12,28,3,0,32.7,-121,3.8,8.3,0,0,0,0,0,942.5,184.845871656379,4.7160530659829,100,,
2019,12,28,4,0,32.4,-115,0.3,8,20,0,10,0,0,943,154.04273330357,4.11423688628194,87,,
2019,12,28,5,0,33.3,-109,20,7.7,141,0,24,0,0,943.6,134.029803101425,4.24324900788896,75,,
2019,12,28,6,0,35.4,-105,7.3,8.2,174,0,241,0,0,944.5,125.531748157379,4.51687523178588,62,,
2019,12,28,7,0,37.5,-101,58.9,9,222,0,35,0,0,945,113.198590513648,4.75985819116494,48,,
2019,12,28,8,0,39.3,-97,59.7,8.6,271,605.3,88,145.85,0,945,112.38013505196,4.59619407771256,35,,
2019,12,28,9,0,40.5,-92,3.3,7.9,256,839.91,706,391.39,0,944.5,123.596429164228,4.6521079928011,21,,
2019,12,28,10,0,41.4,-81,2.1,7.4,234,941.49,813,633.04,0,943.7,136.111493896794,5.40924729882727,8,,
2019,12,28,11,0,41.9,77,23.7,7,510,512.06,310,723.38,0,942.8,148.917196041148,7.11983899075591,6,,
2019,12,28,12,0,41.6,92,63.2,7,371,1031.25,0,1010.92,0,942.6,174.912898316704,8.5490231992792,20,,
2019,12,28,13,0,40.8,96,55.5,7.4,388,1048.87,0,1114.16,0,942.9,175.085603617205,8.84868279250505,34,,
2019,12,28,14,0,40,100,39.5,7.9,415,1054.3,0,1147,0,943.1,171.348069225621,9.37606576117438,47,,
2019,12,28,15,0,38.9,104,38.3,8.3,284,1049.04,4,1107.34,0,943.2,173.282508624555,9.2863381033247,61,,
2019,12,28,16,0,38.4,109,28.4,8.3,142,1031.83,29,998.13,0,943.1,188.130102354156,9.36347796828514,74,,
2019,12,28,17,0,38.4,114,32.4,8,25,999.72,0,828.74,0,942.9,192.339692397385,12.61152908666,86,,
2019,12,28,18,0,37.9,121,35.2,7.8,0,942.44,0,612.05,0,943,197.253733121907,12.6431286907463,99,,
2019,12,28,19,0,37.3,129,29.6,7.5,0,832.73,0,366.59,0,943.4,198.675825079509,11.1619214794803,110,,
2019,12,28,20,0,36.8,139,22.9,7.4,0,570.77,0,121.87,0,943.5,207.613027823084,9.16941246754665,120,,
2019,12,28,21,0,36.2,153,32.3,7.3,0,0,0,0,0,943.3,206.493438495633,9.54514035939182,127,,
2019,12,28,22,0,35.7,170,16.2,7.2,0,0,0,0,0,942.9,191.444631245694,11.8921507897065,132,,
2019,12,28,23,0,35.1,-172,18.7,6.9,0,0,0,0,0,942.5,199.422255003075,10.7727585698056,132,,
2019,12,29,0,0,34.4,-154,24.9,6.8,0,0,0,0,0,942,214.13519269146,10.7125626211613,128,,
2019,12,29,1,0,33.6,-140,28.9,7,0,0,0,0,0,941.8,231.773605472405,10.5112037398916,120,,
2019,12,29,2,0,33.1,-130,27.8,7.1,0,0,0,0,0,941.9,236.990648834901,6.2884650527477,111,,
2019,12,29,3,0,32.7,-121,19.4,7.5,0,0,0,0,0,942.2,207.687430339613,3.38793333316017,100,,
2019,12,29,4,0,32.6,-115,4.9,8.1,19,0,13,0,0,942.7,191.290238840129,2.29440119090982,88,,
2019,12,29,5,0,34,-109,0.2,8.3,69,0,149,0,0,943.3,182.614248043596,1.62669296728627,75,,
2019,12,29,6,0,36.5,-105,0,8,97,0,358,0,0,943.9,171.118197556954,1.1386536493298,62,,
2019,12,29,7,0,38.6,-100,0,7.4,116,0,565,0,0,944,135,0.0718480546059782,48,,
2019,12,29,8,0,40.1,-97,1,6.7,148,608.72,716,144.84,0,943.7,34.9530335189659,0.395543039023469,35,,
2019,12,29,9,0,41.1,-92,0,6.2,139,847.89,871,392.61,0,943.2,23.2780827212026,0.761155632130325,21,,
2019,12,29,10,0,41.8,-81,3.1,5.9,216,951.8,834,637.29,0,942.8,21.6748576032319,1.29043640321781,8,,
2019,12,29,11,0,42.4,75,1.3,5.7,180,1007.34,892,851.35,0,942.3,25.4061894823665,2.15788729734433,6,,
2019,12,29,12,0,42.3,92,6,5.8,263,1039.05,695,1016.72,0,941.9,31.4085973189778,3.45552478306599,20,,
2019,12,29,13,0,42,96,34.4,6.2,405,1055.54,185,1119.98,0,941.6,354.381653272803,3.59144870713174,34,,
2019,12,29,14,0,42.1,100,49.5,6.4,345,1061.57,3,1154.11,0,941,116.411142303421,2.67789618413587,47,,
2019,12,29,15,0,42.2,104,51.1,6.5,231,1056.85,3,1115.22,0,940.6,186.574494617776,3.44443419216162,60,,
2019,12,29,16,0,41.8,109,62.5,6.8,88,1040.28,0,1006.33,0,940.7,202.171782406088,5.79549650939112,74,,
2019,12,29,17,0,40.9,114,31.7,7.1,26,1008.22,0,836.14,0,941,212.042891256951,6.56656124716855,86,,
2019,12,29,18,0,40,120,1.2,7.2,0,951.16,0,618.29,0,941.3,218.740631214235,8.13291436985003,98,,
2019,12,29,19,0,39.1,129,0,7.4,0,841.97,0,371.25,0,941.8,220.639599820042,6.28523473102546,110,,
2019,12,29,20,0,38.4,139,0,7.7,0,578.76,0,124.09,0,942.1,267.859568581137,7.03634332179384,120,,
2019,12,29,21,0,38,153,0,7.7,0,0,0,0,0,942,289.435128843997,6.19743927190734,127,,
2019,12,29,22,0,37.3,170,0,6.6,0,0,0,0,0,941.9,286.100316480989,8.16871976360168,132,,
2019,12,29,23,0,36,-172,0,4.8,0,0,0,0,0,942,282.712874714004,8.5019212645433,132,,
2019,12,30,0,0,34.7,-155,0,4.1,0,0,0,0,0,942.3,282.097906085349,8.34992068990126,128,,
2019,12,30,1,0,33.6,-140,0,4.2,0,0,0,0,0,942.9,292.459028943399,3.36486614549282,121,,
2019,12,30,2,0,32.6,-130,0,4.5,0,0,0,0,0,943.3,297.880228032347,3.95960275940529,111,,
2019,12,30,3,0,31.5,-121,0,5.3,0,0,0,0,0,943.9,312.273689006094,3.71651718682963,100,,
2019,12,30,4,0,30.9,-115,14.5,5.9,21,0,0,0,0,944.6,323.462980097744,3.35941329922758,88,,
2019,12,30,5,0,31.5,-109,22.7,5.9,110,0,65,0,0,944.8,334.358994175695,3.46635615596551,75,,
2019,12,30,6,0,32.9,-105,32.7,5.8,278,0,22,0,0,945.3,350.718036638322,3.8749320200639,62,,
2019,12,30,7,0,34.7,-100,34,5.4,402,0,50,0,0,945.8,343.316129792915,2.8708532947328,49,,
2019,12,30,8,0,36.5,-97,15.6,5,363,611.73,375,143.73,0,945.7,344.671276154079,2.64489640745058,35,,
2019,12,30,9,0,38.1,-92,0.1,4.8,147,855.26,864,393.54,0,945.2,344.671276154079,2.64489640745058,21,,
2019,12,30,10,0,39.4,-81,0,4.7,143,961.7,947,641.25,0,944.2,20.5050931277447,4.13712379940394,8,,
2019,12,30,11,0,40.2,74,0,4.5,142,1018.52,952,858.24,0,943.1,37.5572991968042,5.20344429053273,6,,
2019,12,30,12,0,40.8,92,0,4.7,137,1051.41,892,1026.53,0,942.6,40.8155938229183,4.16535562365642,20,,
2019,12,30,13,0,41.1,96,0,5,123,1069.13,777,1132.47,0,942.2,15.1704281467015,4.12019016291882,33,,
2019,12,30,14,0,41.5,100,0.5,5.1,120,1074.11,589,1166.42,0,941.9,0.333945152716524,4.70329687352215,47,,
2019,12,30,15,0,41.6,104,29.2,5.2,210,1068.51,147,1126.77,0,941.4,4.22662548888758,5.46002395315908,60,,
2019,12,30,16,0,41.4,109,15.9,5.1,120,1051.22,87,1016.63,0,941.2,79.8960571878445,13.2482270798455,73,,
2019,12,30,17,0,40.9,114,13.8,4.9,33,1019.02,3,845.16,0,941.4,92.7764090806051,14.4347057280941,86,,
2019,12,30,18,0,40,120,17.8,4.6,0,962.03,0,625.62,0,942,100.610586598038,10.3535723152843,98,,
2019,12,30,19,0,39,128,0.7,4.2,0,853.27,0,376.57,0,942.6,90.4363834467702,8.78242459127163,110,,
2019,12,30,20,0,38.1,139,0,4,0,590.44,0,126.84,0,943.1,76.5122723565918,9.40861802032894,120,,
2019,12,30,21,0,37,153,0.5,3.2,0,0,0,0,0,943.2,81.5166572967963,8.28250983032063,127,,
2019,12,30,22,0,35.7,170,34.1,1.5,0,0,0,0,0,943,78.7365020416586,8.67513163430387,132,,
2019,12,30,23,0,34.7,-172,28.3,0.6,0,0,0,0,0,942.8,100.596790053227,8.98957070810901,132,,
2019,12,31,0,0,33.5,-155,29.5,3.3,0,0,0,0,0,943,107.00925607142,8.33384504290839,128,,
2019,12,31,1,0,32.4,-141,26.1,5.4,0,0,0,0,0,943.1,87.2706637324075,6.13269266625481,121,,
2019,12,31,2,0,31.7,-130,27.8,4,0,0,0,0,0,943.3,70.9410083821468,6.11248142776029,111,,
2019,12,31,3,0,31,-121,34.5,2.3,0,0,0,0,0,943.8,70.9244173285888,4.97222945252121,100,,
2019,12,31,4,0,30.5,-115,3.9,1.2,17,0,14,0,0,944,66.284852001124,4.04038045507762,88,,
2019,12,31,5,0,31.4,-109,0,1.8,66,0,154,0,0,944.2,63.098373469228,3.867744994837,75,,
2019,12,31,6,0,32.9,-105,0.4,5.4,97,0,361,0,0,944.5,61.4712765984407,3.92588542179808,62,,
2019,12,31,7,0,34.3,-100,1.3,7.6,135,0,542,0,0,945,53.6156481841641,2.95010593030149,49,,
2019,12,31,8,0,35.8,-96,6.5,6.6,240,608.12,583,141.39,0,945,28.6792096726195,3.6465536426056,35,,
2019,12,31,9,0,37.3,-92,3,5.6,201,850.92,788,389.82,0,944.7,19.3739765294415,3.92124226614678,22,,
2019,12,31,10,0,38.6,-81,0.4,4.7,154,954.98,936,635.34,0,943.6,15.2116754752872,4.48120347003743,8,,
2019,12,31,11,0,39.7,72,4.4,4.2,244,1011.27,808,851.08,0,942.5,12.1743079427708,7.46465904217508,6,,
2019,12,31,12,0,40.7,91,11.7,4,350,1043.52,565,1018.28,0,941.6,22.8698333357451,9.26723658225385,20,,
2019,12,31,13,0,41.3,96,17.7,4,406,1060.51,334,1123.37,0,941.2,21.0806342020569,11.7509770611461,33,,
2019,12,31,14,0,41.7,100,10.3,4.2,260,1064.99,378,1157.09,0,940.9,27.8143476670674,9.54380481492056,47,,
2019,12,31,15,0,41.8,104,1.9,4.3,120,695.93,358,1006.13,0,940.2,75.0891067105583,11.1730098201171,60,,
2019,12,31,16,0,41.6,108,1.1,4.3,76,286.8,170,738.5,0,939.9,84.8197840067687,14.0144784745664,73,,
2019,12,31,17,0,40.9,114,14.6,4.3,28,535.57,15,723.83,0,940.2,108.289993082528,12.4244631248017,86,,
2019,12,31,18,0,40,120,0,4.6,0,426.55,0,519.58,0,940.7,117.670261692166,10.4490265104946,98,,
2019,12,31,19,0,39.3,128,0,4.8,0,315.8,0,295.43,0,941.3,88.2346971659364,7.96101652754104,110,,
2019,12,31,20,0,38.2,139,0,5.8,0,98.22,0,68,0,942,36.1720928420513,3.99115492629581,120,,
2019,12,31,21,0,36.7,153,0,7.8,0,0,0,0,0,942.3,20.4261297613617,5.09288107698021,127,,
2019,12,31,22,0,35.6,170,0,9.1,0,0,0,0,0,942.1,19.2305304654456,6.05999293035152,132,,
2019,12,31,23,0,34.6,-172,0,10.1,0,0,0,0,0,941.7,30.6355495084607,6.47755845208609,132,,
